0 -77 -85
1 -93 -93
2 -73 -81
3 -91 -92
4 -68 -73
5 -69 -69
6 -70 -73
7 -70 -77
8 -43 -43
9 -43 -59
10 -44 -54
11 -41 -42
12 -59 -60
13 -54 -55
14 -55 -55
15 -54 -61
16 -43 -43
17 -43 -63
18 -53 -53
19 -56 -64
20 -68 -68
21 -59 -70
22 -60 -64
23 -62 -67
24 -53 -53
25 -69 -70
26 -69 -70
27 -66 -75
28 -53 -62
29 -54 -54
30 -70 -70
31 -71 -71
32 -64 -65
33 -42 -58
34 -93 -93
35 -92 -93
36 -78 -85
37 -88 -90
38 -92 -92
39 -53 -66
40 -70 -70
41 -67 -74
42 -80 -84
43 -84 -88
44 -70 -70
45 -80 -87
46 -77 -85
47 -78 -85
48 -79 -86
49 -71 -72
50 -79 -81
51 -83 -83
52 -82 -83
53 -93 -93
54 -92 -92
55 -92 -92
56 -68 -71
57 -92 -92
58 -92 -93
59 -70 -80
60 -86 -88
61 -83 -83
62 -90 -91
63 -90 -91
64 -89 -89
65 -92 -93
66 -57 -57
67 -56 -56
68 -69 -70
69 -43 -68
70 -92 -93
71 -93 -93
72 -92 -92
73 -93 -93
74 -84 -88
75 -65 -66
76 -52 -70
77 -70 -70
78 -91 -91
79 -91 -92
80 -92 -93
81 -70 -71
82 -92 -92
83 -89 -89
84 -70 -70
85 -92 -93
86 -69 -78
87 -68 -74
88 -77 -77
89 -89 -89
90 -49 -55
91 -49 -49
92 -49 -49
93 -49 -50
94 -49 -61
95 -67 -68
96 -64 -64
97 -84 -88
98 -83 -87
99 -78 -85
100 -89 -91
101 -89 -89
102 -85 -89
103 -57 -57
104 -53 -56
105 -68 -69
106 -43 -43
107 -92 -92
108 -92 -93
109 -90 -91
110 -92 -92
111 -78 -86
112 -60 -60
113 -53 -70
114 -64 -75
115 -80 -86
116 -92 -93
117 -91 -92
118 -74 -74
119 -88 -90
120 -74 -76
121 -83 -88
