0.0 -77 -85
0.128 -93 -93
0.256 -73 -81
0.384 -91 -92
0.512 -68 -73
0.64 -69 -69
0.768 -70 -73
0.896 -70 -77
1.024 -43 -43
1.152 -43 -59
1.28 -44 -54
1.408 -41 -42
1.536 -59 -60
1.664 -54 -55
1.792 -55 -55
1.92 -54 -61
2.048 -43 -43
2.176 -43 -63
2.304 -53 -53
2.432 -56 -64
2.56 -68 -68
2.688 -59 -70
2.816 -60 -64
2.944 -62 -67
3.072 -53 -53
3.2 -69 -70
3.328 -69 -70
3.456 -66 -75
3.584 -53 -62
3.712 -54 -54
3.84 -70 -70
3.968 -71 -71
4.096 -64 -65
4.224 -42 -58
4.352 -93 -93
4.48 -92 -93
4.608 -78 -85
4.736 -88 -90
4.864 -92 -92
4.992 -53 -66
5.12 -70 -70
5.248 -67 -74
5.376 -80 -84
5.504 -84 -88
5.632 -70 -70
5.76 -80 -87
5.888 -77 -85
6.016 -78 -85
6.144 -79 -86
6.272 -71 -72
6.4 -79 -81
6.528 -83 -83
6.656 -82 -83
6.784 -93 -93
6.912 -92 -92
7.04 -92 -92
7.168 -68 -71
7.296 -92 -92
7.424 -92 -93
7.552 -70 -80
7.68 -86 -88
7.808 -83 -83
7.936 -90 -91
8.064 -90 -91
8.192 -89 -89
8.32 -92 -93
8.448 -57 -57
8.576 -56 -56
8.704 -69 -70
8.832 -43 -68
8.96 -92 -93
9.088 -93 -93
9.216 -92 -92
9.344 -93 -93
9.472 -84 -88
9.6 -65 -66
9.728 -52 -70
9.856 -70 -70
9.984 -91 -91
10.112 -91 -92
10.24 -92 -93
10.368 -70 -71
10.496 -92 -92
10.624 -89 -89
10.752 -70 -70
10.88 -92 -93
11.008 -69 -78
11.136 -68 -74
11.264 -77 -77
11.392 -89 -89
11.52 -49 -55
11.648 -49 -49
11.776 -49 -49
11.904 -49 -50
12.032 -49 -61
12.16 -67 -68
12.288 -64 -64
12.416 -84 -88
12.544 -83 -87
12.672 -78 -85
12.8 -89 -91
12.928 -89 -89
13.056 -85 -89
13.184 -57 -57
13.312 -53 -56
13.44 -68 -69
13.568 -43 -43
13.696 -92 -92
13.824 -92 -93
13.952 -90 -91
14.08 -92 -92
14.208 -78 -86
14.336 -60 -60
14.464 -53 -70
14.592 -64 -75
14.72 -80 -86
14.848 -92 -93
14.976 -91 -92
15.104 -74 -74
15.232 -88 -90
15.36 -74 -76
15.488 -83 -88
