0 -69 -69
1 -92 -92
2 -65 -77
3 -85 -89
4 -81 -82
5 -76 -84
6 -91 -92
7 -92 -92
8 -86 -89
9 -92 -92
10 -58 -58
11 -57 -59
12 -44 -44
13 -43 -58
14 -62 -63
15 -62 -63
16 -69 -70
17 -69 -71
18 -76 -76
19 -68 -70
20 -52 -53
21 -72 -72
22 -91 -91
23 -77 -85
24 -92 -93
25 -75 -84
26 -92 -92
27 -89 -91
28 -85 -88
29 -92 -92
30 -66 -66
31 -79 -79
32 -81 -83
33 -89 -91
34 -92 -93
35 -93 -93
36 -93 -93
37 -68 -69
38 -88 -89
39 -85 -87
40 -86 -88
41 -82 -83
42 -88 -88
43 -88 -88
44 -69 -80
45 -89 -89
46 -92 -93
47 -91 -91
48 -56 -59
49 -60 -65
50 -65 -72
51 -62 -66
52 -64 -71
53 -69 -75
54 -73 -83
55 -43 -63
56 -53 -53
57 -58 -60
58 -58 -62
59 -52 -53
60 -76 -77
61 -89 -91
62 -76 -77
63 -92 -92
64 -89 -91
65 -90 -91
66 -92 -92
67 -72 -81
68 -78 -79
69 -81 -87
70 -78 -83
71 -92 -92
72 -78 -86
73 -93 -93
74 -76 -76
75 -77 -78
76 -68 -68
77 -66 -66
78 -68 -72
79 -76 -77
80 -76 -76
81 -83 -83
82 -77 -78
83 -76 -76
84 -76 -76
85 -76 -82
86 -72 -72
87 -42 -49
88 -46 -46
89 -50 -52
90 -56 -58
91 -56 -58
92 -57 -57
93 -56 -56
94 -52 -52
95 -72 -73
96 -90 -90
97 -76 -85
98 -92 -92
99 -72 -72
100 -92 -93
101 -89 -91
102 -86 -89
103 -78 -86
104 -72 -79
105 -64 -65
106 -64 -64
107 -65 -65
108 -65 -65
109 -72 -77
110 -82 -82
111 -69 -69
112 -72 -83
113 -88 -89
114 -66 -79
115 -89 -89
116 -92 -92
117 -79 -84
118 -76 -77
119 -83 -86
120 -79 -78
