0.0 -69 -69
0.128 -92 -92
0.256 -65 -77
0.384 -85 -89
0.512 -81 -82
0.64 -76 -84
0.768 -91 -92
0.896 -92 -92
1.024 -86 -89
1.152 -92 -92
1.28 -58 -58
1.408 -57 -59
1.536 -44 -44
1.664 -43 -58
1.792 -62 -63
1.92 -62 -63
2.048 -69 -70
2.176 -69 -71
2.304 -76 -76
2.432 -68 -70
2.56 -52 -53
2.688 -72 -72
2.816 -91 -91
2.944 -77 -85
3.072 -92 -93
3.2 -75 -84
3.328 -92 -92
3.456 -89 -91
3.584 -85 -88
3.712 -92 -92
3.84 -66 -66
3.968 -79 -79
4.096 -81 -83
4.224 -89 -91
4.352 -92 -93
4.48 -93 -93
4.608 -93 -93
4.736 -68 -69
4.864 -88 -89
4.992 -85 -87
5.12 -86 -88
5.248 -82 -83
5.376 -88 -88
5.504 -88 -88
5.632 -69 -80
5.76 -89 -89
5.888 -92 -93
6.016 -91 -91
6.144 -56 -59
6.272 -60 -65
6.4 -65 -72
6.528 -62 -66
6.656 -64 -71
6.784 -69 -75
6.912 -73 -83
7.04 -43 -63
7.168 -53 -53
7.296 -58 -60
7.424 -58 -62
7.552 -52 -53
7.68 -76 -77
7.808 -89 -91
7.936 -76 -77
8.064 -92 -92
8.192 -89 -91
8.32 -90 -91
8.448 -92 -92
8.576 -72 -81
8.704 -78 -79
8.832 -81 -87
8.96 -78 -83
9.088 -92 -92
9.216 -78 -86
9.344 -93 -93
9.472 -76 -76
9.6 -77 -78
9.728 -68 -68
9.856 -66 -66
9.984 -68 -72
10.112 -76 -77
10.24 -76 -76
10.368 -83 -83
10.496 -77 -78
10.624 -76 -76
10.752 -76 -76
10.88 -76 -82
11.008 -72 -72
11.136 -42 -49
11.264 -46 -46
11.392 -50 -52
11.52 -56 -58
11.648 -56 -58
11.776 -57 -57
11.904 -56 -56
12.032 -52 -52
12.16 -72 -73
12.288 -90 -90
12.416 -76 -85
12.544 -92 -92
12.672 -72 -72
12.8 -92 -93
12.928 -89 -91
13.056 -86 -89
13.184 -78 -86
13.312 -72 -79
13.44 -64 -65
13.568 -64 -64
13.696 -65 -65
13.824 -65 -65
13.952 -72 -77
14.08 -82 -82
14.208 -69 -69
14.336 -72 -83
14.464 -88 -89
14.592 -66 -79
14.72 -89 -89
14.848 -92 -92
14.976 -79 -84
15.104 -76 -77
15.232 -83 -86
15.36 -79 -78
