00 FF FF 00 10 0D 22 93 00 00 01 00 00 10 02 65 0D 00 00 0B 49 
00 FF FF 00 10 0D 22 93 00 00 01 00 00 10 02 66 0D 00 00 08 DF 
00 FF FF 00 10 0D 22 93 00 00 01 00 00 10 02 67 0D 00 00 12 67 
00 FF FF 00 10 0D 22 93 00 00 01 00 00 10 02 68 0D 00 00 13 08 
00 FF FF 00 10 0D 22 93 00 00 01 00 00 10 02 69 0D 00 00 24 B9 
00 FF FF 00 10 0D 22 93 00 00 01 00 00 10 02 6A 0D 00 00 14 82 
00 FF FF 00 10 0D 22 93 00 00 01 00 00 10 02 6B 0D 00 00 33 54 
00 FF FF 00 10 0D 22 93 00 00 01 00 00 10 02 6C 0D 00 00 0B BC 
00 FF FF 00 10 0D 22 93 00 00 01 00 00 10 02 6D 0D 00 00 26 D6 
00 FF FF 00 10 0D 22 93 00 00 01 00 00 10 02 6E 0D 00 00 0D F9 
00 FF FF 00 10 0D 22 93 00 00 01 00 00 10 02 6F 0D 00 00 17 75 
00 FF FF 00 10 0D 22 93 00 00 01 00 00 10 02 70 0D 00 00 0F 65 
00 FF FF 00 10 0D 22 93 00 00 01 00 00 10 02 71 0D 00 00 0E AB 
00 FF FF 00 10 0D 22 93 00 00 01 00 00 10 02 72 0D 00 00 2B 65 
00 FF FF 00 10 0D 22 93 00 00 01 00 00 10 02 73 0D 00 00 0A 09 
00 FF FF 00 10 0D 22 93 00 00 01 00 00 10 02 74 0D 00 00 2E 54 
00 FF FF 00 10 0D 22 93 00 00 01 00 00 10 02 75 0D 00 00 0D B0 
00 FF FF 00 10 0D 22 93 00 00 01 00 00 10 02 76 0D 00 00 18 DC 
00 FF FF 00 10 0D 22 93 00 00 01 00 00 10 02 77 0D 00 00 0C 71 
00 FF FF 00 10 0D 22 93 00 00 01 00 00 10 02 78 0D 00 00 19 6D 
00 FF FF 00 10 0D 22 93 00 00 01 00 00 10 02 79 0D 00 00 13 2D 
00 FF FF 00 10 0D 22 93 00 00 01 00 00 10 02 7A 0D 00 00 0D A6 
00 FF FF 00 10 0D 22 93 00 00 01 00 00 10 02 7B 0D 00 00 11 CA 
00 FF FF 00 10 0D 22 93 00 00 01 00 00 10 02 7C 0D 00 00 10 3A 
00 FF FF 00 10 0D 22 93 00 00 01 00 00 10 02 7D 0D 00 00 24 B2 
00 FF FF 00 10 0D 22 93 00 00 01 00 00 10 02 7E 0D 00 00 0D D7 
00 FF FF 00 10 0D 22 93 00 00 01 00 00 10 02 7F 0D 00 00 1A 6D 
00 FF FF 00 10 0D 22 93 00 00 01 00 00 10 02 80 0D 00 00 0F 05 
00 FF FF 00 10 0D 22 93 00 00 01 00 00 10 02 81 0D 00 00 22 DD 
00 FF FF 00 10 0D 22 93 00 00 01 00 00 10 02 82 0D 00 00 2A E4 
00 FF FF 00 10 0D 22 93 00 00 01 00 00 10 02 83 0D 00 00 17 6D 
00 FF FF 00 10 0D 22 93 00 00 01 00 00 10 02 84 0D 00 00 10 9E 
00 FF FF 00 10 0D 22 93 00 00 01 00 00 10 02 85 0D 00 00 08 B8 
00 FF FF 00 10 0D 22 93 00 00 01 00 00 10 02 86 0D 00 00 15 9F 
00 FF FF 00 10 0D 22 93 00 00 01 00 00 10 02 87 0D 00 00 0D EA 
00 FF FF 00 10 0D 22 93 00 00 01 00 00 10 02 88 0D 00 00 0D 89 
00 FF FF 00 10 0D 22 93 00 00 01 00 00 10 02 89 0D 00 00 17 66 
00 FF FF 00 10 0D 22 93 00 00 01 00 00 10 02 8A 0D 00 00 15 06 
00 FF FF 00 10 0D 22 93 00 00 01 00 00 10 02 8B 0D 00 00 27 F8 
00 FF FF 00 10 0D 22 93 00 00 01 00 00 10 02 8C 0D 00 00 14 CA 
00 FF FF 00 10 0D 22 93 00 00 01 00 00 10 02 8D 0D 00 00 1D C6 
00 FF FF 00 10 0D 22 93 00 00 01 00 00 10 02 8E 0D 00 00 0E 9C 
00 FF FF 00 10 0D 22 93 00 00 01 00 00 10 02 8F 0D 00 00 12 A6 
00 FF FF 00 10 0D 22 93 00 00 01 00 00 10 02 90 0D 00 00 13 F7 
00 FF FF 00 10 0D 22 93 00 00 01 00 00 10 02 91 0D 00 00 0E 8C 
00 FF FF 00 10 0D 22 93 00 00 01 00 00 10 02 92 0D 00 00 0E 87 
00 FF FF 00 10 0D 22 93 00 00 01 00 00 10 02 93 0D 00 00 16 3A 
00 FF FF 00 10 0D 22 93 00 00 01 00 00 10 02 94 0D 00 00 2E D4 
00 FF FF 00 10 0D 22 93 00 00 01 00 00 10 02 95 0D 00 00 0B BF 
00 FF FF 00 10 0D 22 93 00 00 01 00 00 10 02 96 0D 00 00 1C C2 
00 FF FF 00 10 0D 22 93 00 00 01 00 00 10 02 97 0D 00 00 1E 83 
00 FF FF 00 10 0D 22 93 00 00 01 00 00 10 02 98 0D 00 00 19 4F 
00 FF FF 00 10 0D 22 93 00 00 01 00 00 10 02 99 0D 00 00 1C 42 
00 FF FF 00 10 0D 22 93 00 00 01 00 00 10 02 9A 0D 00 00 0F 9D 
00 FF FF 00 10 0D 22 93 00 00 01 00 00 10 02 9B 0D 00 00 12 56 
00 FF FF 00 10 0D 22 93 00 00 01 00 00 10 02 9C 0D 00 00 0E CF 
00 FF FF 00 10 0D 22 93 00 00 01 00 00 10 02 9D 0D 00 00 11 8C 
00 FF FF 00 10 0D 22 93 00 00 01 00 00 10 02 9E 0D 00 00 11 63 
00 FF FF 00 10 0D 22 93 00 00 01 00 00 10 02 9F 0D 00 00 2E C2 
00 FF FF 00 10 0D 22 93 00 00 01 00 00 10 02 A0 0D 00 00 0E 74 
00 FF FF 00 10 0D 22 93 00 00 01 00 00 10 02 A1 0D 00 00 14 4F 
00 FF FF 00 10 0D 22 93 00 00 01 00 00 10 02 A2 0D 00 00 0D 43 
00 FF FF 00 10 0D 22 93 00 00 01 00 00 10 02 A3 0D 00 00 23 59 
00 FF FF 00 10 0D 22 93 00 00 01 00 00 10 02 A4 0D 00 00 1C D9 
00 FF FF 00 10 0D 22 93 00 00 01 00 00 10 02 A5 0D 00 00 0D B5 
00 FF FF 00 10 0D 22 93 00 00 01 00 00 10 02 A6 0D 00 00 1B 6B 
00 FF FF 00 10 0D 22 93 00 00 01 00 00 10 02 A7 0D 00 00 0B 5A 
00 FF FF 00 10 0D 22 93 00 00 01 00 00 10 02 A8 0D 00 00 10 CE 
00 FF FF 00 10 0D 22 93 00 00 01 00 00 10 02 A9 0D 00 00 0E A3 
00 FF FF 00 10 0D 22 93 00 00 01 00 00 10 02 AA 0D 00 00 10 78 
00 FF FF 00 10 0D 22 93 00 00 01 00 00 10 02 AB 0D 00 00 10 2F 
00 FF FF 00 10 0D 22 93 00 00 01 00 00 10 02 AC 0D 00 00 20 A2 
00 FF FF 00 10 0D 22 93 00 00 01 00 00 10 02 AD 0D 00 00 2D FD 
00 FF FF 00 10 0D 22 93 00 00 01 00 00 10 02 AE 0D 00 00 14 1C 
00 FF FF 00 10 0D 22 93 00 00 01 00 00 10 02 AF 0D 00 00 1D 96 
00 FF FF 00 10 0D 22 93 00 00 01 00 00 10 02 B0 0D 00 00 0D 32 
00 FF FF 00 10 0D 22 93 00 00 01 00 00 10 02 B1 0D 00 00 16 A2 
00 FF FF 00 10 0D 22 93 00 00 01 00 00 10 02 B2 0D 00 00 14 31 
00 FF FF 00 10 0D 22 93 00 00 01 00 00 10 02 B3 0D 00 00 18 68 
00 FF FF 00 10 0D 22 93 00 00 01 00 00 10 02 B4 0D 00 00 13 D6 
00 FF FF 00 10 0D 22 93 00 00 01 00 00 10 02 B5 0D 00 00 0D 8E 
00 FF FF 00 10 0D 22 93 00 00 01 00 00 10 02 B6 0D 00 00 15 FD 
00 FF FF 00 10 0D 22 93 00 00 01 00 00 10 02 B7 0D 00 00 14 01 
00 FF FF 00 10 0D 22 93 00 00 01 00 00 10 02 B8 0D 00 00 11 AA 
00 FF FF 00 10 0D 22 93 00 00 01 00 00 10 02 B9 0D 00 00 0C 8D 
00 FF FF 00 10 0D 22 93 00 00 01 00 00 10 02 BA 0D 00 00 15 DE 
00 FF FF 00 10 0D 22 93 00 00 01 00 00 10 02 BB 0D 00 00 10 9A 
00 FF FF 00 10 0D 22 93 00 00 01 00 00 10 02 BC 0D 00 00 0A FC 
00 FF FF 00 10 0D 22 93 00 00 01 00 00 10 02 BD 0D 00 00 38 59 
00 FF FF 00 10 0D 22 93 00 00 01 00 00 10 02 BE 0D 00 00 18 FB 
00 FF FF 00 10 0D 22 93 00 00 01 00 00 10 02 BF 0D 00 00 37 82 
00 FF FF 00 10 0D 22 93 00 00 01 00 00 10 02 C0 0D 00 00 0D B9 
00 FF FF 00 10 0D 22 93 00 00 01 00 00 10 02 C1 0D 00 00 21 A6 
00 FF FF 00 10 0D 22 93 00 00 01 00 00 10 02 C2 0D 00 00 0B A7 
00 FF FF 00 10 0D 22 93 00 00 01 00 00 10 02 C3 0D 00 00 13 09 
00 FF FF 00 10 0D 22 93 00 00 01 00 00 10 02 C4 0D 00 00 1A 62 
00 FF FF 00 10 0D 22 93 00 00 01 00 00 10 02 C5 0D 00 00 13 0B 
00 FF FF 00 10 0D 22 93 00 00 01 00 00 10 02 C6 0D 00 00 23 E5 
00 FF FF 00 10 0D 22 93 00 00 01 00 00 10 02 C7 0D 00 00 08 00 
00 FF FF 00 10 0D 22 93 00 00 01 00 00 10 02 C8 0D 00 00 0C 56 
00 FF FF 00 10 0D 22 93 00 00 01 00 00 10 02 C9 0D 00 00 12 0A 
00 FF FF 00 10 0D 22 93 00 00 01 00 00 10 02 CA 0D 00 00 16 F2 
00 FF FF 00 10 0D 22 93 00 00 01 00 00 10 02 CB 0D 00 00 0F 9F 
00 FF FF 00 10 0D 22 93 00 00 01 00 00 10 02 CC 0D 00 00 15 95 
00 FF FF 00 10 0D 22 93 00 00 01 00 00 10 02 CD 0D 00 00 0E 71 
00 FF FF 00 10 0D 22 93 00 00 01 00 00 10 02 CE 0D 00 00 1F CC 
00 FF FF 00 10 0D 22 93 00 00 01 00 00 10 02 CF 0D 00 00 24 CF 
00 FF FF 00 10 0D 22 93 00 00 01 00 00 10 02 D0 0D 00 00 10 4E 
00 FF FF 00 10 0D 22 93 00 00 01 00 00 10 02 D1 0D 00 00 1F C2 
00 FF FF 00 10 0D 22 93 00 00 01 00 00 10 02 D2 0D 00 00 0F A9 
00 FF FF 00 10 0D 22 93 00 00 01 00 00 10 02 D3 0D 00 00 16 2B 
00 FF FF 00 10 0D 22 93 00 00 01 00 00 10 02 D4 0D 00 00 0E 06 
00 FF FF 00 10 0D 22 93 00 00 01 00 00 10 02 D5 0D 00 00 18 46 
00 FF FF 00 10 0D 22 93 00 00 01 00 00 10 02 D6 0D 00 00 0F D9 
00 FF FF 00 10 0D 22 93 00 00 01 00 00 10 02 D7 0D 00 00 1D 26 
00 FF FF 00 10 0D 22 93 00 00 01 00 00 10 02 D8 0D 00 00 34 22 
00 FF FF 00 10 0D 22 93 00 00 01 00 00 10 02 D9 0D 00 00 16 D2 
00 FF FF 00 10 0D 22 93 00 00 01 00 00 10 02 DA 0D 00 00 24 19 
00 FF FF 00 10 0D 22 93 00 00 01 00 00 10 02 DB 0D 00 00 0B A7 
00 FF FF 00 10 0D 22 93 00 00 01 00 00 10 02 DC 0D 00 00 19 21 
00 FF FF 00 10 0D 22 93 00 00 01 00 00 10 02 DD 0D 00 00 1C E6 
00 FF FF 00 10 0D 22 93 00 00 01 00 00 10 02 DE 0D 00 00 28 7A 
00 FF FF 00 10 0D 22 93 00 00 01 00 00 10 02 DF 0D 00 00 2B DE 
00 FF FF 00 10 0D 22 93 00 00 01 00 00 10 02 E0 0D 00 00 1A 69 
00 FF FF 00 10 0D 22 93 00 00 01 00 00 10 02 E1 0D 00 00 3C 14 
00 FF FF 00 10 0D 22 93 00 00 01 00 00 10 02 E2 0D 00 00 0F 74 
00 FF FF 00 10 0D 22 93 00 00 01 00 00 10 02 E3 0D 00 00 0F DF 
00 FF FF 00 10 0D 22 93 00 00 01 00 00 10 02 E4 0D 00 00 0E 4D 
00 FF FF 00 10 0D 22 93 00 00 01 00 00 10 02 E5 0D 00 00 16 91 
00 FF FF 00 10 0D 22 93 00 00 01 00 00 10 02 E6 0D 00 00 13 30 
00 FF FF 00 10 0D 22 93 00 00 01 00 00 10 02 E7 0D 00 00 18 E9 
00 FF FF 00 10 0D 22 93 00 00 01 00 00 10 02 E8 0D 00 00 1D 67 
00 FF FF 00 10 0D 22 93 00 00 01 00 00 10 02 E9 0D 00 00 16 72 
00 FF FF 00 10 0D 22 93 00 00 01 00 00 10 02 EA 0D 00 00 11 1F 
00 FF FF 00 10 0D 22 93 00 00 01 00 00 10 02 EB 0D 00 00 0A 6A 
00 FF FF 00 10 0D 22 93 00 00 01 00 00 10 02 EC 0D 00 00 11 8F 
00 FF FF 00 10 0D 22 93 00 00 01 00 00 10 02 ED 0D 00 00 1B C3 
00 FF FF 00 10 0D 22 93 00 00 01 00 00 10 02 EE 0D 00 00 10 E2 
00 FF FF 00 10 0D 22 93 00 00 01 00 00 10 02 EF 0D 00 00 10 3A 
00 FF FF 00 10 0D 22 93 00 00 01 00 00 10 02 F0 0D 00 00 0C B1 
00 FF FF 00 10 0D 22 93 00 00 01 00 00 10 02 F1 0D 00 00 1F 99 
00 FF FF 00 10 0D 22 93 00 00 01 00 00 10 02 F2 0D 00 00 13 C9 
00 FF FF 00 10 0D 22 93 00 00 01 00 00 10 02 F3 0D 00 00 1F EE 
00 FF FF 00 10 0D 22 93 00 00 01 00 00 10 02 F4 0D 00 00 0F 09 
00 FF FF 00 10 0D 22 93 00 00 01 00 00 10 02 F5 0D 00 00 13 5B 
00 FF FF 00 10 0D 22 93 00 00 01 00 00 10 02 F6 0D 00 00 0B 12 
00 FF FF 00 10 0D 22 93 00 00 01 00 00 10 02 F7 0D 00 00 14 8C 
00 FF FF 00 10 0D 22 93 00 00 01 00 00 10 02 F8 0D 00 00 10 63 
00 FF FF 00 10 0D 22 93 00 00 01 00 00 10 02 F9 0D 00 00 1D 16 
00 FF FF 00 10 0D 22 93 00 00 01 00 00 10 02 FA 0D 00 00 13 DA 
00 FF FF 00 10 0D 22 93 00 00 01 00 00 10 02 FB 0D 00 00 0D 38 
00 FF FF 00 10 0D 22 93 00 00 01 00 00 10 02 FC 0D 00 00 12 CA 
00 FF FF 00 10 0D 22 93 00 00 01 00 00 10 02 FD 0D 00 00 0A D7 
00 FF FF 00 10 0D 22 93 00 00 01 00 00 10 02 FE 0D 00 00 2A 11 
00 FF FF 00 10 0D 22 93 00 00 01 00 00 10 02 FF 0D 00 00 10 46 
00 FF FF 00 10 0D 22 93 00 00 01 00 00 10 03 00 0D 00 00 1B AE 
00 FF FF 00 10 0D 22 93 00 00 01 00 00 10 03 01 0D 00 00 0D 83 
00 FF FF 00 10 0D 22 93 00 00 01 00 00 10 03 02 0D 00 00 0D 61 
00 FF FF 00 10 0D 22 93 00 00 01 00 00 10 03 03 0D 00 00 1A B1 
00 FF FF 00 10 0D 22 93 00 00 01 00 00 10 03 04 0D 00 00 0B E0 
00 FF FF 00 10 0D 22 93 00 00 01 00 00 10 03 05 0D 00 00 21 42 
00 FF FF 00 10 0D 22 93 00 00 01 00 00 10 03 06 0D 00 00 10 8A 
00 FF FF 00 10 0D 22 93 00 00 01 00 00 10 03 07 0D 00 00 31 34 
00 FF FF 00 10 0D 22 93 00 00 01 00 00 10 03 08 0D 00 00 0F 7C 
00 FF FF 00 10 0D 22 93 00 00 01 00 00 10 03 09 0D 00 00 17 76 
00 FF FF 00 10 0D 22 93 00 00 01 00 00 10 03 0A 0D 00 00 0E 13 
00 FF FF 00 10 0D 22 93 00 00 01 00 00 10 03 0B 0D 00 00 18 F5 
00 FF FF 00 10 0D 22 93 00 00 01 00 00 10 03 0C 0D 00 00 11 49 
00 FF FF 00 10 0D 22 93 00 00 01 00 00 10 03 0D 0D 00 00 1A D5 
00 FF FF 00 10 0D 22 93 00 00 01 00 00 10 03 0E 0D 00 00 13 19 
00 FF FF 00 10 0D 22 93 00 00 01 00 00 10 03 0F 0D 00 00 0D FF 
00 FF FF 00 10 0D 22 93 00 00 01 00 00 10 03 10 0D 00 00 10 72 
00 FF FF 00 10 0D 22 93 00 00 01 00 00 10 03 11 0D 00 00 1A 73 
00 FF FF 00 10 0D 22 93 00 00 01 00 00 10 03 12 0D 00 00 15 C4 
00 FF FF 00 10 0D 22 93 00 00 01 00 00 10 03 13 0D 00 00 0F 8E 
00 FF FF 00 10 0D 22 93 00 00 01 00 00 10 03 14 0D 00 00 0F 0B 
00 FF FF 00 10 0D 22 93 00 00 01 00 00 10 03 15 0D 00 00 3A 34 
00 FF FF 00 10 0D 22 93 00 00 01 00 00 10 03 16 0D 00 00 09 01 
00 FF FF 00 10 0D 22 93 00 00 01 00 00 10 03 17 0D 00 00 15 3A 
00 FF FF 00 10 0D 22 93 00 00 01 00 00 10 03 18 0D 00 00 0E 07 
00 FF FF 00 10 0D 22 93 00 00 01 00 00 10 03 19 0D 00 00 07 E9 
00 FF FF 00 10 0D 22 93 00 00 01 00 00 10 03 1A 0D 00 00 0A BA 
00 FF FF 00 10 0D 22 93 00 00 01 00 00 10 03 1B 0D 00 00 12 36 
00 FF FF 00 10 0D 22 93 00 00 01 00 00 10 03 1C 0D 00 00 23 6A 
00 FF FF 00 10 0D 22 93 00 00 01 00 00 10 03 1D 0D 00 00 0C FA 
00 FF FF 00 10 0D 22 93 00 00 01 00 00 10 03 1E 0D 00 00 33 54 
00 FF FF 00 10 0D 22 93 00 00 01 00 00 10 03 1F 0D 00 00 0E D3 
00 FF FF 00 10 0D 22 93 00 00 01 00 00 10 03 20 0D 00 00 15 32 
00 FF FF 00 10 0D 22 93 00 00 01 00 00 10 03 21 0D 00 00 0E AF 
00 FF FF 00 10 0D 22 93 00 00 01 00 00 10 03 22 0D 00 00 0D F5 
00 FF FF 00 10 0D 22 93 00 00 01 00 00 10 03 23 0D 00 00 1B 1F 
00 FF FF 00 10 0D 22 93 00 00 01 00 00 10 03 24 0D 00 00 15 A9 
00 FF FF 00 10 0D 22 93 00 00 01 00 00 10 03 25 0D 00 00 36 78 
00 FF FF 00 10 0D 22 93 00 00 01 00 00 10 03 26 0D 00 00 12 BD 
00 FF FF 00 10 0D 22 93 00 00 01 00 00 10 03 27 0D 00 00 1C 2E 
00 FF FF 00 10 0D 22 93 00 00 01 00 00 10 03 28 0D 00 00 09 5C 
00 FF FF 00 10 0D 22 93 00 00 01 00 00 10 03 29 0D 00 00 18 93 
00 FF FF 00 10 0D 22 93 00 00 01 00 00 10 03 2A 0D 00 00 16 E8 
00 FF FF 00 10 0D 22 93 00 00 01 00 00 10 03 2B 0D 00 00 18 1A 
00 FF FF 00 10 0D 22 93 00 00 01 00 00 10 03 2C 0D 00 00 11 DD 
00 FF FF 00 10 0D 22 93 00 00 01 00 00 10 03 2D 0D 00 00 0E 2F 
00 FF FF 00 10 0D 22 93 00 00 01 00 00 10 03 2E 0D 00 00 1C FE 
00 FF FF 00 10 0D 22 93 00 00 01 00 00 10 03 2F 0D 00 00 0A 20 
00 FF FF 00 10 0D 22 93 00 00 01 00 00 10 03 30 0D 00 00 10 C6 
00 FF FF 00 10 0D 22 93 00 00 01 00 00 10 03 31 0D 00 00 0C 25 
00 FF FF 00 10 0D 22 93 00 00 01 00 00 10 03 32 0D 00 00 23 57 
00 FF FF 00 10 0D 22 93 00 00 01 00 00 10 03 33 0D 00 00 0C CE 
00 FF FF 00 10 0D 22 93 00 00 01 00 00 10 03 34 0D 00 00 0C 4D 
00 FF FF 00 10 0D 22 93 00 00 01 00 00 10 03 35 0D 00 00 10 BA 
00 FF FF 00 10 0D 22 93 00 00 01 00 00 10 03 36 0D 00 00 0C 75 
00 FF FF 00 10 0D 22 93 00 00 01 00 00 10 03 37 0D 00 00 11 B2 
00 FF FF 00 10 0D 22 93 00 00 01 00 00 10 03 38 0D 00 00 0A B6 
00 FF FF 00 10 0D 22 93 00 00 01 00 00 10 03 39 0D 00 00 12 CA 
00 FF FF 00 10 0D 22 93 00 00 01 00 00 10 03 3A 0D 00 00 0E 6B 
00 FF FF 00 10 0D 22 93 00 00 01 00 00 10 03 3B 0D 00 00 10 3C 
00 FF FF 00 10 0D 22 93 00 00 01 00 00 10 03 3C 0D 00 00 11 38 
00 FF FF 00 10 0D 22 93 00 00 01 00 00 10 03 3D 0D 00 00 0D 1D 
00 FF FF 00 10 0D 22 93 00 00 01 00 00 10 03 3E 0D 00 00 13 A6 
00 FF FF 00 10 0D 22 93 00 00 01 00 00 10 03 3F 0D 00 00 0B FF 
00 FF FF 00 10 0D 22 93 00 00 01 00 00 10 03 40 0D 00 00 21 4A 
00 FF FF 00 10 0D 22 93 00 00 01 00 00 10 03 41 0D 00 00 0C E5 
00 FF FF 00 10 0D 22 93 00 00 01 00 00 10 03 42 0D 00 00 15 19 
00 FF FF 00 10 0D 22 93 00 00 01 00 00 10 03 43 0D 00 00 0B 65 
00 FF FF 00 10 0D 22 93 00 00 01 00 00 10 03 44 0D 00 00 17 EC 
00 FF FF 00 10 0D 22 93 00 00 01 00 00 10 03 45 0D 00 00 1B 69 
00 FF FF 00 10 0D 22 93 00 00 01 00 00 10 03 46 0D 00 00 16 4E 
00 FF FF 00 10 0D 22 93 00 00 01 00 00 10 03 47 0D 00 00 23 17 
00 FF FF 00 10 0D 22 93 00 00 01 00 00 10 03 48 0D 00 00 10 3C 
00 FF FF 00 10 0D 22 93 00 00 01 00 00 10 03 49 0D 00 00 32 25 
00 FF FF 00 10 0D 22 93 00 00 01 00 00 10 03 4A 0D 00 00 0E 10 
00 FF FF 00 10 0D 22 93 00 00 01 00 00 10 03 4B 0D 00 00 18 07 
00 FF FF 00 10 0D 22 93 00 00 01 00 00 10 03 4C 0D 00 00 0E 16 
00 FF FF 00 10 0D 22 93 00 00 01 00 00 10 03 4D 0D 00 00 16 85 
00 FF FF 00 10 0D 22 93 00 00 01 00 00 10 03 4E 0D 00 00 21 D7 
00 FF FF 00 10 0D 22 93 00 00 01 00 00 10 03 4F 0D 00 00 16 4F 
00 FF FF 00 10 0D 22 93 00 00 01 00 00 10 03 50 0D 00 00 1A 32 
00 FF FF 00 10 0D 22 93 00 00 01 00 00 10 03 51 0D 00 00 11 35 
00 FF FF 00 10 0D 22 93 00 00 01 00 00 10 03 52 0D 00 00 17 E7 
00 FF FF 00 10 0D 22 93 00 00 01 00 00 10 03 53 0D 00 00 11 63 
00 FF FF 00 10 0D 22 93 00 00 01 00 00 10 03 54 0D 00 00 23 35 
00 FF FF 00 10 0D 22 93 00 00 01 00 00 10 03 55 0D 00 00 19 01 
00 FF FF 00 10 0D 22 93 00 00 01 00 00 10 03 56 0D 00 00 0C 5B 
00 FF FF 00 10 0D 22 93 00 00 01 00 00 10 03 57 0D 00 00 0D ED 
00 FF FF 00 10 0D 22 93 00 00 01 00 00 10 03 58 0D 00 00 0E 10 
00 FF FF 00 10 0D 22 93 00 00 01 00 00 10 03 59 0D 00 00 1A 36 
00 FF FF 00 10 0D 22 93 00 00 01 00 00 10 03 5A 0D 00 00 0A FE 
00 FF FF 00 10 0D 22 93 00 00 01 00 00 10 03 5B 0D 00 00 1D 29 
00 FF FF 00 10 0D 22 93 00 00 01 00 00 10 03 5C 0D 00 00 14 CD 
00 FF FF 00 10 0D 22 93 00 00 01 00 00 10 03 5D 0D 00 00 1F 9D 
00 FF FF 00 10 0D 22 93 00 00 01 00 00 10 03 5E 0D 00 00 1D 8C 
00 FF FF 00 10 0D 22 93 00 00 01 00 00 10 03 5F 0D 00 00 1E 55 
00 FF FF 00 10 0D 22 93 00 00 01 00 00 10 03 60 0D 00 00 2A 53 
00 FF FF 00 10 0D 22 93 00 00 01 00 00 10 03 61 0D 00 00 0E 0C 
00 FF FF 00 10 0D 22 93 00 00 01 00 00 10 03 62 0D 00 00 2E D4 
00 FF FF 00 10 0D 22 93 00 00 01 00 00 10 03 63 0D 00 00 11 4E 
00 FF FF 00 10 0D 22 93 00 00 01 00 00 10 03 64 0D 00 00 15 6A 
00 FF FF 00 10 0D 22 93 00 00 01 00 00 10 03 65 0D 00 00 1B 9E 
00 FF FF 00 10 0D 22 93 00 00 01 00 00 10 03 66 0D 00 00 18 9E 
00 FF FF 00 10 0D 22 93 00 00 01 00 00 10 03 67 0D 00 00 0E D8 
00 FF FF 00 10 0D 22 93 00 00 01 00 00 10 03 68 0D 00 00 10 43 
00 FF FF 00 10 0D 22 93 00 00 01 00 00 10 03 69 0D 00 00 13 D3 
00 FF FF 00 10 0D 22 93 00 00 01 00 00 10 03 6A 0D 00 00 17 58 
00 FF FF 00 10 0D 22 93 00 00 01 00 00 10 03 6B 0D 00 00 0B 09 
00 FF FF 00 10 0D 22 93 00 00 01 00 00 10 03 6C 0D 00 00 35 83 
00 FF FF 00 10 0D 22 93 00 00 01 00 00 10 03 6D 0D 00 00 26 E1 
00 FF FF 00 10 0D 22 93 00 00 01 00 00 10 03 6E 0D 00 00 1B 62 
00 FF FF 00 10 0D 22 93 00 00 01 00 00 10 03 6F 0D 00 00 27 71 
00 FF FF 00 10 0D 22 93 00 00 01 00 00 10 03 70 0D 00 00 0E 32 
00 FF FF 00 10 0D 22 93 00 00 01 00 00 10 03 71 0D 00 00 0D 2F 
00 FF FF 00 10 0D 22 93 00 00 01 00 00 10 03 72 0D 00 00 11 9A 
00 FF FF 00 10 0D 22 93 00 00 01 00 00 10 03 73 0D 00 00 18 CA 
00 FF FF 00 10 0D 22 93 00 00 01 00 00 10 03 74 0D 00 00 0E 1C 
00 FF FF 00 10 0D 22 93 00 00 01 00 00 10 03 75 0D 00 00 24 8A 
00 FF FF 00 10 0D 22 93 00 00 01 00 00 10 03 76 0D 00 00 0F D1 
00 FF FF 00 10 0D 22 93 00 00 01 00 00 10 03 77 0D 00 00 16 03 
00 FF FF 00 10 0D 22 93 00 00 01 00 00 10 03 78 0D 00 00 1C 62 
00 FF FF 00 10 0D 22 93 00 00 01 00 00 10 03 79 0D 00 00 0D 72 
00 FF FF 00 10 0D 22 93 00 00 01 00 00 10 03 7A 0D 00 00 21 6C 
00 FF FF 00 10 0D 22 93 00 00 01 00 00 10 03 7B 0D 00 00 12 4D 
00 FF FF 00 10 0D 22 93 00 00 01 00 00 10 03 7C 0D 00 00 12 D8 
00 FF FF 00 10 0D 22 93 00 00 01 00 00 10 03 7D 0D 00 00 0D 7C 
00 FF FF 00 10 0D 22 93 00 00 01 00 00 10 03 7E 0D 00 00 20 23 
00 FF FF 00 10 0D 22 93 00 00 01 00 00 10 03 7F 0D 00 00 1C 16 
00 FF FF 00 10 0D 22 93 00 00 01 00 00 10 03 80 0D 00 00 21 39 
00 FF FF 00 10 0D 22 93 00 00 01 00 00 10 03 81 0D 00 00 11 29 
00 FF FF 00 10 0D 22 93 00 00 01 00 00 10 03 82 0D 00 00 13 37 
00 FF FF 00 10 0D 22 93 00 00 01 00 00 10 03 83 0D 00 00 11 25 
00 FF FF 00 10 0D 22 93 00 00 01 00 00 10 03 84 0D 00 00 1A 09 
00 FF FF 00 10 0D 22 93 00 00 01 00 00 10 03 85 0D 00 00 35 CA 
00 FF FF 00 10 0D 22 93 00 00 01 00 00 10 03 86 0D 00 00 1D 12 
00 FF FF 00 10 0D 22 93 00 00 01 00 00 10 03 87 0D 00 00 2B BE 
00 FF FF 00 10 0D 22 93 00 00 01 00 00 10 03 88 0D 00 00 19 1A 
00 FF FF 00 10 0D 22 93 00 00 01 00 00 10 03 89 0D 00 00 12 12 
00 FF FF 00 10 0D 22 93 00 00 01 00 00 10 03 8A 0D 00 00 1B 5E 
00 FF FF 00 10 0D 22 93 00 00 01 00 00 10 03 8B 0D 00 00 15 6D 
00 FF FF 00 10 0D 22 93 00 00 01 00 00 10 03 8C 0D 00 00 1A 34 
00 FF FF 00 10 0D 22 93 00 00 01 00 00 10 03 8D 0D 00 00 0D 9A 
00 FF FF 00 10 0D 22 93 00 00 01 00 00 10 03 8E 0D 00 00 31 31 
00 FF FF 00 10 0D 22 93 00 00 01 00 00 10 03 8F 0D 00 00 15 69 
00 FF FF 00 10 0D 22 93 00 00 01 00 00 10 03 90 0D 00 00 0D ED 
00 FF FF 00 10 0D 22 93 00 00 01 00 00 10 03 91 0D 00 00 0E 95 
00 FF FF 00 10 0D 22 93 00 00 01 00 00 10 03 92 0D 00 00 15 69 
00 FF FF 00 10 0D 22 93 00 00 01 00 00 10 03 93 0D 00 00 24 81 
00 FF FF 00 10 0D 22 93 00 00 01 00 00 10 03 94 0D 00 00 0B 84 
00 FF FF 00 10 0D 22 93 00 00 01 00 00 10 03 95 0D 00 00 19 8D 
00 FF FF 00 10 0D 22 93 00 00 01 00 00 10 03 96 0D 00 00 0A 5A 
00 FF FF 00 10 0D 22 93 00 00 01 00 00 10 03 97 0D 00 00 29 71 
00 FF FF 00 10 0D 22 93 00 00 01 00 00 10 03 98 0D 00 00 0F 96 
00 FF FF 00 10 0D 22 93 00 00 01 00 00 10 03 99 0D 00 00 25 B4 
00 FF FF 00 10 0D 22 93 00 00 01 00 00 10 03 9A 0D 00 00 12 07 
00 FF FF 00 10 0D 22 93 00 00 01 00 00 10 03 9B 0D 00 00 0F 59 
00 FF FF 00 10 0D 22 93 00 00 01 00 00 10 03 9C 0D 00 00 2E 22 
00 FF FF 00 10 0D 22 93 00 00 01 00 00 10 03 9D 0D 00 00 11 AF 
00 FF FF 00 10 0D 22 93 00 00 01 00 00 10 03 9E 0D 00 00 27 96 
00 FF FF 00 10 0D 22 93 00 00 01 00 00 10 03 9F 0D 00 00 1B AE 
00 FF FF 00 10 0D 22 93 00 00 01 00 00 10 03 A0 0D 00 00 10 17 
00 FF FF 00 10 0D 22 93 00 00 01 00 00 10 03 A1 0D 00 00 0F 2B 
00 FF FF 00 10 0D 22 93 00 00 01 00 00 10 03 A2 0D 00 00 1C D4 
00 FF FF 00 10 0D 22 93 00 00 01 00 00 10 03 A3 0D 00 00 30 44 
00 FF FF 00 10 0D 22 93 00 00 01 00 00 10 03 A4 0D 00 00 17 F3 
00 FF FF 00 10 0D 22 93 00 00 01 00 00 10 03 A5 0D 00 00 1E 2C 
00 FF FF 00 10 0D 22 93 00 00 01 00 00 10 03 A6 0D 00 00 0E E5 
00 FF FF 00 10 0D 22 93 00 00 01 00 00 10 03 A7 0D 00 00 28 01 
00 FF FF 00 10 0D 22 93 00 00 01 00 00 10 03 A8 0D 00 00 12 0F 
00 FF FF 00 10 0D 22 93 00 00 01 00 00 10 03 A9 0D 00 00 0E 7F 
00 FF FF 00 10 0D 22 93 00 00 01 00 00 10 03 AA 0D 00 00 0F C1 
00 FF FF 00 10 0D 22 93 00 00 01 00 00 10 03 AB 0D 00 00 0D 2E 
00 FF FF 00 10 0D 22 93 00 00 01 00 00 10 03 AC 0D 00 00 24 39 
00 FF FF 00 10 0D 22 93 00 00 01 00 00 10 03 AD 0D 00 00 13 AE 
00 FF FF 00 10 0D 22 93 00 00 01 00 00 10 03 AE 0D 00 00 10 7E 
00 FF FF 00 10 0D 22 93 00 00 01 00 00 10 03 AF 0D 00 00 0E F6 
00 FF FF 00 10 0D 22 93 00 00 01 00 00 10 03 B0 0D 00 00 2F 2D 
00 FF FF 00 10 0D 22 93 00 00 01 00 00 10 03 B1 0D 00 00 0B 2C 
00 FF FF 00 10 0D 22 93 00 00 01 00 00 10 03 B2 0D 00 00 19 A1 
00 FF FF 00 10 0D 22 93 00 00 01 00 00 10 03 B3 0D 00 00 1B D3 
00 FF FF 00 10 0D 22 93 00 00 01 00 00 10 03 B4 0D 00 00 10 8D 
00 FF FF 00 10 0D 22 93 00 00 01 00 00 10 03 B5 0D 00 00 24 DB 
00 FF FF 00 10 0D 22 93 00 00 01 00 00 10 03 B6 0D 00 00 08 80 
00 FF FF 00 10 0D 22 93 00 00 01 00 00 10 03 B7 0D 00 00 16 06 
00 FF FF 00 10 0D 22 93 00 00 01 00 00 10 03 B8 0D 00 00 15 16 
00 FF FF 00 10 0D 22 93 00 00 01 00 00 10 03 B9 0D 00 00 12 40 
00 FF FF 00 10 0D 22 93 00 00 01 00 00 10 03 BA 0D 00 00 24 4E 
00 FF FF 00 10 0D 22 93 00 00 01 00 00 10 03 BB 0D 00 00 16 AF 
00 FF FF 00 10 0D 22 93 00 00 01 00 00 10 03 BC 0D 00 00 13 D1 
00 FF FF 00 10 0D 22 93 00 00 01 00 00 10 03 BD 0D 00 00 0E 0F 
00 FF FF 00 10 0D 22 93 00 00 01 00 00 10 03 BE 0D 00 00 18 02 
00 FF FF 00 10 0D 22 93 00 00 01 00 00 10 03 BF 0D 00 00 0F CA 
00 FF FF 00 10 0D 22 93 00 00 01 00 00 10 03 C0 0D 00 00 19 D2 
00 FF FF 00 10 0D 22 93 00 00 01 00 00 10 03 C1 0D 00 00 0B 5C 
00 FF FF 00 10 0D 22 93 00 00 01 00 00 10 03 C2 0D 00 00 10 56 
00 FF FF 00 10 0D 22 93 00 00 01 00 00 10 03 C3 0D 00 00 10 D1 
00 FF FF 00 10 0D 22 93 00 00 01 00 00 10 03 C4 0D 00 00 14 17 
00 FF FF 00 10 0D 22 93 00 00 01 00 00 10 03 C5 0D 00 00 26 15 
00 FF FF 00 10 0D 22 93 00 00 01 00 00 10 03 C6 0D 00 00 16 A4 
00 FF FF 00 10 0D 22 93 00 00 01 00 00 10 03 C7 0D 00 00 20 62 
00 FF FF 00 10 0D 22 93 00 00 01 00 00 10 03 C8 0D 00 00 0B 6D 
00 FF FF 00 10 0D 22 93 00 00 01 00 00 10 03 C9 0D 00 00 14 3E 
00 FF FF 00 10 0D 22 93 00 00 01 00 00 10 03 CA 0D 00 00 14 49 
00 FF FF 00 10 0D 22 93 00 00 01 00 00 10 03 CB 0D 00 00 0D F2 
00 FF FF 00 10 0D 22 93 00 00 01 00 00 10 03 CC 0D 00 00 1C B2 
00 FF FF 00 10 0D 22 93 00 00 01 00 00 10 03 CD 0D 00 00 12 A3 
00 FF FF 00 10 0D 22 93 00 00 01 00 00 10 03 CE 0D 00 00 2A 4B 
00 FF FF 00 10 0D 22 93 00 00 01 00 00 10 03 CF 0D 00 00 0C 68 
00 FF FF 00 10 0D 22 93 00 00 01 00 00 10 03 D0 0D 00 00 1B D8 
00 FF FF 00 10 0D 22 93 00 00 01 00 00 10 03 D1 0D 00 00 0D A3 
00 FF FF 00 10 0D 22 93 00 00 01 00 00 10 03 D2 0D 00 00 2A 2A 
00 FF FF 00 10 0D 22 93 00 00 01 00 00 10 03 D3 0D 00 00 0F 2B 
00 FF FF 00 10 0D 22 93 00 00 01 00 00 10 03 D4 0D 00 00 0D E7 
00 FF FF 00 10 0D 22 93 00 00 01 00 00 10 03 D5 0D 00 00 22 5A 
00 FF FF 00 10 0D 22 93 00 00 01 00 00 10 03 D6 0D 00 00 10 F8 
00 FF FF 00 10 0D 22 93 00 00 01 00 00 10 03 D7 0D 00 00 1A E4 
00 FF FF 00 10 0D 22 93 00 00 01 00 00 10 03 D8 0D 00 00 13 9E 
00 FF FF 00 10 0D 22 93 00 00 01 00 00 10 03 D9 0D 00 00 2E CA 
00 FF FF 00 10 0D 22 93 00 00 01 00 00 10 03 DA 0D 00 00 10 22 
00 FF FF 00 10 0D 22 93 00 00 01 00 00 10 03 DB 0D 00 00 25 99 
00 FF FF 00 10 0D 22 93 00 00 01 00 00 10 03 DC 0D 00 00 0F 7B 
00 FF FF 00 10 0D 22 93 00 00 01 00 00 10 03 DD 0D 00 00 17 45 
00 FF FF 00 10 0D 22 93 00 00 01 00 00 10 03 DE 0D 00 00 0A 24 
00 FF FF 00 10 0D 22 93 00 00 01 00 00 10 03 DF 0D 00 00 18 FE 
00 FF FF 00 10 0D 22 93 00 00 01 00 00 10 03 E0 0D 00 00 2C CA 
00 FF FF 00 10 0D 22 93 00 00 01 00 00 10 03 E1 0D 00 00 15 A5 
00 FF FF 00 10 0D 22 93 00 00 01 00 00 10 03 E2 0D 00 00 0E E6 
00 FF FF 00 10 0D 22 93 00 00 01 00 00 10 03 E3 0D 00 00 18 12 
00 FF FF 00 10 0D 22 93 00 00 01 00 00 10 03 E4 0D 00 00 0F C2 
00 FF FF 00 10 0D 22 93 00 00 01 00 00 10 03 E5 0D 00 00 12 05 
00 FF FF 00 10 0D 22 93 00 00 01 00 00 10 03 E6 0D 00 00 14 B2 
00 FF FF 00 10 0D 22 93 00 00 01 00 00 10 03 E7 0D 00 00 2F D4 
00 FF FF 00 10 0D 22 93 00 00 01 00 00 10 03 E8 0D 00 00 19 C3 
00 FF FF 00 10 0D 22 93 00 00 01 00 00 10 03 E9 0D 00 00 36 A4 
00 FF FF 00 10 0D 22 93 00 00 01 00 00 10 03 EA 0D 00 00 10 5E 
00 FF FF 00 10 0D 22 93 00 00 01 00 00 10 03 EB 0D 00 00 2F 12 
00 FF FF 00 10 0D 22 93 00 00 01 00 00 10 03 EC 0D 00 00 12 AA 
00 FF FF 00 10 0D 22 93 00 00 01 00 00 10 03 ED 0D 00 00 0E FD 
00 FF FF 00 10 0D 22 93 00 00 01 00 00 10 03 EE 0D 00 00 1B FA 
00 FF FF 00 10 0D 22 93 00 00 01 00 00 10 03 EF 0D 00 00 12 B2 
00 FF FF 00 10 0D 22 93 00 00 01 00 00 10 03 F0 0D 00 00 29 8C 
00 FF FF 00 10 0D 22 93 00 00 01 00 00 10 03 F1 0D 00 00 12 2A 
00 FF FF 00 10 0D 22 93 00 00 01 00 00 10 03 F2 0D 00 00 1D 3A 
00 FF FF 00 10 0D 22 93 00 00 01 00 00 10 03 F3 0D 00 00 0E 46 
00 FF FF 00 10 0D 22 93 00 00 01 00 00 10 03 F4 0D 00 00 12 62 
00 FF FF 00 10 0D 22 93 00 00 01 00 00 10 03 F5 0D 00 00 0C 9E 
00 FF FF 00 10 0D 22 93 00 00 01 00 00 10 03 F6 0D 00 00 2A EA 
00 FF FF 00 10 0D 22 93 00 00 01 00 00 10 03 F7 0D 00 00 0D E2 
00 FF FF 00 10 0D 22 93 00 00 01 00 00 10 03 F8 0D 00 00 16 99 
00 FF FF 00 10 0D 22 93 00 00 01 00 00 10 03 F9 0D 00 00 15 E7 
00 FF FF 00 10 0D 22 93 00 00 01 00 00 10 03 FA 0D 00 00 0C A4 
00 FF FF 00 10 0D 22 93 00 00 01 00 00 10 03 FB 0D 00 00 0F 97 
00 FF FF 00 10 0D 22 93 00 00 01 00 00 10 03 FC 0D 00 00 0F 76 
00 FF FF 00 10 0D 22 93 00 00 01 00 00 10 03 FD 0D 00 00 19 6E 
00 FF FF 00 10 0D 22 93 00 00 01 00 00 10 03 FE 0D 00 00 1C 7F 
00 FF FF 00 10 0D 22 93 00 00 01 00 00 10 03 FF 0D 00 00 27 1D 
00 FF FF 00 10 0D 22 93 00 00 01 00 00 10 04 00 0D 00 00 2E 04 
00 FF FF 00 10 0D 22 93 00 00 01 00 00 10 04 01 0D 00 00 12 53 
00 FF FF 00 10 0D 22 93 00 00 01 00 00 10 04 02 0D 00 00 17 2B 
00 FF FF 00 10 0D 22 93 00 00 01 00 00 10 04 03 0D 00 00 0F 3E 
00 FF FF 00 10 0D 22 93 00 00 01 00 00 10 04 04 0D 00 00 12 E5 
00 FF FF 00 10 0D 22 93 00 00 01 00 00 10 04 05 0D 00 00 19 56 
00 FF FF 00 10 0D 22 93 00 00 01 00 00 10 04 06 0D 00 00 15 E2 
00 FF FF 00 10 0D 22 93 00 00 01 00 00 10 04 07 0D 00 00 1B 7E 
00 FF FF 00 10 0D 22 93 00 00 01 00 00 10 04 08 0D 00 00 1F 0D 
00 FF FF 00 10 0D 22 93 00 00 01 00 00 10 04 09 0D 00 00 0D D3 
00 FF FF 00 10 0D 22 93 00 00 01 00 00 10 04 0A 0D 00 00 1F 7E 
00 FF FF 00 10 0D 22 93 00 00 01 00 00 10 04 0B 0D 00 00 17 C5 
00 FF FF 00 10 0D 22 93 00 00 01 00 00 10 04 0C 0D 00 00 27 CB 
00 FF FF 00 10 0D 22 93 00 00 01 00 00 10 04 0D 0D 00 00 21 89 
00 FF FF 00 10 0D 22 93 00 00 01 00 00 10 04 0E 0D 00 00 30 9A 
00 FF FF 00 10 0D 22 93 00 00 01 00 00 10 04 0F 0D 00 00 35 CA 
00 FF FF 00 10 0D 22 93 00 00 01 00 00 10 04 10 0D 00 00 12 FE 
00 FF FF 00 10 0D 22 93 00 00 01 00 00 10 04 11 0D 00 00 2F 8A 
00 FF FF 00 10 0D 22 93 00 00 01 00 00 10 04 12 0D 00 00 12 42 
00 FF FF 00 10 0D 22 93 00 00 01 00 00 10 04 13 0D 00 00 1D 91 
00 FF FF 00 10 0D 22 93 00 00 01 00 00 10 04 14 0D 00 00 11 BD 
00 FF FF 00 10 0D 22 93 00 00 01 00 00 10 04 15 0D 00 00 2E FA 
00 FF FF 00 10 0D 22 93 00 00 01 00 00 10 04 16 0D 00 00 19 F2 
00 FF FF 00 10 0D 22 93 00 00 01 00 00 10 04 17 0D 00 00 1B 12 
00 FF FF 00 10 0D 22 93 00 00 01 00 00 10 04 18 0D 00 00 2B F6 
00 FF FF 00 10 0D 22 93 00 00 01 00 00 10 04 19 0D 00 00 0D 27 
00 FF FF 00 10 0D 22 93 00 00 01 00 00 10 04 1A 0D 00 00 0D F5 
00 FF FF 00 10 0D 22 93 00 00 01 00 00 10 04 1B 0D 00 00 14 D8 
00 FF FF 00 10 0D 22 93 00 00 01 00 00 10 04 1C 0D 00 00 10 54 
00 FF FF 00 10 0D 22 93 00 00 01 00 00 10 04 1D 0D 00 00 08 BD 
00 FF FF 00 10 0D 22 93 00 00 01 00 00 10 04 1E 0D 00 00 33 C6 
00 FF FF 00 10 0D 22 93 00 00 01 00 00 10 04 1F 0D 00 00 10 C2 
00 FF FF 00 10 0D 22 93 00 00 01 00 00 10 04 20 0D 00 00 17 D6 
00 FF FF 00 10 0D 22 93 00 00 01 00 00 10 04 21 0D 00 00 0D AC 
00 FF FF 00 10 0D 22 93 00 00 01 00 00 10 04 22 0D 00 00 18 53 
00 FF FF 00 10 0D 22 93 00 00 01 00 00 10 04 23 0D 00 00 10 36 
00 FF FF 00 10 0D 22 93 00 00 01 00 00 10 04 24 0D 00 00 19 51 
00 FF FF 00 10 0D 22 93 00 00 01 00 00 10 04 25 0D 00 00 0E F2 
00 FF FF 00 10 0D 22 93 00 00 01 00 00 10 04 26 0D 00 00 1B AF 
00 FF FF 00 10 0D 22 93 00 00 01 00 00 10 04 27 0D 00 00 36 6E 
00 FF FF 00 10 0D 22 93 00 00 01 00 00 10 04 28 0D 00 00 27 01 
00 FF FF 00 10 0D 22 93 00 00 01 00 00 10 04 29 0D 00 00 15 02 
00 FF FF 00 10 0D 22 93 00 00 01 00 00 10 04 2A 0D 00 00 14 80 
00 FF FF 00 10 0D 22 93 00 00 01 00 00 10 04 2B 0D 00 00 0C A7 
00 FF FF 00 10 0D 22 93 00 00 01 00 00 10 04 2C 0D 00 00 1F FA 
00 FF FF 00 10 0D 22 93 00 00 01 00 00 10 04 2D 0D 00 00 0F D9 
00 FF FF 00 10 0D 22 93 00 00 01 00 00 10 04 2E 0D 00 00 3C 14 
00 FF FF 00 10 0D 22 93 00 00 01 00 00 10 04 2F 0D 00 00 0B 69 
00 FF FF 00 10 0D 22 93 00 00 01 00 00 10 04 30 0D 00 00 16 A2 
00 FF FF 00 10 0D 22 93 00 00 01 00 00 10 04 31 0D 00 00 1F 22 
00 FF FF 00 10 0D 22 93 00 00 01 00 00 10 04 32 0D 00 00 1F 02 
00 FF FF 00 10 0D 22 93 00 00 01 00 00 10 04 33 0D 00 00 15 85 
00 FF FF 00 10 0D 22 93 00 00 01 00 00 10 04 34 0D 00 00 13 67 
00 FF FF 00 10 0D 22 93 00 00 01 00 00 10 04 35 0D 00 00 31 C4 
00 FF FF 00 10 0D 22 93 00 00 01 00 00 10 04 36 0D 00 00 11 3F 
00 FF FF 00 10 0D 22 93 00 00 01 00 00 10 04 37 0D 00 00 32 16 
00 FF FF 00 10 0D 22 93 00 00 01 00 00 10 04 38 0D 00 00 18 E6 
00 FF FF 00 10 0D 22 93 00 00 01 00 00 10 04 39 0D 00 00 14 8F 
00 FF FF 00 10 0D 22 93 00 00 01 00 00 10 04 3A 0D 00 00 0F F8 
00 FF FF 00 10 0D 22 93 00 00 01 00 00 10 04 3B 0D 00 00 0D 19 
00 FF FF 00 10 0D 22 93 00 00 01 00 00 10 04 3C 0D 00 00 28 34 
00 FF FF 00 10 0D 22 93 00 00 01 00 00 10 04 3D 0D 00 00 11 AF 
00 FF FF 00 10 0D 22 93 00 00 01 00 00 10 04 3E 0D 00 00 20 0E 
00 FF FF 00 10 0D 22 93 00 00 01 00 00 10 04 3F 0D 00 00 0E F4 
00 FF FF 00 10 0D 22 93 00 00 01 00 00 10 04 40 0D 00 00 31 41 
00 FF FF 00 10 0D 22 93 00 00 01 00 00 10 04 41 0D 00 00 1A 57 
00 FF FF 00 10 0D 22 93 00 00 01 00 00 10 04 42 0D 00 00 28 34 
00 FF FF 00 10 0D 22 93 00 00 01 00 00 10 04 43 0D 00 00 2E 24 
00 FF FF 00 10 0D 22 93 00 00 01 00 00 10 04 44 0D 00 00 17 0C 
00 FF FF 00 10 0D 22 93 00 00 01 00 00 10 04 45 0D 00 00 16 D4 
00 FF FF 00 10 0D 22 93 00 00 01 00 00 10 04 46 0D 00 00 0F 2B 
00 FF FF 00 10 0D 22 93 00 00 01 00 00 10 04 47 0D 00 00 0F 3E 
00 FF FF 00 10 0D 22 93 00 00 01 00 00 10 04 48 0D 00 00 0C 1E 
