00 FF FF 00 10 0D 22 93 00 00 01 00 00 10 02 DF 0D 00 00 37 82 
00 FF FF 00 10 0D 22 93 00 00 01 00 00 10 02 E0 0D 00 00 12 43 
00 FF FF 00 10 0D 22 93 00 00 01 00 00 10 02 E2 0D 00 00 19 49 
00 FF FF 00 10 0D 22 93 00 00 01 00 00 10 02 E4 0D 00 00 2B 8E 
00 FF FF 00 10 0D 22 93 00 00 01 00 00 10 02 E5 0D 00 00 13 A7 
00 FF FF 00 10 0D 22 93 00 00 01 00 00 10 02 E7 0D 00 00 12 05 
00 FF FF 00 10 0D 22 93 00 00 01 00 00 10 00 18 0D 00 00 1B 69 
00 FF FF 00 10 0D 22 93 00 00 01 00 00 10 00 19 0D 00 00 2A E4 
00 FF FF 00 10 0D 22 93 00 00 01 00 00 10 00 1A 0D 00 00 15 B8 
00 FF FF 00 10 0D 22 93 00 00 01 00 00 10 00 1B 0D 00 00 3B 1D 
00 FF FF 00 10 0D 22 93 00 00 01 00 00 10 00 1C 0D 00 00 14 C9 
00 FF FF 00 10 0D 22 93 00 00 01 00 00 10 00 1D 0D 00 00 1F 76 
00 FF FF 00 10 0D 22 93 00 00 01 00 00 10 00 1E 0D 00 00 26 43 
00 FF FF 00 10 0D 22 93 00 00 01 00 00 10 00 1F 0D 00 00 17 B7 
00 FF FF 00 10 0D 22 93 00 00 01 00 00 10 00 20 0D 00 00 37 82 
00 FF FF 00 10 0D 22 93 00 00 01 00 00 10 00 21 0D 00 00 16 D6 
00 FF FF 00 10 0D 22 93 00 00 01 00 00 10 00 22 0D 00 00 34 22 
00 FF FF 00 10 0D 22 93 00 00 01 00 00 10 00 23 0D 00 00 15 1E 
00 FF FF 00 10 0D 22 93 00 00 01 00 00 10 00 24 0D 00 00 2F 8A 
00 FF FF 00 10 0D 22 93 00 00 01 00 00 10 00 25 0D 00 00 15 42 
00 FF FF 00 10 0D 22 93 00 00 01 00 00 10 00 26 0D 00 00 2B 44 
00 FF FF 00 10 0D 22 93 00 00 01 00 00 10 00 27 0D 00 00 2C A1 
00 FF FF 00 10 0D 22 93 00 00 01 00 00 10 00 28 0D 00 00 1C 79 
00 FF FF 00 10 0D 22 93 00 00 01 00 00 10 00 29 0D 00 00 2E D4 
00 FF FF 00 10 0D 22 93 00 00 01 00 00 10 00 2A 0D 00 00 10 AE 
00 FF FF 00 10 0D 22 93 00 00 01 00 00 10 00 2B 0D 00 00 30 44 
00 FF FF 00 10 0D 22 93 00 00 01 00 00 10 00 2D 0D 00 00 3A 34 
00 FF FF 00 10 0D 22 93 00 00 01 00 00 10 00 2E 0D 00 00 12 BD 
00 FF FF 00 10 0D 22 93 00 00 01 00 00 10 00 2F 0D 00 00 1E 29 
00 FF FF 00 10 0D 22 93 00 00 01 00 00 10 00 30 0D 00 00 23 24 
00 FF FF 00 10 0D 22 93 00 00 01 00 00 10 00 31 0D 00 00 17 7A 
00 FF FF 00 10 0D 22 93 00 00 01 00 00 10 00 32 0D 00 00 36 A4 
00 FF FF 00 10 0D 22 93 00 00 01 00 00 10 00 33 0D 00 00 0F 70 
00 FF FF 00 10 0D 22 93 00 00 01 00 00 10 00 34 0D 00 00 33 54 
00 FF FF 00 10 0D 22 93 00 00 01 00 00 10 00 35 0D 00 00 17 2E 
00 FF FF 00 10 0D 22 93 00 00 01 00 00 10 00 36 0D 00 00 35 CA 
00 FF FF 00 10 0D 22 93 00 00 01 00 00 10 00 37 0D 00 00 0D 68 
00 FF FF 00 10 0D 22 93 00 00 01 00 00 10 00 38 0D 00 00 2D 74 
00 FF FF 00 10 0D 22 93 00 00 01 00 00 10 00 39 0D 00 00 1B DC 
00 FF FF 00 10 0D 22 93 00 00 01 00 00 10 00 3A 0D 00 00 20 34 
00 FF FF 00 10 0D 22 93 00 00 01 00 00 10 00 3B 0D 00 00 20 59 
00 FF FF 00 10 0D 22 93 00 00 01 00 00 10 00 3C 0D 00 00 0D 04 
00 FF FF 00 10 0D 22 93 00 00 01 00 00 10 00 3D 0D 00 00 1B 9C 
00 FF FF 00 10 0D 22 93 00 00 01 00 00 10 00 3E 0D 00 00 0B 08 
00 FF FF 00 10 0D 22 93 00 00 01 00 00 10 00 3F 0D 00 00 30 44 
00 FF FF 00 10 0D 22 93 00 00 01 00 00 10 00 40 0D 00 00 0E 13 
00 FF FF 00 10 0D 22 93 00 00 01 00 00 10 00 41 0D 00 00 2C A9 
00 FF FF 00 10 0D 22 93 00 00 01 00 00 10 00 42 0D 00 00 18 4F 
00 FF FF 00 10 0D 22 93 00 00 01 00 00 10 00 43 0D 00 00 22 9E 
00 FF FF 00 10 0D 22 93 00 00 01 00 00 10 00 44 0D 00 00 31 55 
00 FF FF 00 10 0D 22 93 00 00 01 00 00 10 00 45 0D 00 00 0E 58 
00 FF FF 00 10 0D 22 93 00 00 01 00 00 10 00 46 0D 00 00 2C CA 
00 FF FF 00 10 0D 22 93 00 00 01 00 00 10 00 47 0D 00 00 0C 48 
00 FF FF 00 10 0D 22 93 00 00 01 00 00 10 00 48 0D 00 00 31 C4 
00 FF FF 00 10 0D 22 93 00 00 01 00 00 10 00 49 0D 00 00 0C 17 
00 FF FF 00 10 0D 22 93 00 00 01 00 00 10 00 4A 0D 00 00 32 03 
00 FF FF 00 10 0D 22 93 00 00 01 00 00 10 00 4B 0D 00 00 15 1F 
00 FF FF 00 10 0D 22 93 00 00 01 00 00 10 00 4C 0D 00 00 26 22 
00 FF FF 00 10 0D 22 93 00 00 01 00 00 10 00 4D 0D 00 00 2B B1 
00 FF FF 00 10 0D 22 93 00 00 01 00 00 10 00 4E 0D 00 00 11 D9 
00 FF FF 00 10 0D 22 93 00 00 01 00 00 10 00 4F 0D 00 00 2D 4D 
00 FF FF 00 10 0D 22 93 00 00 01 00 00 10 00 50 0D 00 00 11 E4 
00 FF FF 00 10 0D 22 93 00 00 01 00 00 10 00 51 0D 00 00 1D 2D 
00 FF FF 00 10 0D 22 93 00 00 01 00 00 10 00 52 0D 00 00 14 54 
00 FF FF 00 10 0D 22 93 00 00 01 00 00 10 00 53 0D 00 00 31 09 
00 FF FF 00 10 0D 22 93 00 00 01 00 00 10 00 54 0D 00 00 15 C5 
00 FF FF 00 10 0D 22 93 00 00 01 00 00 10 00 55 0D 00 00 1D 7F 
00 FF FF 00 10 0D 22 93 00 00 01 00 00 10 00 56 0D 00 00 24 2D 
00 FF FF 00 10 0D 22 93 00 00 01 00 00 10 00 57 0D 00 00 09 84 
00 FF FF 00 10 0D 22 93 00 00 01 00 00 10 00 58 0D 00 00 2F 4A 
00 FF FF 00 10 0D 22 93 00 00 01 00 00 10 00 59 0D 00 00 14 BE 
00 FF FF 00 10 0D 22 93 00 00 01 00 00 10 00 5A 0D 00 00 26 EE 
00 FF FF 00 10 0D 22 93 00 00 01 00 00 10 00 5B 0D 00 00 12 51 
00 FF FF 00 10 0D 22 93 00 00 01 00 00 10 00 5C 0D 00 00 2D 06 
00 FF FF 00 10 0D 22 93 00 00 01 00 00 10 00 5D 0D 00 00 18 6E 
00 FF FF 00 10 0D 22 93 00 00 01 00 00 10 00 5E 0D 00 00 0B 59 
00 FF FF 00 10 0D 22 93 00 00 01 00 00 10 00 5F 0D 00 00 1C 49 
00 FF FF 00 10 0D 22 93 00 00 01 00 00 10 00 60 0D 00 00 19 3E 
00 FF FF 00 10 0D 22 93 00 00 01 00 00 10 00 61 0D 00 00 2A F4 
00 FF FF 00 10 0D 22 93 00 00 01 00 00 10 00 62 0D 00 00 15 49 
00 FF FF 00 10 0D 22 93 00 00 01 00 00 10 00 63 0D 00 00 2D 62 
00 FF FF 00 10 0D 22 93 00 00 01 00 00 10 00 64 0D 00 00 1B F6 
00 FF FF 00 10 0D 22 93 00 00 01 00 00 10 00 65 0D 00 00 2A F9 
00 FF FF 00 10 0D 22 93 00 00 01 00 00 10 00 66 0D 00 00 15 E4 
00 FF FF 00 10 0D 22 93 00 00 01 00 00 10 00 67 0D 00 00 1F CA 
00 FF FF 00 10 0D 22 93 00 00 01 00 00 10 00 68 0D 00 00 18 AE 
00 FF FF 00 10 0D 22 93 00 00 01 00 00 10 00 69 0D 00 00 1A 71 
00 FF FF 00 10 0D 22 93 00 00 01 00 00 10 00 6A 0D 00 00 23 C2 
00 FF FF 00 10 0D 22 93 00 00 01 00 00 10 00 6B 0D 00 00 09 26 
00 FF FF 00 10 0D 22 93 00 00 01 00 00 10 00 6C 0D 00 00 30 25 
00 FF FF 00 10 0D 22 93 00 00 01 00 00 10 00 6D 0D 00 00 20 F6 
00 FF FF 00 10 0D 22 93 00 00 01 00 00 10 00 6E 0D 00 00 28 15 
00 FF FF 00 10 0D 22 93 00 00 01 00 00 10 00 6F 0D 00 00 1A A6 
00 FF FF 00 10 0D 22 93 00 00 01 00 00 10 00 70 0D 00 00 1D 3D 
00 FF FF 00 10 0D 22 93 00 00 01 00 00 10 00 71 0D 00 00 0D 3B 
00 FF FF 00 10 0D 22 93 00 00 01 00 00 10 00 72 0D 00 00 16 0D 
00 FF FF 00 10 0D 22 93 00 00 01 00 00 10 00 73 0D 00 00 1C 55 
00 FF FF 00 10 0D 22 93 00 00 01 00 00 10 00 74 0D 00 00 1F BB 
00 FF FF 00 10 0D 22 93 00 00 01 00 00 10 00 75 0D 00 00 27 DB 
00 FF FF 00 10 0D 22 93 00 00 01 00 00 10 00 76 0D 00 00 26 A9 
00 FF FF 00 10 0D 22 93 00 00 01 00 00 10 00 77 0D 00 00 24 ED 
00 FF FF 00 10 0D 22 93 00 00 01 00 00 10 00 78 0D 00 00 1F 89 
00 FF FF 00 10 0D 22 93 00 00 01 00 00 10 00 79 0D 00 00 1B 15 
00 FF FF 00 10 0D 22 93 00 00 01 00 00 10 00 7A 0D 00 00 1B 66 
00 FF FF 00 10 0D 22 93 00 00 01 00 00 10 00 7B 0D 00 00 14 5B 
00 FF FF 00 10 0D 22 93 00 00 01 00 00 10 00 7C 0D 00 00 18 75 
00 FF FF 00 10 0D 22 93 00 00 01 00 00 10 00 7D 0D 00 00 17 83 
00 FF FF 00 10 0D 22 93 00 00 01 00 00 10 00 7E 0D 00 00 1F C3 
00 FF FF 00 10 0D 22 93 00 00 01 00 00 10 00 7F 0D 00 00 2D C8 
00 FF FF 00 10 0D 22 93 00 00 01 00 00 10 00 80 0D 00 00 27 17 
00 FF FF 00 10 0D 22 93 00 00 01 00 00 10 00 81 0D 00 00 26 4E 
00 FF FF 00 10 0D 22 93 00 00 01 00 00 10 00 82 0D 00 00 1B 95 
00 FF FF 00 10 0D 22 93 00 00 01 00 00 10 00 83 0D 00 00 1A AA 
00 FF FF 00 10 0D 22 93 00 00 01 00 00 10 00 84 0D 00 00 19 49 
00 FF FF 00 10 0D 22 93 00 00 01 00 00 10 00 85 0D 00 00 1A DA 
00 FF FF 00 10 0D 22 93 00 00 01 00 00 10 00 86 0D 00 00 1F 7A 
00 FF FF 00 10 0D 22 93 00 00 01 00 00 10 00 87 0D 00 00 1B D1 
00 FF FF 00 10 0D 22 93 00 00 01 00 00 10 00 88 0D 00 00 28 41 
00 FF FF 00 10 0D 22 93 00 00 01 00 00 10 00 89 0D 00 00 21 CF 
00 FF FF 00 10 0D 22 93 00 00 01 00 00 10 00 8A 0D 00 00 2A 1B 
00 FF FF 00 10 0D 22 93 00 00 01 00 00 10 00 8B 0D 00 00 19 F7 
00 FF FF 00 10 0D 22 93 00 00 01 00 00 10 00 8C 0D 00 00 20 C5 
00 FF FF 00 10 0D 22 93 00 00 01 00 00 10 00 8D 0D 00 00 09 72 
00 FF FF 00 10 0D 22 93 00 00 01 00 00 10 00 8E 0D 00 00 17 AE 
00 FF FF 00 10 0D 22 93 00 00 01 00 00 10 00 8F 0D 00 00 1C 3A 
00 FF FF 00 10 0D 22 93 00 00 01 00 00 10 00 90 0D 00 00 17 65 
00 FF FF 00 10 0D 22 93 00 00 01 00 00 10 00 91 0D 00 00 2E 20 
00 FF FF 00 10 0D 22 93 00 00 01 00 00 10 00 92 0D 00 00 1A DD 
00 FF FF 00 10 0D 22 93 00 00 01 00 00 10 00 93 0D 00 00 39 4A 
00 FF FF 00 10 0D 22 93 00 00 01 00 00 10 00 94 0D 00 00 11 F6 
00 FF FF 00 10 0D 22 93 00 00 01 00 00 10 00 95 0D 00 00 29 0A 
00 FF FF 00 10 0D 22 93 00 00 01 00 00 10 00 96 0D 00 00 17 83 
00 FF FF 00 10 0D 22 93 00 00 01 00 00 10 00 97 0D 00 00 16 FB 
00 FF FF 00 10 0D 22 93 00 00 01 00 00 10 00 98 0D 00 00 1B 61 
00 FF FF 00 10 0D 22 93 00 00 01 00 00 10 00 99 0D 00 00 14 F4 
00 FF FF 00 10 0D 22 93 00 00 01 00 00 10 00 9A 0D 00 00 37 6A 
00 FF FF 00 10 0D 22 93 00 00 01 00 00 10 00 9B 0D 00 00 18 5E 
00 FF FF 00 10 0D 22 93 00 00 01 00 00 10 00 9C 0D 00 00 3B 22 
00 FF FF 00 10 0D 22 93 00 00 01 00 00 10 00 9D 0D 00 00 10 02 
00 FF FF 00 10 0D 22 93 00 00 01 00 00 10 00 9E 0D 00 00 28 06 
00 FF FF 00 10 0D 22 93 00 00 01 00 00 10 00 9F 0D 00 00 12 B9 
00 FF FF 00 10 0D 22 93 00 00 01 00 00 10 00 A0 0D 00 00 1D 15 
00 FF FF 00 10 0D 22 93 00 00 01 00 00 10 00 A1 0D 00 00 1C 7F 
00 FF FF 00 10 0D 22 93 00 00 01 00 00 10 00 A2 0D 00 00 15 3D 
00 FF FF 00 10 0D 22 93 00 00 01 00 00 10 00 A3 0D 00 00 3A 34 
00 FF FF 00 10 0D 22 93 00 00 01 00 00 10 00 A4 0D 00 00 15 95 
00 FF FF 00 10 0D 22 93 00 00 01 00 00 10 00 A5 0D 00 00 34 22 
00 FF FF 00 10 0D 22 93 00 00 01 00 00 10 00 A6 0D 00 00 0E A6 
00 FF FF 00 10 0D 22 93 00 00 01 00 00 10 00 A7 0D 00 00 34 22 
00 FF FF 00 10 0D 22 93 00 00 01 00 00 10 00 A8 0D 00 00 16 FA 
00 FF FF 00 10 0D 22 93 00 00 01 00 00 10 00 A9 0D 00 00 1E A5 
00 FF FF 00 10 0D 22 93 00 00 01 00 00 10 00 AA 0D 00 00 2B 05 
00 FF FF 00 10 0D 22 93 00 00 01 00 00 10 00 AB 0D 00 00 0F 7E 
00 FF FF 00 10 0D 22 93 00 00 01 00 00 10 00 AC 0D 00 00 2E 22 
00 FF FF 00 10 0D 22 93 00 00 01 00 00 10 00 AD 0D 00 00 11 5B 
00 FF FF 00 10 0D 22 93 00 00 01 00 00 10 00 AE 0D 00 00 31 02 
00 FF FF 00 10 0D 22 93 00 00 01 00 00 10 00 AF 0D 00 00 11 F5 
00 FF FF 00 10 0D 22 93 00 00 01 00 00 10 00 B0 0D 00 00 31 02 
00 FF FF 00 10 0D 22 93 00 00 01 00 00 10 00 B1 0D 00 00 0F C5 
00 FF FF 00 10 0D 22 93 00 00 01 00 00 10 00 B2 0D 00 00 27 7E 
00 FF FF 00 10 0D 22 93 00 00 01 00 00 10 00 B3 0D 00 00 27 C9 
00 FF FF 00 10 0D 22 93 00 00 01 00 00 10 00 B4 0D 00 00 0F 80 
00 FF FF 00 10 0D 22 93 00 00 01 00 00 10 00 B5 0D 00 00 2D 74 
00 FF FF 00 10 0D 22 93 00 00 01 00 00 10 00 B6 0D 00 00 0D 77 
00 FF FF 00 10 0D 22 93 00 00 01 00 00 10 00 B7 0D 00 00 39 4A 
00 FF FF 00 10 0D 22 93 00 00 01 00 00 10 00 B8 0D 00 00 0D E6 
00 FF FF 00 10 0D 22 93 00 00 01 00 00 10 00 B9 0D 00 00 0A D8 
00 FF FF 00 10 0D 22 93 00 00 01 00 00 10 00 BA 0D 00 00 0F E9 
00 FF FF 00 10 0D 22 93 00 00 01 00 00 10 00 BB 0D 00 00 33 28 
00 FF FF 00 10 0D 22 93 00 00 01 00 00 10 00 BC 0D 00 00 23 41 
00 FF FF 00 10 0D 22 93 00 00 01 00 00 10 00 BD 0D 00 00 11 9E 
00 FF FF 00 10 0D 22 93 00 00 01 00 00 10 00 BE 0D 00 00 2D 05 
00 FF FF 00 10 0D 22 93 00 00 01 00 00 10 00 BF 0D 00 00 0D 48 
00 FF FF 00 10 0D 22 93 00 00 01 00 00 10 00 C0 0D 00 00 30 44 
00 FF FF 00 10 0D 22 93 00 00 01 00 00 10 00 C1 0D 00 00 14 A9 
00 FF FF 00 10 0D 22 93 00 00 01 00 00 10 00 C2 0D 00 00 31 02 
00 FF FF 00 10 0D 22 93 00 00 01 00 00 10 00 C3 0D 00 00 0E 23 
00 FF FF 00 10 0D 22 93 00 00 01 00 00 10 00 C4 0D 00 00 18 43 
00 FF FF 00 10 0D 22 93 00 00 01 00 00 10 00 C5 0D 00 00 1C 1E 
00 FF FF 00 10 0D 22 93 00 00 01 00 00 10 00 C6 0D 00 00 27 2A 
00 FF FF 00 10 0D 22 93 00 00 01 00 00 10 00 C7 0D 00 00 2D FA 
00 FF FF 00 10 0D 22 93 00 00 01 00 00 10 00 C8 0D 00 00 10 81 
00 FF FF 00 10 0D 22 93 00 00 01 00 00 10 00 C9 0D 00 00 36 A4 
00 FF FF 00 10 0D 22 93 00 00 01 00 00 10 00 CA 0D 00 00 0F 3F 
00 FF FF 00 10 0D 22 93 00 00 01 00 00 10 00 CB 0D 00 00 28 CE 
00 FF FF 00 10 0D 22 93 00 00 01 00 00 10 00 CC 0D 00 00 0A BA 
00 FF FF 00 10 0D 22 93 00 00 01 00 00 10 00 CD 0D 00 00 20 3A 
00 FF FF 00 10 0D 22 93 00 00 01 00 00 10 00 CE 0D 00 00 19 DE 
00 FF FF 00 10 0D 22 93 00 00 01 00 00 10 00 CF 0D 00 00 14 19 
00 FF FF 00 10 0D 22 93 00 00 01 00 00 10 00 D0 0D 00 00 2C 6C 
00 FF FF 00 10 0D 22 93 00 00 01 00 00 10 00 D1 0D 00 00 0E 31 
00 FF FF 00 10 0D 22 93 00 00 01 00 00 10 00 D2 0D 00 00 34 B4 
00 FF FF 00 10 0D 22 93 00 00 01 00 00 10 00 D3 0D 00 00 11 0D 
00 FF FF 00 10 0D 22 93 00 00 01 00 00 10 00 D4 0D 00 00 06 E9 
00 FF FF 00 10 0D 22 93 00 00 01 00 00 10 00 D5 0D 00 00 13 AF 
00 FF FF 00 10 0D 22 93 00 00 01 00 00 10 00 D6 0D 00 00 1E 76 
00 FF FF 00 10 0D 22 93 00 00 01 00 00 10 00 D7 0D 00 00 18 D1 
00 FF FF 00 10 0D 22 93 00 00 01 00 00 10 00 D8 0D 00 00 12 8E 
00 FF FF 00 10 0D 22 93 00 00 01 00 00 10 00 D9 0D 00 00 0C D8 
00 FF FF 00 10 0D 22 93 00 00 01 00 00 10 00 DA 0D 00 00 0D BE 
00 FF FF 00 10 0D 22 93 00 00 01 00 00 10 00 DB 0D 00 00 33 C2 
00 FF FF 00 10 0D 22 93 00 00 01 00 00 10 00 DC 0D 00 00 0F 5C 
00 FF FF 00 10 0D 22 93 00 00 01 00 00 10 00 DD 0D 00 00 25 05 
00 FF FF 00 10 0D 22 93 00 00 01 00 00 10 00 DE 0D 00 00 12 2A 
00 FF FF 00 10 0D 22 93 00 00 01 00 00 10 00 DF 0D 00 00 1A D5 
00 FF FF 00 10 0D 22 93 00 00 01 00 00 10 00 E0 0D 00 00 17 CE 
00 FF FF 00 10 0D 22 93 00 00 01 00 00 10 00 E1 0D 00 00 0D 1F 
00 FF FF 00 10 0D 22 93 00 00 01 00 00 10 00 E2 0D 00 00 1E 94 
00 FF FF 00 10 0D 22 93 00 00 01 00 00 10 00 E3 0D 00 00 10 4E 
00 FF FF 00 10 0D 22 93 00 00 01 00 00 10 00 E4 0D 00 00 26 73 
00 FF FF 00 10 0D 22 93 00 00 01 00 00 10 00 E5 0D 00 00 1B 25 
00 FF FF 00 10 0D 22 93 00 00 01 00 00 10 00 E6 0D 00 00 24 BD 
00 FF FF 00 10 0D 22 93 00 00 01 00 00 10 00 E7 0D 00 00 1D 25 
00 FF FF 00 10 0D 22 93 00 00 01 00 00 10 00 E8 0D 00 00 18 71 
00 FF FF 00 10 0D 22 93 00 00 01 00 00 10 00 E9 0D 00 00 15 E2 
00 FF FF 00 10 0D 22 93 00 00 01 00 00 10 00 EA 0D 00 00 0F 5B 
00 FF FF 00 10 0D 22 93 00 00 01 00 00 10 00 EB 0D 00 00 19 54 
00 FF FF 00 10 0D 22 93 00 00 01 00 00 10 00 EC 0D 00 00 0F A5 
00 FF FF 00 10 0D 22 93 00 00 01 00 00 10 00 ED 0D 00 00 20 B1 
00 FF FF 00 10 0D 22 93 00 00 01 00 00 10 00 EE 0D 00 00 14 3D 
00 FF FF 00 10 0D 22 93 00 00 01 00 00 10 00 EF 0D 00 00 21 A9 
00 FF FF 00 10 0D 22 93 00 00 01 00 00 10 00 F0 0D 00 00 23 6E 
00 FF FF 00 10 0D 22 93 00 00 01 00 00 10 00 F1 0D 00 00 17 AC 
00 FF FF 00 10 0D 22 93 00 00 01 00 00 10 00 F2 0D 00 00 1C F4 
00 FF FF 00 10 0D 22 93 00 00 01 00 00 10 00 F3 0D 00 00 0F 31 
00 FF FF 00 10 0D 22 93 00 00 01 00 00 10 00 F4 0D 00 00 19 16 
00 FF FF 00 10 0D 22 93 00 00 01 00 00 10 00 F5 0D 00 00 12 F9 
00 FF FF 00 10 0D 22 93 00 00 01 00 00 10 00 F6 0D 00 00 1C 43 
00 FF FF 00 10 0D 22 93 00 00 01 00 00 10 00 F7 0D 00 00 1A 91 
00 FF FF 00 10 0D 22 93 00 00 01 00 00 10 00 F8 0D 00 00 20 FD 
00 FF FF 00 10 0D 22 93 00 00 01 00 00 10 00 F9 0D 00 00 22 93 
00 FF FF 00 10 0D 22 93 00 00 01 00 00 10 00 FA 0D 00 00 14 C6 
00 FF FF 00 10 0D 22 93 00 00 01 00 00 10 00 FB 0D 00 00 1A 86 
00 FF FF 00 10 0D 22 93 00 00 01 00 00 10 00 FC 0D 00 00 0E 6E 
00 FF FF 00 10 0D 22 93 00 00 01 00 00 10 00 FD 0D 00 00 16 E5 
00 FF FF 00 10 0D 22 93 00 00 01 00 00 10 00 FE 0D 00 00 11 DA 
00 FF FF 00 10 0D 22 93 00 00 01 00 00 10 00 FF 0D 00 00 17 2F 
00 FF FF 00 10 0D 22 93 00 00 01 00 00 10 01 00 0D 00 00 1C 15 
00 FF FF 00 10 0D 22 93 00 00 01 00 00 10 01 01 0D 00 00 1A 35 
00 FF FF 00 10 0D 22 93 00 00 01 00 00 10 01 02 0D 00 00 2F 6D 
00 FF FF 00 10 0D 22 93 00 00 01 00 00 10 01 03 0D 00 00 12 83 
00 FF FF 00 10 0D 22 93 00 00 01 00 00 10 01 04 0D 00 00 21 16 
00 FF FF 00 10 0D 22 93 00 00 01 00 00 10 01 05 0D 00 00 11 12 
00 FF FF 00 10 0D 22 93 00 00 01 00 00 10 01 06 0D 00 00 1A E5 
00 FF FF 00 10 0D 22 93 00 00 01 00 00 10 01 07 0D 00 00 17 FD 
00 FF FF 00 10 0D 22 93 00 00 01 00 00 10 01 08 0D 00 00 13 DF 
00 FF FF 00 10 0D 22 93 00 00 01 00 00 10 01 09 0D 00 00 1B E6 
00 FF FF 00 10 0D 22 93 00 00 01 00 00 10 01 0A 0D 00 00 17 D5 
00 FF FF 00 10 0D 22 93 00 00 01 00 00 10 01 0B 0D 00 00 2B 0D 
00 FF FF 00 10 0D 22 93 00 00 01 00 00 10 01 0C 0D 00 00 11 87 
00 FF FF 00 10 0D 22 93 00 00 01 00 00 10 01 0D 0D 00 00 27 7A 
00 FF FF 00 10 0D 22 93 00 00 01 00 00 10 01 0E 0D 00 00 02 61 
00 FF FF 00 10 0D 22 93 00 00 01 00 00 10 01 0F 0D 00 00 1B 16 
00 FF FF 00 10 0D 22 93 00 00 01 00 00 10 01 10 0D 00 00 18 9B 
00 FF FF 00 10 0D 22 93 00 00 01 00 00 10 01 11 0D 00 00 0A CF 
00 FF FF 00 10 0D 22 93 00 00 01 00 00 10 01 12 0D 00 00 20 72 
00 FF FF 00 10 0D 22 93 00 00 01 00 00 10 01 13 0D 00 00 16 75 
00 FF FF 00 10 0D 22 93 00 00 01 00 00 10 01 14 0D 00 00 32 5A 
00 FF FF 00 10 0D 22 93 00 00 01 00 00 10 01 15 0D 00 00 0F 1A 
00 FF FF 00 10 0D 22 93 00 00 01 00 00 10 01 16 0D 00 00 31 02 
00 FF FF 00 10 0D 22 93 00 00 01 00 00 10 01 17 0D 00 00 10 3F 
00 FF FF 00 10 0D 22 93 00 00 01 00 00 10 01 18 0D 00 00 06 15 
00 FF FF 00 10 0D 22 93 00 00 01 00 00 10 01 19 0D 00 00 04 7D 
00 FF FF 00 10 0D 22 93 00 00 01 00 00 10 01 1A 0D 00 00 11 22 
00 FF FF 00 10 0D 22 93 00 00 01 00 00 10 01 1B 0D 00 00 1D C3 
00 FF FF 00 10 0D 22 93 00 00 01 00 00 10 01 1C 0D 00 00 16 7A 
00 FF FF 00 10 0D 22 93 00 00 01 00 00 10 01 1D 0D 00 00 2B F9 
00 FF FF 00 10 0D 22 93 00 00 01 00 00 10 01 1E 0D 00 00 0C C3 
00 FF FF 00 10 0D 22 93 00 00 01 00 00 10 01 1F 0D 00 00 2D 4D 
00 FF FF 00 10 0D 22 93 00 00 01 00 00 10 01 20 0D 00 00 01 48 
00 FF FF 00 10 0D 22 93 00 00 01 00 00 10 01 21 0D 00 00 0D B5 
00 FF FF 00 10 0D 22 93 00 00 01 00 00 10 01 22 0D 00 00 15 CF 
00 FF FF 00 10 0D 22 93 00 00 01 00 00 10 01 23 0D 00 00 11 9B 
00 FF FF 00 10 0D 22 93 00 00 01 00 00 10 01 24 0D 00 00 29 C9 
00 FF FF 00 10 0D 22 93 00 00 01 00 00 10 01 25 0D 00 00 14 DF 
00 FF FF 00 10 0D 22 93 00 00 01 00 00 10 01 26 0D 00 00 2E D4 
00 FF FF 00 10 0D 22 93 00 00 01 00 00 10 01 27 0D 00 00 0A FC 
00 FF FF 00 10 0D 22 93 00 00 01 00 00 10 01 28 0D 00 00 31 55 
00 FF FF 00 10 0D 22 93 00 00 01 00 00 10 01 29 0D 00 00 14 29 
00 FF FF 00 10 0D 22 93 00 00 01 00 00 10 01 2A 0D 00 00 2F 8A 
00 FF FF 00 10 0D 22 93 00 00 01 00 00 10 01 2B 0D 00 00 16 93 
00 FF FF 00 10 0D 22 93 00 00 01 00 00 10 01 2C 0D 00 00 22 3A 
00 FF FF 00 10 0D 22 93 00 00 01 00 00 10 01 2D 0D 00 00 0A 4B 
00 FF FF 00 10 0D 22 93 00 00 01 00 00 10 01 2E 0D 00 00 20 E1 
00 FF FF 00 10 0D 22 93 00 00 01 00 00 10 01 2F 0D 00 00 2C CA 
00 FF FF 00 10 0D 22 93 00 00 01 00 00 10 01 30 0D 00 00 11 6B 
00 FF FF 00 10 0D 22 93 00 00 01 00 00 10 01 31 0D 00 00 32 8A 
00 FF FF 00 10 0D 22 93 00 00 01 00 00 10 01 32 0D 00 00 13 0F 
00 FF FF 00 10 0D 22 93 00 00 01 00 00 10 01 33 0D 00 00 38 64 
00 FF FF 00 10 0D 22 93 00 00 01 00 00 10 01 34 0D 00 00 12 F9 
00 FF FF 00 10 0D 22 93 00 00 01 00 00 10 01 35 0D 00 00 2E B9 
00 FF FF 00 10 0D 22 93 00 00 01 00 00 10 01 36 0D 00 00 26 EE 
00 FF FF 00 10 0D 22 93 00 00 01 00 00 10 01 37 0D 00 00 1A 67 
00 FF FF 00 10 0D 22 93 00 00 01 00 00 10 01 38 0D 00 00 2B 82 
00 FF FF 00 10 0D 22 93 00 00 01 00 00 10 01 39 0D 00 00 0F E3 
00 FF FF 00 10 0D 22 93 00 00 01 00 00 10 01 3A 0D 00 00 38 64 
00 FF FF 00 10 0D 22 93 00 00 01 00 00 10 01 3B 0D 00 00 13 F1 
00 FF FF 00 10 0D 22 93 00 00 01 00 00 10 01 3C 0D 00 00 31 C4 
00 FF FF 00 10 0D 22 93 00 00 01 00 00 10 01 3D 0D 00 00 10 2A 
00 FF FF 00 10 0D 22 93 00 00 01 00 00 10 01 3E 0D 00 00 31 35 
00 FF FF 00 10 0D 22 93 00 00 01 00 00 10 01 3F 0D 00 00 13 A7 
00 FF FF 00 10 0D 22 93 00 00 01 00 00 10 01 40 0D 00 00 1D FD 
00 FF FF 00 10 0D 22 93 00 00 01 00 00 10 01 41 0D 00 00 38 44 
00 FF FF 00 10 0D 22 93 00 00 01 00 00 10 01 42 0D 00 00 0E B5 
00 FF FF 00 10 0D 22 93 00 00 01 00 00 10 01 43 0D 00 00 34 22 
00 FF FF 00 10 0D 22 93 00 00 01 00 00 10 01 44 0D 00 00 14 69 
00 FF FF 00 10 0D 22 93 00 00 01 00 00 10 01 45 0D 00 00 2F 8A 
00 FF FF 00 10 0D 22 93 00 00 01 00 00 10 01 46 0D 00 00 0E 81 
00 FF FF 00 10 0D 22 93 00 00 01 00 00 10 01 47 0D 00 00 07 D6 
00 FF FF 00 10 0D 22 93 00 00 01 00 00 10 01 48 0D 00 00 1C 67 
00 FF FF 00 10 0D 22 93 00 00 01 00 00 10 01 49 0D 00 00 23 65 
00 FF FF 00 10 0D 22 93 00 00 01 00 00 10 01 4A 0D 00 00 2E D6 
00 FF FF 00 10 0D 22 93 00 00 01 00 00 10 01 4B 0D 00 00 0E BA 
00 FF FF 00 10 0D 22 93 00 00 01 00 00 10 01 4C 0D 00 00 1E E2 
00 FF FF 00 10 0D 22 93 00 00 01 00 00 10 01 4D 0D 00 00 13 96 
00 FF FF 00 10 0D 22 93 00 00 01 00 00 10 01 4E 0D 00 00 3C 14 
00 FF FF 00 10 0D 22 93 00 00 01 00 00 10 01 4F 0D 00 00 13 99 
00 FF FF 00 10 0D 22 93 00 00 01 00 00 10 01 50 0D 00 00 31 29 
00 FF FF 00 10 0D 22 93 00 00 01 00 00 10 01 51 0D 00 00 1B 33 
00 FF FF 00 10 0D 22 93 00 00 01 00 00 10 01 52 0D 00 00 34 F4 
00 FF FF 00 10 0D 22 93 00 00 01 00 00 10 01 53 0D 00 00 2B D0 
00 FF FF 00 10 0D 22 93 00 00 01 00 00 10 01 54 0D 00 00 13 53 
00 FF FF 00 10 0D 22 93 00 00 01 00 00 10 01 55 0D 00 00 2D 7E 
00 FF FF 00 10 0D 22 93 00 00 01 00 00 10 01 56 0D 00 00 14 E9 
00 FF FF 00 10 0D 22 93 00 00 01 00 00 10 01 57 0D 00 00 32 25 
00 FF FF 00 10 0D 22 93 00 00 01 00 00 10 01 58 0D 00 00 11 4A 
00 FF FF 00 10 0D 22 93 00 00 01 00 00 10 01 59 0D 00 00 2C 6D 
00 FF FF 00 10 0D 22 93 00 00 01 00 00 10 01 5A 0D 00 00 1B A2 
00 FF FF 00 10 0D 22 93 00 00 01 00 00 10 01 5B 0D 00 00 21 53 
00 FF FF 00 10 0D 22 93 00 00 01 00 00 10 01 5C 0D 00 00 20 0E 
00 FF FF 00 10 0D 22 93 00 00 01 00 00 10 01 5D 0D 00 00 1A 78 
00 FF FF 00 10 0D 22 93 00 00 01 00 00 10 01 5E 0D 00 00 32 EC 
00 FF FF 00 10 0D 22 93 00 00 01 00 00 10 01 5F 0D 00 00 12 53 
00 FF FF 00 10 0D 22 93 00 00 01 00 00 10 01 60 0D 00 00 39 4A 
00 FF FF 00 10 0D 22 93 00 00 01 00 00 10 01 61 0D 00 00 04 F5 
00 FF FF 00 10 0D 22 93 00 00 01 00 00 10 01 62 0D 00 00 2F B1 
00 FF FF 00 10 0D 22 93 00 00 01 00 00 10 01 63 0D 00 00 18 94 
00 FF FF 00 10 0D 22 93 00 00 01 00 00 10 01 64 0D 00 00 21 AE 
00 FF FF 00 10 0D 22 93 00 00 01 00 00 10 01 65 0D 00 00 1C C5 
00 FF FF 00 10 0D 22 93 00 00 01 00 00 10 01 66 0D 00 00 1A C3 
00 FF FF 00 10 0D 22 93 00 00 01 00 00 10 01 67 0D 00 00 28 0A 
00 FF FF 00 10 0D 22 93 00 00 01 00 00 10 01 68 0D 00 00 13 2A 
00 FF FF 00 10 0D 22 93 00 00 01 00 00 10 01 69 0D 00 00 33 DB 
00 FF FF 00 10 0D 22 93 00 00 01 00 00 10 01 6A 0D 00 00 1E 4D 
00 FF FF 00 10 0D 22 93 00 00 01 00 00 10 01 6B 0D 00 00 2F BD 
00 FF FF 00 10 0D 22 93 00 00 01 00 00 10 01 6C 0D 00 00 1A 5A 
00 FF FF 00 10 0D 22 93 00 00 01 00 00 10 01 6D 0D 00 00 20 8A 
00 FF FF 00 10 0D 22 93 00 00 01 00 00 10 01 6E 0D 00 00 1B E6 
00 FF FF 00 10 0D 22 93 00 00 01 00 00 10 01 6F 0D 00 00 0D 62 
00 FF FF 00 10 0D 22 93 00 00 01 00 00 10 01 70 0D 00 00 20 F3 
00 FF FF 00 10 0D 22 93 00 00 01 00 00 10 01 71 0D 00 00 17 2E 
00 FF FF 00 10 0D 22 93 00 00 01 00 00 10 01 72 0D 00 00 28 02 
00 FF FF 00 10 0D 22 93 00 00 01 00 00 10 01 73 0D 00 00 22 1D 
00 FF FF 00 10 0D 22 93 00 00 01 00 00 10 01 74 0D 00 00 2D 7D 
00 FF FF 00 10 0D 22 93 00 00 01 00 00 10 01 75 0D 00 00 17 DE 
00 FF FF 00 10 0D 22 93 00 00 01 00 00 10 01 76 0D 00 00 1F 43 
00 FF FF 00 10 0D 22 93 00 00 01 00 00 10 01 77 0D 00 00 13 0E 
00 FF FF 00 10 0D 22 93 00 00 01 00 00 10 01 78 0D 00 00 17 78 
00 FF FF 00 10 0D 22 93 00 00 01 00 00 10 01 79 0D 00 00 17 D7 
00 FF FF 00 10 0D 22 93 00 00 01 00 00 10 01 7A 0D 00 00 17 5A 
00 FF FF 00 10 0D 22 93 00 00 01 00 00 10 01 7B 0D 00 00 28 B3 
00 FF FF 00 10 0D 22 93 00 00 01 00 00 10 01 7C 0D 00 00 2D B1 
00 FF FF 00 10 0D 22 93 00 00 01 00 00 10 01 7D 0D 00 00 1B E5 
00 FF FF 00 10 0D 22 93 00 00 01 00 00 10 01 7E 0D 00 00 23 A6 
00 FF FF 00 10 0D 22 93 00 00 01 00 00 10 01 7F 0D 00 00 1A EA 
00 FF FF 00 10 0D 22 93 00 00 01 00 00 10 01 80 0D 00 00 1A 96 
00 FF FF 00 10 0D 22 93 00 00 01 00 00 10 01 81 0D 00 00 1A 73 
00 FF FF 00 10 0D 22 93 00 00 01 00 00 10 01 82 0D 00 00 18 13 
00 FF FF 00 10 0D 22 93 00 00 01 00 00 10 01 83 0D 00 00 19 2D 
00 FF FF 00 10 0D 22 93 00 00 01 00 00 10 01 84 0D 00 00 0E FB 
00 FF FF 00 10 0D 22 93 00 00 01 00 00 10 01 85 0D 00 00 25 79 
00 FF FF 00 10 0D 22 93 00 00 01 00 00 10 01 86 0D 00 00 14 7C 
00 FF FF 00 10 0D 22 93 00 00 01 00 00 10 01 87 0D 00 00 1C 55 
00 FF FF 00 10 0D 22 93 00 00 01 00 00 10 01 88 0D 00 00 1C 35 
00 FF FF 00 10 0D 22 93 00 00 01 00 00 10 01 89 0D 00 00 17 EC 
00 FF FF 00 10 0D 22 93 00 00 01 00 00 10 01 8A 0D 00 00 18 F1 
00 FF FF 00 10 0D 22 93 00 00 01 00 00 10 01 8B 0D 00 00 18 23 
00 FF FF 00 10 0D 22 93 00 00 01 00 00 10 01 8C 0D 00 00 1A AD 
00 FF FF 00 10 0D 22 93 00 00 01 00 00 10 01 8D 0D 00 00 0F 88 
00 FF FF 00 10 0D 22 93 00 00 01 00 00 10 01 8E 0D 00 00 32 D8 
00 FF FF 00 10 0D 22 93 00 00 01 00 00 10 01 8F 0D 00 00 24 3F 
00 FF FF 00 10 0D 22 93 00 00 01 00 00 10 01 90 0D 00 00 28 34 
00 FF FF 00 10 0D 22 93 00 00 01 00 00 10 01 91 0D 00 00 19 DE 
00 FF FF 00 10 0D 22 93 00 00 01 00 00 10 01 92 0D 00 00 26 D6 
00 FF FF 00 10 0D 22 93 00 00 01 00 00 10 01 93 0D 00 00 19 B2 
00 FF FF 00 10 0D 22 93 00 00 01 00 00 10 01 94 0D 00 00 18 92 
00 FF FF 00 10 0D 22 93 00 00 01 00 00 10 01 95 0D 00 00 23 69 
00 FF FF 00 10 0D 22 93 00 00 01 00 00 10 01 96 0D 00 00 1A BA 
00 FF FF 00 10 0D 22 93 00 00 01 00 00 10 01 97 0D 00 00 2E 54 
00 FF FF 00 10 0D 22 93 00 00 01 00 00 10 01 98 0D 00 00 1C EC 
00 FF FF 00 10 0D 22 93 00 00 01 00 00 10 01 99 0D 00 00 3A 34 
00 FF FF 00 10 0D 22 93 00 00 01 00 00 10 01 9A 0D 00 00 16 7A 
00 FF FF 00 10 0D 22 93 00 00 01 00 00 10 01 9B 0D 00 00 1E F2 
00 FF FF 00 10 0D 22 93 00 00 01 00 00 10 01 9C 0D 00 00 17 36 
00 FF FF 00 10 0D 22 93 00 00 01 00 00 10 01 9D 0D 00 00 1F FD 
00 FF FF 00 10 0D 22 93 00 00 01 00 00 10 01 9E 0D 00 00 27 1D 
00 FF FF 00 10 0D 22 93 00 00 01 00 00 10 01 9F 0D 00 00 16 0B 
00 FF FF 00 10 0D 22 93 00 00 01 00 00 10 01 A0 0D 00 00 2B F9 
00 FF FF 00 10 0D 22 93 00 00 01 00 00 10 01 A1 0D 00 00 19 EB 
00 FF FF 00 10 0D 22 93 00 00 01 00 00 10 01 A2 0D 00 00 2E 22 
00 FF FF 00 10 0D 22 93 00 00 01 00 00 10 01 A3 0D 00 00 14 C9 
00 FF FF 00 10 0D 22 93 00 00 01 00 00 10 01 A4 0D 00 00 25 D2 
00 FF FF 00 10 0D 22 93 00 00 01 00 00 10 01 A5 0D 00 00 18 C6 
00 FF FF 00 10 0D 22 93 00 00 01 00 00 10 01 A6 0D 00 00 23 9A 
00 FF FF 00 10 0D 22 93 00 00 01 00 00 10 01 A7 0D 00 00 1E C3 
00 FF FF 00 10 0D 22 93 00 00 01 00 00 10 01 A8 0D 00 00 0A CC 
00 FF FF 00 10 0D 22 93 00 00 01 00 00 10 01 A9 0D 00 00 37 61 
00 FF FF 00 10 0D 22 93 00 00 01 00 00 10 01 AA 0D 00 00 0F 37 
00 FF FF 00 10 0D 22 93 00 00 01 00 00 10 01 AB 0D 00 00 2E D4 
00 FF FF 00 10 0D 22 93 00 00 01 00 00 10 01 AC 0D 00 00 14 F3 
00 FF FF 00 10 0D 22 93 00 00 01 00 00 10 01 AD 0D 00 00 1A E2 
00 FF FF 00 10 0D 22 93 00 00 01 00 00 10 01 AE 0D 00 00 06 0C 
00 FF FF 00 10 0D 22 93 00 00 01 00 00 10 01 AF 0D 00 00 16 35 
00 FF FF 00 10 0D 22 93 00 00 01 00 00 10 01 B0 0D 00 00 24 0C 
00 FF FF 00 10 0D 22 93 00 00 01 00 00 10 01 B1 0D 00 00 0B A3 
00 FF FF 00 10 0D 22 93 00 00 01 00 00 10 01 B2 0D 00 00 38 64 
00 FF FF 00 10 0D 22 93 00 00 01 00 00 10 01 B3 0D 00 00 11 8A 
00 FF FF 00 10 0D 22 93 00 00 01 00 00 10 01 B4 0D 00 00 15 70 
00 FF FF 00 10 0D 22 93 00 00 01 00 00 10 01 B5 0D 00 00 14 F2 
00 FF FF 00 10 0D 22 93 00 00 01 00 00 10 01 B6 0D 00 00 14 82 
00 FF FF 00 10 0D 22 93 00 00 01 00 00 10 01 B7 0D 00 00 12 0B 
00 FF FF 00 10 0D 22 93 00 00 01 00 00 10 01 B8 0D 00 00 1B 46 
00 FF FF 00 10 0D 22 93 00 00 01 00 00 10 01 B9 0D 00 00 21 B8 
00 FF FF 00 10 0D 22 93 00 00 01 00 00 10 01 BA 0D 00 00 12 23 
00 FF FF 00 10 0D 22 93 00 00 01 00 00 10 01 BB 0D 00 00 34 F4 
00 FF FF 00 10 0D 22 93 00 00 01 00 00 10 01 BC 0D 00 00 11 87 
00 FF FF 00 10 0D 22 93 00 00 01 00 00 10 01 BD 0D 00 00 2F 8A 
00 FF FF 00 10 0D 22 93 00 00 01 00 00 10 01 BE 0D 00 00 16 31 
00 FF FF 00 10 0D 22 93 00 00 01 00 00 10 01 BF 0D 00 00 34 22 
00 FF FF 00 10 0D 22 93 00 00 01 00 00 10 01 C0 0D 00 00 0E 33 
00 FF FF 00 10 0D 22 93 00 00 01 00 00 10 01 C1 0D 00 00 21 26 
00 FF FF 00 10 0D 22 93 00 00 01 00 00 10 01 C2 0D 00 00 24 B6 
00 FF FF 00 10 0D 22 93 00 00 01 00 00 10 01 C3 0D 00 00 1C D5 
00 FF FF 00 10 0D 22 93 00 00 01 00 00 10 01 C4 0D 00 00 33 04 
00 FF FF 00 10 0D 22 93 00 00 01 00 00 10 01 C5 0D 00 00 0E 2B 
00 FF FF 00 10 0D 22 93 00 00 01 00 00 10 01 C6 0D 00 00 32 8A 
00 FF FF 00 10 0D 22 93 00 00 01 00 00 10 01 C7 0D 00 00 04 05 
00 FF FF 00 10 0D 22 93 00 00 01 00 00 10 01 C8 0D 00 00 31 C4 
00 FF FF 00 10 0D 22 93 00 00 01 00 00 10 01 C9 0D 00 00 0E AA 
00 FF FF 00 10 0D 22 93 00 00 01 00 00 10 01 CA 0D 00 00 34 A4 
00 FF FF 00 10 0D 22 93 00 00 01 00 00 10 01 CB 0D 00 00 11 E9 
00 FF FF 00 10 0D 22 93 00 00 01 00 00 10 01 CC 0D 00 00 20 7F 
00 FF FF 00 10 0D 22 93 00 00 01 00 00 10 01 CD 0D 00 00 1F 5E 
00 FF FF 00 10 0D 22 93 00 00 01 00 00 10 01 CE 0D 00 00 0E DD 
00 FF FF 00 10 0D 22 93 00 00 01 00 00 10 01 CF 0D 00 00 16 D9 
00 FF FF 00 10 0D 22 93 00 00 01 00 00 10 01 D0 0D 00 00 15 50 
00 FF FF 00 10 0D 22 93 00 00 01 00 00 10 01 D1 0D 00 00 32 8A 
00 FF FF 00 10 0D 22 93 00 00 01 00 00 10 01 D2 0D 00 00 0E 5B 
00 FF FF 00 10 0D 22 93 00 00 01 00 00 10 01 D3 0D 00 00 25 47 
00 FF FF 00 10 0D 22 93 00 00 01 00 00 10 01 D4 0D 00 00 1B B9 
00 FF FF 00 10 0D 22 93 00 00 01 00 00 10 01 D5 0D 00 00 24 86 
00 FF FF 00 10 0D 22 93 00 00 01 00 00 10 01 D6 0D 00 00 2B D0 
00 FF FF 00 10 0D 22 93 00 00 01 00 00 10 01 D7 0D 00 00 12 D7 
00 FF FF 00 10 0D 22 93 00 00 01 00 00 10 01 D8 0D 00 00 31 34 
00 FF FF 00 10 0D 22 93 00 00 01 00 00 10 01 D9 0D 00 00 13 57 
00 FF FF 00 10 0D 22 93 00 00 01 00 00 10 01 DA 0D 00 00 30 44 
00 FF FF 00 10 0D 22 93 00 00 01 00 00 10 01 DB 0D 00 00 13 99 
00 FF FF 00 10 0D 22 93 00 00 01 00 00 10 01 DC 0D 00 00 33 CD 
00 FF FF 00 10 0D 22 93 00 00 01 00 00 10 01 DD 0D 00 00 19 0D 
00 FF FF 00 10 0D 22 93 00 00 01 00 00 10 01 DE 0D 00 00 23 8A 
00 FF FF 00 10 0D 22 93 00 00 01 00 00 10 01 DF 0D 00 00 20 E4 
00 FF FF 00 10 0D 22 93 00 00 01 00 00 10 01 E0 0D 00 00 16 31 
00 FF FF 00 10 0D 22 93 00 00 01 00 00 10 01 E1 0D 00 00 33 04 
00 FF FF 00 10 0D 22 93 00 00 01 00 00 10 01 E2 0D 00 00 03 B8 
00 FF FF 00 10 0D 22 93 00 00 01 00 00 10 01 E3 0D 00 00 30 44 
00 FF FF 00 10 0D 22 93 00 00 01 00 00 10 01 E4 0D 00 00 13 2B 
00 FF FF 00 10 0D 22 93 00 00 01 00 00 10 01 E5 0D 00 00 32 F5 
00 FF FF 00 10 0D 22 93 00 00 01 00 00 10 01 E6 0D 00 00 16 AE 
00 FF FF 00 10 0D 22 93 00 00 01 00 00 10 01 E7 0D 00 00 22 43 
00 FF FF 00 10 0D 22 93 00 00 01 00 00 10 01 E8 0D 00 00 15 C4 
00 FF FF 00 10 0D 22 93 00 00 01 00 00 10 01 E9 0D 00 00 19 40 
00 FF FF 00 10 0D 22 93 00 00 01 00 00 10 01 EA 0D 00 00 14 93 
00 FF FF 00 10 0D 22 93 00 00 01 00 00 10 01 EB 0D 00 00 14 AB 
00 FF FF 00 10 0D 22 93 00 00 01 00 00 10 01 EC 0D 00 00 13 DD 
00 FF FF 00 10 0D 22 93 00 00 01 00 00 10 01 ED 0D 00 00 14 CF 
00 FF FF 00 10 0D 22 93 00 00 01 00 00 10 01 EE 0D 00 00 0D A5 
00 FF FF 00 10 0D 22 93 00 00 01 00 00 10 01 EF 0D 00 00 11 5A 
00 FF FF 00 10 0D 22 93 00 00 01 00 00 10 01 F0 0D 00 00 1F 9D 
00 FF FF 00 10 0D 22 93 00 00 01 00 00 10 01 F1 0D 00 00 14 0B 
00 FF FF 00 10 0D 22 93 00 00 01 00 00 10 01 F2 0D 00 00 16 59 
00 FF FF 00 10 0D 22 93 00 00 01 00 00 10 01 F3 0D 00 00 12 4B 
00 FF FF 00 10 0D 22 93 00 00 01 00 00 10 01 F4 0D 00 00 19 A6 
00 FF FF 00 10 0D 22 93 00 00 01 00 00 10 01 F5 0D 00 00 25 7A 
00 FF FF 00 10 0D 22 93 00 00 01 00 00 10 01 F6 0D 00 00 1D 5E 
00 FF FF 00 10 0D 22 93 00 00 01 00 00 10 01 F7 0D 00 00 2D 23 
00 FF FF 00 10 0D 22 93 00 00 01 00 00 10 01 F8 0D 00 00 0E DB 
00 FF FF 00 10 0D 22 93 00 00 01 00 00 10 01 F9 0D 00 00 1E 36 
00 FF FF 00 10 0D 22 93 00 00 01 00 00 10 01 FA 0D 00 00 18 96 
00 FF FF 00 10 0D 22 93 00 00 01 00 00 10 01 FB 0D 00 00 16 C5 
00 FF FF 00 10 0D 22 93 00 00 01 00 00 10 01 FC 0D 00 00 11 1A 
00 FF FF 00 10 0D 22 93 00 00 01 00 00 10 01 FD 0D 00 00 17 6F 
00 FF FF 00 10 0D 22 93 00 00 01 00 00 10 01 FE 0D 00 00 22 93 
00 FF FF 00 10 0D 22 93 00 00 01 00 00 10 01 FF 0D 00 00 1E 1F 
00 FF FF 00 10 0D 22 93 00 00 01 00 00 10 02 00 0D 00 00 29 B2 
00 FF FF 00 10 0D 22 93 00 00 01 00 00 10 02 01 0D 00 00 0F A5 
00 FF FF 00 10 0D 22 93 00 00 01 00 00 10 02 02 0D 00 00 1B B5 
00 FF FF 00 10 0D 22 93 00 00 01 00 00 10 02 03 0D 00 00 1A 5B 
00 FF FF 00 10 0D 22 93 00 00 01 00 00 10 02 04 0D 00 00 15 81 
00 FF FF 00 10 0D 22 93 00 00 01 00 00 10 02 05 0D 00 00 1B B2 
00 FF FF 00 10 0D 22 93 00 00 01 00 00 10 02 06 0D 00 00 1A F5 
00 FF FF 00 10 0D 22 93 00 00 01 00 00 10 02 07 0D 00 00 21 15 
00 FF FF 00 10 0D 22 93 00 00 01 00 00 10 02 08 0D 00 00 34 9A 
00 FF FF 00 10 0D 22 93 00 00 01 00 00 10 02 09 0D 00 00 28 BE 
00 FF FF 00 10 0D 22 93 00 00 01 00 00 10 02 0A 0D 00 00 07 6A 
00 FF FF 00 10 0D 22 93 00 00 01 00 00 10 02 0B 0D 00 00 1B 39 
00 FF FF 00 10 0D 22 93 00 00 01 00 00 10 02 0C 0D 00 00 19 CE 
00 FF FF 00 10 0D 22 93 00 00 01 00 00 10 02 0D 0D 00 00 18 3B 
00 FF FF 00 10 0D 22 93 00 00 01 00 00 10 02 0E 0D 00 00 16 44 
00 FF FF 00 10 0D 22 93 00 00 01 00 00 10 02 0F 0D 00 00 08 20 
00 FF FF 00 10 0D 22 93 00 00 01 00 00 10 02 10 0D 00 00 1C D3 
00 FF FF 00 10 0D 22 93 00 00 01 00 00 10 02 11 0D 00 00 27 DA 
00 FF FF 00 10 0D 22 93 00 00 01 00 00 10 02 12 0D 00 00 09 DB 
00 FF FF 00 10 0D 22 93 00 00 01 00 00 10 02 13 0D 00 00 2C 61 
00 FF FF 00 10 0D 22 93 00 00 01 00 00 10 02 14 0D 00 00 19 89 
00 FF FF 00 10 0D 22 93 00 00 01 00 00 10 02 15 0D 00 00 09 D6 
00 FF FF 00 10 0D 22 93 00 00 01 00 00 10 02 16 0D 00 00 14 EA 
00 FF FF 00 10 0D 22 93 00 00 01 00 00 10 02 17 0D 00 00 18 68 
00 FF FF 00 10 0D 22 93 00 00 01 00 00 10 02 18 0D 00 00 18 F1 
00 FF FF 00 10 0D 22 93 00 00 01 00 00 10 02 19 0D 00 00 16 B2 
00 FF FF 00 10 0D 22 93 00 00 01 00 00 10 02 1A 0D 00 00 1D 3C 
00 FF FF 00 10 0D 22 93 00 00 01 00 00 10 02 1B 0D 00 00 1D 7A 
00 FF FF 00 10 0D 22 93 00 00 01 00 00 10 02 1C 0D 00 00 16 B2 
00 FF FF 00 10 0D 22 93 00 00 01 00 00 10 02 1D 0D 00 00 17 CA 
00 FF FF 00 10 0D 22 93 00 00 01 00 00 10 02 1E 0D 00 00 21 07 
00 FF FF 00 10 0D 22 93 00 00 01 00 00 10 02 1F 0D 00 00 14 DB 
00 FF FF 00 10 0D 22 93 00 00 01 00 00 10 02 20 0D 00 00 15 8C 
00 FF FF 00 10 0D 22 93 00 00 01 00 00 10 02 21 0D 00 00 19 35 
00 FF FF 00 10 0D 22 93 00 00 01 00 00 10 02 22 0D 00 00 15 69 
00 FF FF 00 10 0D 22 93 00 00 01 00 00 10 02 23 0D 00 00 36 A4 
00 FF FF 00 10 0D 22 93 00 00 01 00 00 10 02 24 0D 00 00 1A 63 
00 FF FF 00 10 0D 22 93 00 00 01 00 00 10 02 25 0D 00 00 17 66 
00 FF FF 00 10 0D 22 93 00 00 01 00 00 10 02 26 0D 00 00 15 6A 
00 FF FF 00 10 0D 22 93 00 00 01 00 00 10 02 27 0D 00 00 1C 4D 
00 FF FF 00 10 0D 22 93 00 00 01 00 00 10 02 28 0D 00 00 13 DE 
00 FF FF 00 10 0D 22 93 00 00 01 00 00 10 02 2B 0D 00 00 15 A2 
00 FF FF 00 10 0D 22 93 00 00 01 00 00 10 02 2C 0D 00 00 35 CA 
00 FF FF 00 10 0D 22 93 00 00 01 00 00 10 02 2D 0D 00 00 14 69 
00 FF FF 00 10 0D 22 93 00 00 01 00 00 10 02 2E 0D 00 00 3C 14 
00 FF FF 00 10 0D 22 93 00 00 01 00 00 10 02 2F 0D 00 00 14 51 
00 FF FF 00 10 0D 22 93 00 00 01 00 00 10 02 30 0D 00 00 35 CA 
00 FF FF 00 10 0D 22 93 00 00 01 00 00 10 02 31 0D 00 00 0D F7 
00 FF FF 00 10 0D 22 93 00 00 01 00 00 10 02 32 0D 00 00 22 DD 
00 FF FF 00 10 0D 22 93 00 00 01 00 00 10 02 34 0D 00 00 16 D5 
00 FF FF 00 10 0D 22 93 00 00 01 00 00 10 02 35 0D 00 00 3C 14 
00 FF FF 00 10 0D 22 93 00 00 01 00 00 10 02 36 0D 00 00 11 36 
00 FF FF 00 10 0D 22 93 00 00 01 00 00 10 02 37 0D 00 00 05 C1 
00 FF FF 00 10 0D 22 93 00 00 01 00 00 10 02 38 0D 00 00 13 17 
00 FF FF 00 10 0D 22 93 00 00 01 00 00 10 02 39 0D 00 00 2F 8A 
00 FF FF 00 10 0D 22 93 00 00 01 00 00 10 02 3A 0D 00 00 13 F4 
00 FF FF 00 10 0D 22 93 00 00 01 00 00 10 02 3B 0D 00 00 2E 0D 
00 FF FF 00 10 0D 22 93 00 00 01 00 00 10 02 3D 0D 00 00 1A D5 
00 FF FF 00 10 0D 22 93 00 00 01 00 00 10 02 3E 0D 00 00 3C 14 
00 FF FF 00 10 0D 22 93 00 00 01 00 00 10 02 3F 0D 00 00 0E 5B 
00 FF FF 00 10 0D 22 93 00 00 01 00 00 10 02 40 0D 00 00 30 32 
00 FF FF 00 10 0D 22 93 00 00 01 00 00 10 02 41 0D 00 00 16 39 
00 FF FF 00 10 0D 22 93 00 00 01 00 00 10 02 42 0D 00 00 2F 8A 
00 FF FF 00 10 0D 22 93 00 00 01 00 00 10 02 43 0D 00 00 0F 65 
00 FF FF 00 10 0D 22 93 00 00 01 00 00 10 02 44 0D 00 00 36 74 
00 FF FF 00 10 0D 22 93 00 00 01 00 00 10 02 45 0D 00 00 21 59 
00 FF FF 00 10 0D 22 93 00 00 01 00 00 10 02 46 0D 00 00 1E 12 
00 FF FF 00 10 0D 22 93 00 00 01 00 00 10 02 47 0D 00 00 31 34 
00 FF FF 00 10 0D 22 93 00 00 01 00 00 10 02 48 0D 00 00 04 3B 
00 FF FF 00 10 0D 22 93 00 00 01 00 00 10 02 49 0D 00 00 1F 5A 
00 FF FF 00 10 0D 22 93 00 00 01 00 00 10 02 4A 0D 00 00 14 8A 
00 FF FF 00 10 0D 22 93 00 00 01 00 00 10 02 4B 0D 00 00 29 9B 
00 FF FF 00 10 0D 22 93 00 00 01 00 00 10 02 4C 0D 00 00 0E 91 
00 FF FF 00 10 0D 22 93 00 00 01 00 00 10 02 4D 0D 00 00 2E 0D 
00 FF FF 00 10 0D 22 93 00 00 01 00 00 10 02 4E 0D 00 00 1E A8 
00 FF FF 00 10 0D 22 93 00 00 01 00 00 10 02 4F 0D 00 00 24 65 
00 FF FF 00 10 0D 22 93 00 00 01 00 00 10 02 50 0D 00 00 2B CA 
00 FF FF 00 10 0D 22 93 00 00 01 00 00 10 02 51 0D 00 00 09 B8 
00 FF FF 00 10 0D 22 93 00 00 01 00 00 10 02 52 0D 00 00 3A 34 
00 FF FF 00 10 0D 22 93 00 00 01 00 00 10 02 53 0D 00 00 13 FD 
00 FF FF 00 10 0D 22 93 00 00 01 00 00 10 02 54 0D 00 00 33 54 
00 FF FF 00 10 0D 22 93 00 00 01 00 00 10 02 55 0D 00 00 08 48 
00 FF FF 00 10 0D 22 93 00 00 01 00 00 10 02 56 0D 00 00 32 E1 
00 FF FF 00 10 0D 22 93 00 00 01 00 00 10 02 57 0D 00 00 1A 15 
00 FF FF 00 10 0D 22 93 00 00 01 00 00 10 02 58 0D 00 00 24 95 
00 FF FF 00 10 0D 22 93 00 00 01 00 00 10 02 59 0D 00 00 2A 93 
00 FF FF 00 10 0D 22 93 00 00 01 00 00 10 02 5A 0D 00 00 12 01 
00 FF FF 00 10 0D 22 93 00 00 01 00 00 10 02 5B 0D 00 00 2B AE 
00 FF FF 00 10 0D 22 93 00 00 01 00 00 10 02 5C 0D 00 00 0F C3 
00 FF FF 00 10 0D 22 93 00 00 01 00 00 10 02 5D 0D 00 00 2B 82 
00 FF FF 00 10 0D 22 93 00 00 01 00 00 10 02 5E 0D 00 00 12 FC 
00 FF FF 00 10 0D 22 93 00 00 01 00 00 10 02 5F 0D 00 00 24 C2 
00 FF FF 00 10 0D 22 93 00 00 01 00 00 10 02 60 0D 00 00 15 D1 
00 FF FF 00 10 0D 22 93 00 00 01 00 00 10 02 61 0D 00 00 24 D9 
00 FF FF 00 10 0D 22 93 00 00 01 00 00 10 02 62 0D 00 00 21 B6 
00 FF FF 00 10 0D 22 93 00 00 01 00 00 10 02 63 0D 00 00 12 46 
00 FF FF 00 10 0D 22 93 00 00 01 00 00 10 02 64 0D 00 00 32 22 
00 FF FF 00 10 0D 22 93 00 00 01 00 00 10 02 65 0D 00 00 14 CE 
00 FF FF 00 10 0D 22 93 00 00 01 00 00 10 02 66 0D 00 00 30 44 
00 FF FF 00 10 0D 22 93 00 00 01 00 00 10 02 67 0D 00 00 1A 99 
00 FF FF 00 10 0D 22 93 00 00 01 00 00 10 02 68 0D 00 00 26 A9 
00 FF FF 00 10 0D 22 93 00 00 01 00 00 10 02 69 0D 00 00 15 81 
00 FF FF 00 10 0D 22 93 00 00 01 00 00 10 02 6A 0D 00 00 21 08 
00 FF FF 00 10 0D 22 93 00 00 01 00 00 10 02 6B 0D 00 00 1A F3 
00 FF FF 00 10 0D 22 93 00 00 01 00 00 10 02 6C 0D 00 00 11 AA 
00 FF FF 00 10 0D 22 93 00 00 01 00 00 10 02 6D 0D 00 00 2A 0E 
00 FF FF 00 10 0D 22 93 00 00 01 00 00 10 02 6E 0D 00 00 15 AB 
00 FF FF 00 10 0D 22 93 00 00 01 00 00 10 02 6F 0D 00 00 2B CA 
00 FF FF 00 10 0D 22 93 00 00 01 00 00 10 02 70 0D 00 00 1D A1 
00 FF FF 00 10 0D 22 93 00 00 01 00 00 10 02 71 0D 00 00 2F 99 
00 FF FF 00 10 0D 22 93 00 00 01 00 00 10 02 72 0D 00 00 14 1B 
00 FF FF 00 10 0D 22 93 00 00 01 00 00 10 02 73 0D 00 00 20 83 
00 FF FF 00 10 0D 22 93 00 00 01 00 00 10 02 74 0D 00 00 19 84 
00 FF FF 00 10 0D 22 93 00 00 01 00 00 10 02 75 0D 00 00 16 83 
00 FF FF 00 10 0D 22 93 00 00 01 00 00 10 02 76 0D 00 00 23 72 
00 FF FF 00 10 0D 22 93 00 00 01 00 00 10 02 77 0D 00 00 15 99 
00 FF FF 00 10 0D 22 93 00 00 01 00 00 10 02 78 0D 00 00 30 76 
00 FF FF 00 10 0D 22 93 00 00 01 00 00 10 02 79 0D 00 00 2A 9B 
00 FF FF 00 10 0D 22 93 00 00 01 00 00 10 02 7A 0D 00 00 2D 1D 
00 FF FF 00 10 0D 22 93 00 00 01 00 00 10 02 7B 0D 00 00 20 46 
00 FF FF 00 10 0D 22 93 00 00 01 00 00 10 02 7C 0D 00 00 1B 5B 
00 FF FF 00 10 0D 22 93 00 00 01 00 00 10 02 7D 0D 00 00 17 5D 
00 FF FF 00 10 0D 22 93 00 00 01 00 00 10 02 7E 0D 00 00 19 A5 
00 FF FF 00 10 0D 22 93 00 00 01 00 00 10 02 7F 0D 00 00 19 D6 
00 FF FF 00 10 0D 22 93 00 00 01 00 00 10 02 80 0D 00 00 17 15 
00 FF FF 00 10 0D 22 93 00 00 01 00 00 10 02 81 0D 00 00 2C 3E 
00 FF FF 00 10 0D 22 93 00 00 01 00 00 10 02 82 0D 00 00 11 BC 
00 FF FF 00 10 0D 22 93 00 00 01 00 00 10 02 83 0D 00 00 26 16 
00 FF FF 00 10 0D 22 93 00 00 01 00 00 10 02 84 0D 00 00 20 79 
00 FF FF 00 10 0D 22 93 00 00 01 00 00 10 02 85 0D 00 00 15 E4 
00 FF FF 00 10 0D 22 93 00 00 01 00 00 10 02 86 0D 00 00 1C BA 
00 FF FF 00 10 0D 22 93 00 00 01 00 00 10 02 87 0D 00 00 14 D2 
00 FF FF 00 10 0D 22 93 00 00 01 00 00 10 02 88 0D 00 00 19 AD 
00 FF FF 00 10 0D 22 93 00 00 01 00 00 10 02 89 0D 00 00 1F B3 
00 FF FF 00 10 0D 22 93 00 00 01 00 00 10 02 8A 0D 00 00 21 C5 
00 FF FF 00 10 0D 22 93 00 00 01 00 00 10 02 8C 0D 00 00 1E 1A 
00 FF FF 00 10 0D 22 93 00 00 01 00 00 10 02 8D 0D 00 00 19 F2 
00 FF FF 00 10 0D 22 93 00 00 01 00 00 10 02 8E 0D 00 00 0A 55 
00 FF FF 00 10 0D 22 93 00 00 01 00 00 10 02 8F 0D 00 00 17 69 
00 FF FF 00 10 0D 22 93 00 00 01 00 00 10 02 90 0D 00 00 12 77 
00 FF FF 00 10 0D 22 93 00 00 01 00 00 10 02 91 0D 00 00 15 A4 
00 FF FF 00 10 0D 22 93 00 00 01 00 00 10 02 92 0D 00 00 19 FA 
00 FF FF 00 10 0D 22 93 00 00 01 00 00 10 02 93 0D 00 00 1C 03 
00 FF FF 00 10 0D 22 93 00 00 01 00 00 10 02 94 0D 00 00 16 44 
00 FF FF 00 10 0D 22 93 00 00 01 00 00 10 02 95 0D 00 00 22 F1 
00 FF FF 00 10 0D 22 93 00 00 01 00 00 10 02 96 0D 00 00 26 87 
00 FF FF 00 10 0D 22 93 00 00 01 00 00 10 02 97 0D 00 00 19 39 
00 FF FF 00 10 0D 22 93 00 00 01 00 00 10 02 98 0D 00 00 23 C4 
00 FF FF 00 10 0D 22 93 00 00 01 00 00 10 02 99 0D 00 00 17 75 
00 FF FF 00 10 0D 22 93 00 00 01 00 00 10 02 9A 0D 00 00 1D AC 
00 FF FF 00 10 0D 22 93 00 00 01 00 00 10 02 9B 0D 00 00 1C 4D 
00 FF FF 00 10 0D 22 93 00 00 01 00 00 10 02 9C 0D 00 00 14 BC 
00 FF FF 00 10 0D 22 93 00 00 01 00 00 10 02 9D 0D 00 00 2B 82 
00 FF FF 00 10 0D 22 93 00 00 01 00 00 10 02 9E 0D 00 00 18 12 
00 FF FF 00 10 0D 22 93 00 00 01 00 00 10 02 9F 0D 00 00 34 F4 
00 FF FF 00 10 0D 22 93 00 00 01 00 00 10 02 A0 0D 00 00 17 08 
00 FF FF 00 10 0D 22 93 00 00 01 00 00 10 02 A1 0D 00 00 20 F9 
00 FF FF 00 10 0D 22 93 00 00 01 00 00 10 02 A2 0D 00 00 18 8E 
00 FF FF 00 10 0D 22 93 00 00 01 00 00 10 02 A3 0D 00 00 20 62 
00 FF FF 00 10 0D 22 93 00 00 01 00 00 10 02 A4 0D 00 00 1D 3D 
00 FF FF 00 10 0D 22 93 00 00 01 00 00 10 02 A5 0D 00 00 16 DA 
00 FF FF 00 10 0D 22 93 00 00 01 00 00 10 02 A6 0D 00 00 1C F1 
00 FF FF 00 10 0D 22 93 00 00 01 00 00 10 02 A7 0D 00 00 11 06 
00 FF FF 00 10 0D 22 93 00 00 01 00 00 10 02 A8 0D 00 00 17 9D 
00 FF FF 00 10 0D 22 93 00 00 01 00 00 10 02 A9 0D 00 00 14 93 
00 FF FF 00 10 0D 22 93 00 00 01 00 00 10 02 AA 0D 00 00 32 E6 
00 FF FF 00 10 0D 22 93 00 00 01 00 00 10 02 AB 0D 00 00 15 4B 
00 FF FF 00 10 0D 22 93 00 00 01 00 00 10 02 AC 0D 00 00 1C C9 
00 FF FF 00 10 0D 22 93 00 00 01 00 00 10 02 AD 0D 00 00 2A 56 
00 FF FF 00 10 0D 22 93 00 00 01 00 00 10 02 AE 0D 00 00 14 92 
00 FF FF 00 10 0D 22 93 00 00 01 00 00 10 02 AF 0D 00 00 30 44 
00 FF FF 00 10 0D 22 93 00 00 01 00 00 10 02 B0 0D 00 00 14 87 
00 FF FF 00 10 0D 22 93 00 00 01 00 00 10 02 B1 0D 00 00 37 82 
00 FF FF 00 10 0D 22 93 00 00 01 00 00 10 02 B2 0D 00 00 11 EB 
00 FF FF 00 10 0D 22 93 00 00 01 00 00 10 02 B3 0D 00 00 13 D5 
00 FF FF 00 10 0D 22 93 00 00 01 00 00 10 02 B4 0D 00 00 0C B6 
00 FF FF 00 10 0D 22 93 00 00 01 00 00 10 02 B5 0D 00 00 25 52 
00 FF FF 00 10 0D 22 93 00 00 01 00 00 10 02 B6 0D 00 00 0F D7 
00 FF FF 00 10 0D 22 93 00 00 01 00 00 10 02 B7 0D 00 00 16 E3 
00 FF FF 00 10 0D 22 93 00 00 01 00 00 10 02 B8 0D 00 00 24 EA 
00 FF FF 00 10 0D 22 93 00 00 01 00 00 10 02 B9 0D 00 00 0F ED 
00 FF FF 00 10 0D 22 93 00 00 01 00 00 10 02 BA 0D 00 00 39 4A 
00 FF FF 00 10 0D 22 93 00 00 01 00 00 10 02 BB 0D 00 00 0E C9 
00 FF FF 00 10 0D 22 93 00 00 01 00 00 10 02 BC 0D 00 00 3A 34 
00 FF FF 00 10 0D 22 93 00 00 01 00 00 10 02 BD 0D 00 00 0B AC 
00 FF FF 00 10 0D 22 93 00 00 01 00 00 10 02 BF 0D 00 00 17 A2 
00 FF FF 00 10 0D 22 93 00 00 01 00 00 10 02 C0 0D 00 00 12 3A 
00 FF FF 00 10 0D 22 93 00 00 01 00 00 10 02 C1 0D 00 00 20 65 
00 FF FF 00 10 0D 22 93 00 00 01 00 00 10 02 C2 0D 00 00 0D CD 
00 FF FF 00 10 0D 22 93 00 00 01 00 00 10 02 C3 0D 00 00 30 44 
00 FF FF 00 10 0D 22 93 00 00 01 00 00 10 02 C4 0D 00 00 10 69 
00 FF FF 00 10 0D 22 93 00 00 01 00 00 10 02 C5 0D 00 00 38 64 
00 FF FF 00 10 0D 22 93 00 00 01 00 00 10 02 C6 0D 00 00 0A 32 
00 FF FF 00 10 0D 22 93 00 00 01 00 00 10 02 C7 0D 00 00 36 74 
00 FF FF 00 10 0D 22 93 00 00 01 00 00 10 02 C8 0D 00 00 14 1E 
00 FF FF 00 10 0D 22 93 00 00 01 00 00 10 02 C9 0D 00 00 1D C2 
00 FF FF 00 10 0D 22 93 00 00 01 00 00 10 02 CB 0D 00 00 0C E6 
00 FF FF 00 10 0D 22 93 00 00 01 00 00 10 02 CC 0D 00 00 2D 74 
00 FF FF 00 10 0D 22 93 00 00 01 00 00 10 02 CD 0D 00 00 0D F9 
00 FF FF 00 10 0D 22 93 00 00 01 00 00 10 02 CF 0D 00 00 0F 72 
00 FF FF 00 10 0D 22 93 00 00 01 00 00 10 02 D0 0D 00 00 32 E1 
00 FF FF 00 10 0D 22 93 00 00 01 00 00 10 02 D1 0D 00 00 1F A7 
00 FF FF 00 10 0D 22 93 00 00 01 00 00 10 02 D2 0D 00 00 21 B3 
00 FF FF 00 10 0D 22 93 00 00 01 00 00 10 02 D3 0D 00 00 32 22 
00 FF FF 00 10 0D 22 93 00 00 01 00 00 10 02 D4 0D 00 00 12 AB 
00 FF FF 00 10 0D 22 93 00 00 01 00 00 10 02 D5 0D 00 00 2A E4 
00 FF FF 00 10 0D 22 93 00 00 01 00 00 10 02 D6 0D 00 00 11 A3 
00 FF FF 00 10 0D 22 93 00 00 01 00 00 10 02 D7 0D 00 00 31 C4 
00 FF FF 00 10 0D 22 93 00 00 01 00 00 10 02 D8 0D 00 00 0E AC 
00 FF FF 00 10 0D 22 93 00 00 01 00 00 10 02 D9 0D 00 00 32 09 
00 FF FF 00 10 0D 22 93 00 00 01 00 00 10 02 DA 0D 00 00 1A C1 
