00 FF FF 00 10 0D 22 93 00 00 02 00 00 10 01 BD 0C 00 00 0C D5 
00 FF FF 00 10 0D 22 93 00 00 02 00 00 10 01 BE 0C 00 00 0C 53 
00 FF FF 00 10 0D 22 93 00 00 02 00 00 10 01 C0 0C 00 00 0D 97 
00 FF FF 00 10 0D 22 93 00 00 02 00 00 10 01 C3 0C 00 00 17 56 
00 FF FF 00 10 0D 22 93 00 00 02 00 00 10 01 C4 0C 00 00 0F 06 
00 FF FF 00 10 0D 22 93 00 00 02 00 00 10 01 C6 0C 00 00 0D 9C 
00 FF FF 00 10 0D 22 93 00 00 02 00 00 10 02 06 0C 00 00 1D 62 
00 FF FF 00 10 0D 22 93 00 00 02 00 00 10 02 07 0C 00 00 1B 2A 
00 FF FF 00 10 0D 22 93 00 00 02 00 00 10 02 08 0C 00 00 18 A1 
00 FF FF 00 10 0D 22 93 00 00 02 00 00 10 02 09 0C 00 00 1B 1E 
00 FF FF 00 10 0D 22 93 00 00 02 00 00 10 02 0A 0C 00 00 07 37 
00 FF FF 00 10 0D 22 93 00 00 02 00 00 10 02 0B 0C 00 00 0F 77 
00 FF FF 00 10 0D 22 93 00 00 02 00 00 10 02 0C 0C 00 00 0A D4 
00 FF FF 00 10 0D 22 93 00 00 02 00 00 10 02 0D 0C 00 00 10 4A 
00 FF FF 00 10 0D 22 93 00 00 02 00 00 10 02 0E 0C 00 00 0F 3F 
00 FF FF 00 10 0D 22 93 00 00 02 00 00 10 02 0F 0C 00 00 16 C5 
00 FF FF 00 10 0D 22 93 00 00 02 00 00 10 02 10 0C 00 00 0D AD 
00 FF FF 00 10 0D 22 93 00 00 02 00 00 10 02 11 0C 00 00 0B B4 
00 FF FF 00 10 0D 22 93 00 00 02 00 00 10 02 12 0C 00 00 0E 7E 
00 FF FF 00 10 0D 22 93 00 00 02 00 00 10 02 13 0C 00 00 0A 94 
00 FF FF 00 10 0D 22 93 00 00 02 00 00 10 02 14 0C 00 00 11 94 
00 FF FF 00 10 0D 22 93 00 00 02 00 00 10 02 15 0C 00 00 10 85 
00 FF FF 00 10 0D 22 93 00 00 02 00 00 10 02 16 0C 00 00 0F 7A 
00 FF FF 00 10 0D 22 93 00 00 02 00 00 10 02 17 0C 00 00 0B BC 
00 FF FF 00 10 0D 22 93 00 00 02 00 00 10 02 18 0C 00 00 17 15 
00 FF FF 00 10 0D 22 93 00 00 02 00 00 10 02 19 0C 00 00 0E 74 
00 FF FF 00 10 0D 22 93 00 00 02 00 00 10 02 1A 0C 00 00 0A 47 
00 FF FF 00 10 0D 22 93 00 00 02 00 00 10 02 1B 0C 00 00 16 9F 
00 FF FF 00 10 0D 22 93 00 00 02 00 00 10 02 1C 0C 00 00 18 D3 
00 FF FF 00 10 0D 22 93 00 00 02 00 00 10 02 1D 0C 00 00 0F 1A 
00 FF FF 00 10 0D 22 93 00 00 02 00 00 10 02 1E 0C 00 00 0E 60 
00 FF FF 00 10 0D 22 93 00 00 02 00 00 10 02 1F 0C 00 00 1C 5B 
00 FF FF 00 10 0D 22 93 00 00 02 00 00 10 02 20 0C 00 00 11 BB 
00 FF FF 00 10 0D 22 93 00 00 02 00 00 10 02 21 0C 00 00 13 9C 
00 FF FF 00 10 0D 22 93 00 00 02 00 00 10 02 22 0C 00 00 0E F5 
00 FF FF 00 10 0D 22 93 00 00 02 00 00 10 02 23 0C 00 00 14 5B 
00 FF FF 00 10 0D 22 93 00 00 02 00 00 10 02 24 0C 00 00 0C EB 
00 FF FF 00 10 0D 22 93 00 00 02 00 00 10 02 25 0C 00 00 11 E6 
00 FF FF 00 10 0D 22 93 00 00 02 00 00 10 02 26 0C 00 00 11 D9 
00 FF FF 00 10 0D 22 93 00 00 02 00 00 10 02 27 0C 00 00 18 FF 
00 FF FF 00 10 0D 22 93 00 00 02 00 00 10 02 28 0C 00 00 1B 93 
00 FF FF 00 10 0D 22 93 00 00 02 00 00 10 02 29 0C 00 00 16 B0 
00 FF FF 00 10 0D 22 93 00 00 02 00 00 10 02 2A 0C 00 00 09 B8 
00 FF FF 00 10 0D 22 93 00 00 02 00 00 10 02 2B 0C 00 00 0F 77 
00 FF FF 00 10 0D 22 93 00 00 02 00 00 10 02 2C 0C 00 00 1E 87 
00 FF FF 00 10 0D 22 93 00 00 02 00 00 10 02 2D 0C 00 00 20 16 
00 FF FF 00 10 0D 22 93 00 00 02 00 00 10 02 2E 0C 00 00 17 5A 
00 FF FF 00 10 0D 22 93 00 00 02 00 00 10 02 2F 0C 00 00 17 FE 
00 FF FF 00 10 0D 22 93 00 00 02 00 00 10 02 30 0C 00 00 18 E2 
00 FF FF 00 10 0D 22 93 00 00 02 00 00 10 02 31 0C 00 00 1C 66 
00 FF FF 00 10 0D 22 93 00 00 02 00 00 10 02 32 0C 00 00 08 91 
00 FF FF 00 10 0D 22 93 00 00 02 00 00 10 02 33 0C 00 00 10 06 
00 FF FF 00 10 0D 22 93 00 00 02 00 00 10 02 34 0C 00 00 18 ED 
00 FF FF 00 10 0D 22 93 00 00 02 00 00 10 02 35 0C 00 00 20 E7 
00 FF FF 00 10 0D 22 93 00 00 02 00 00 10 02 36 0C 00 00 18 39 
00 FF FF 00 10 0D 22 93 00 00 02 00 00 10 02 37 0C 00 00 15 F3 
00 FF FF 00 10 0D 22 93 00 00 02 00 00 10 02 38 0C 00 00 1A 9A 
00 FF FF 00 10 0D 22 93 00 00 02 00 00 10 02 39 0C 00 00 1D C1 
00 FF FF 00 10 0D 22 93 00 00 02 00 00 10 02 3A 0C 00 00 18 8A 
00 FF FF 00 10 0D 22 93 00 00 02 00 00 10 02 3B 0C 00 00 0E B4 
00 FF FF 00 10 0D 22 93 00 00 02 00 00 10 02 3C 0C 00 00 10 12 
00 FF FF 00 10 0D 22 93 00 00 02 00 00 10 02 3D 0C 00 00 1E D6 
00 FF FF 00 10 0D 22 93 00 00 02 00 00 10 02 3E 0C 00 00 25 6A 
00 FF FF 00 10 0D 22 93 00 00 02 00 00 10 02 3F 0C 00 00 1C F5 
00 FF FF 00 10 0D 22 93 00 00 02 00 00 10 02 40 0C 00 00 0E 9D 
00 FF FF 00 10 0D 22 93 00 00 02 00 00 10 02 41 0C 00 00 14 74 
00 FF FF 00 10 0D 22 93 00 00 02 00 00 10 02 42 0C 00 00 1F D1 
00 FF FF 00 10 0D 22 93 00 00 02 00 00 10 02 43 0C 00 00 0D B5 
00 FF FF 00 10 0D 22 93 00 00 02 00 00 10 02 44 0C 00 00 10 A3 
00 FF FF 00 10 0D 22 93 00 00 02 00 00 10 02 45 0C 00 00 34 0D 
00 FF FF 00 10 0D 22 93 00 00 02 00 00 10 02 46 0C 00 00 22 A0 
00 FF FF 00 10 0D 22 93 00 00 02 00 00 10 02 47 0C 00 00 20 5E 
00 FF FF 00 10 0D 22 93 00 00 02 00 00 10 02 48 0C 00 00 0C BD 
00 FF FF 00 10 0D 22 93 00 00 02 00 00 10 02 49 0C 00 00 15 11 
00 FF FF 00 10 0D 22 93 00 00 02 00 00 10 02 4A 0C 00 00 17 31 
00 FF FF 00 10 0D 22 93 00 00 02 00 00 10 02 4B 0C 00 00 17 AA 
00 FF FF 00 10 0D 22 93 00 00 02 00 00 10 02 4C 0C 00 00 13 0D 
00 FF FF 00 10 0D 22 93 00 00 02 00 00 10 02 4D 0C 00 00 13 03 
00 FF FF 00 10 0D 22 93 00 00 02 00 00 10 02 4E 0C 00 00 21 6C 
00 FF FF 00 10 0D 22 93 00 00 02 00 00 10 02 4F 0C 00 00 2A 1F 
00 FF FF 00 10 0D 22 93 00 00 02 00 00 10 02 50 0C 00 00 17 DD 
00 FF FF 00 10 0D 22 93 00 00 02 00 00 10 02 51 0C 00 00 18 5A 
00 FF FF 00 10 0D 22 93 00 00 02 00 00 10 02 52 0C 00 00 12 70 
00 FF FF 00 10 0D 22 93 00 00 02 00 00 10 02 53 0C 00 00 16 5D 
00 FF FF 00 10 0D 22 93 00 00 02 00 00 10 02 54 0C 00 00 13 CE 
00 FF FF 00 10 0D 22 93 00 00 02 00 00 10 02 55 0C 00 00 10 CA 
00 FF FF 00 10 0D 22 93 00 00 02 00 00 10 02 56 0C 00 00 1B E3 
00 FF FF 00 10 0D 22 93 00 00 02 00 00 10 02 57 0C 00 00 21 47 
00 FF FF 00 10 0D 22 93 00 00 02 00 00 10 02 58 0C 00 00 20 D5 
00 FF FF 00 10 0D 22 93 00 00 02 00 00 10 02 59 0C 00 00 15 DB 
00 FF FF 00 10 0D 22 93 00 00 02 00 00 10 02 5A 0C 00 00 13 7E 
00 FF FF 00 10 0D 22 93 00 00 02 00 00 10 02 5B 0C 00 00 0E 35 
00 FF FF 00 10 0D 22 93 00 00 02 00 00 10 02 5C 0C 00 00 0D 7B 
00 FF FF 00 10 0D 22 93 00 00 02 00 00 10 02 5D 0C 00 00 0E 99 
00 FF FF 00 10 0D 22 93 00 00 02 00 00 10 02 5E 0C 00 00 11 8D 
00 FF FF 00 10 0D 22 93 00 00 02 00 00 10 02 5F 0C 00 00 19 23 
00 FF FF 00 10 0D 22 93 00 00 02 00 00 10 02 60 0C 00 00 1A E7 
00 FF FF 00 10 0D 22 93 00 00 02 00 00 10 02 61 0C 00 00 0A 7A 
00 FF FF 00 10 0D 22 93 00 00 02 00 00 10 02 62 0C 00 00 13 C3 
00 FF FF 00 10 0D 22 93 00 00 02 00 00 10 02 63 0C 00 00 15 C9 
00 FF FF 00 10 0D 22 93 00 00 02 00 00 10 02 64 0C 00 00 0E 94 
00 FF FF 00 10 0D 22 93 00 00 02 00 00 10 02 65 0C 00 00 13 43 
00 FF FF 00 10 0D 22 93 00 00 02 00 00 10 02 66 0C 00 00 10 D2 
00 FF FF 00 10 0D 22 93 00 00 02 00 00 10 02 67 0C 00 00 12 69 
00 FF FF 00 10 0D 22 93 00 00 02 00 00 10 02 68 0C 00 00 1F CB 
00 FF FF 00 10 0D 22 93 00 00 02 00 00 10 02 69 0C 00 00 19 5D 
00 FF FF 00 10 0D 22 93 00 00 02 00 00 10 02 6A 0C 00 00 0D 23 
00 FF FF 00 10 0D 22 93 00 00 02 00 00 10 02 6B 0C 00 00 11 19 
00 FF FF 00 10 0D 22 93 00 00 02 00 00 10 02 6C 0C 00 00 0E CE 
00 FF FF 00 10 0D 22 93 00 00 02 00 00 10 02 6D 0C 00 00 0F A2 
00 FF FF 00 10 0D 22 93 00 00 02 00 00 10 02 6E 0C 00 00 18 F8 
00 FF FF 00 10 0D 22 93 00 00 02 00 00 10 02 6F 0C 00 00 19 F6 
00 FF FF 00 10 0D 22 93 00 00 02 00 00 10 02 70 0C 00 00 2C FE 
00 FF FF 00 10 0D 22 93 00 00 02 00 00 10 02 71 0C 00 00 2A 11 
00 FF FF 00 10 0D 22 93 00 00 02 00 00 10 02 72 0C 00 00 1C 79 
00 FF FF 00 10 0D 22 93 00 00 02 00 00 10 02 73 0C 00 00 11 A5 
00 FF FF 00 10 0D 22 93 00 00 02 00 00 10 02 74 0C 00 00 0C 28 
00 FF FF 00 10 0D 22 93 00 00 02 00 00 10 02 75 0C 00 00 0F 71 
00 FF FF 00 10 0D 22 93 00 00 02 00 00 10 02 76 0C 00 00 0F 7B 
00 FF FF 00 10 0D 22 93 00 00 02 00 00 10 02 77 0C 00 00 15 31 
00 FF FF 00 10 0D 22 93 00 00 02 00 00 10 02 78 0C 00 00 2A D5 
00 FF FF 00 10 0D 22 93 00 00 02 00 00 10 02 79 0C 00 00 2C B1 
00 FF FF 00 10 0D 22 93 00 00 02 00 00 10 02 7A 0C 00 00 23 31 
00 FF FF 00 10 0D 22 93 00 00 02 00 00 10 02 7B 0C 00 00 17 C1 
00 FF FF 00 10 0D 22 93 00 00 02 00 00 10 02 7C 0C 00 00 0F A4 
00 FF FF 00 10 0D 22 93 00 00 02 00 00 10 02 7D 0C 00 00 0A 78 
00 FF FF 00 10 0D 22 93 00 00 02 00 00 10 02 7E 0C 00 00 0D 65 
00 FF FF 00 10 0D 22 93 00 00 02 00 00 10 02 7F 0C 00 00 0E DE 
00 FF FF 00 10 0D 22 93 00 00 02 00 00 10 02 80 0C 00 00 19 9E 
00 FF FF 00 10 0D 22 93 00 00 02 00 00 10 02 81 0C 00 00 2A B3 
00 FF FF 00 10 0D 22 93 00 00 02 00 00 10 02 82 0C 00 00 29 F7 
00 FF FF 00 10 0D 22 93 00 00 02 00 00 10 02 83 0C 00 00 13 CE 
00 FF FF 00 10 0D 22 93 00 00 02 00 00 10 02 84 0C 00 00 14 81 
00 FF FF 00 10 0D 22 93 00 00 02 00 00 10 02 85 0C 00 00 0C 58 
00 FF FF 00 10 0D 22 93 00 00 02 00 00 10 02 86 0C 00 00 0E 9C 
00 FF FF 00 10 0D 22 93 00 00 02 00 00 10 02 87 0C 00 00 1F B2 
00 FF FF 00 10 0D 22 93 00 00 02 00 00 10 02 88 0C 00 00 11 07 
00 FF FF 00 10 0D 22 93 00 00 02 00 00 10 02 89 0C 00 00 10 94 
00 FF FF 00 10 0D 22 93 00 00 02 00 00 10 02 8A 0C 00 00 0E 7F 
00 FF FF 00 10 0D 22 93 00 00 02 00 00 10 02 8B 0C 00 00 14 A9 
00 FF FF 00 10 0D 22 93 00 00 02 00 00 10 02 8C 0C 00 00 16 2D 
00 FF FF 00 10 0D 22 93 00 00 02 00 00 10 02 8D 0C 00 00 0E 64 
00 FF FF 00 10 0D 22 93 00 00 02 00 00 10 02 8E 0C 00 00 0E 32 
00 FF FF 00 10 0D 22 93 00 00 02 00 00 10 02 8F 0C 00 00 0B E2 
00 FF FF 00 10 0D 22 93 00 00 02 00 00 10 02 90 0C 00 00 11 3F 
00 FF FF 00 10 0D 22 93 00 00 02 00 00 10 02 91 0C 00 00 1D 74 
00 FF FF 00 10 0D 22 93 00 00 02 00 00 10 02 93 0C 00 00 2D 4D 
00 FF FF 00 10 0D 22 93 00 00 02 00 00 10 02 94 0C 00 00 1D 5B 
00 FF FF 00 10 0D 22 93 00 00 02 00 00 10 02 95 0C 00 00 16 3F 
00 FF FF 00 10 0D 22 93 00 00 02 00 00 10 02 96 0C 00 00 11 99 
00 FF FF 00 10 0D 22 93 00 00 02 00 00 10 02 97 0C 00 00 11 7D 
00 FF FF 00 10 0D 22 93 00 00 02 00 00 10 02 98 0C 00 00 10 C4 
00 FF FF 00 10 0D 22 93 00 00 02 00 00 10 02 99 0C 00 00 12 FD 
00 FF FF 00 10 0D 22 93 00 00 02 00 00 10 02 9A 0C 00 00 25 51 
00 FF FF 00 10 0D 22 93 00 00 02 00 00 10 02 9B 0C 00 00 37 5B 
00 FF FF 00 10 0D 22 93 00 00 02 00 00 10 02 9C 0C 00 00 25 6B 
00 FF FF 00 10 0D 22 93 00 00 02 00 00 10 02 9D 0C 00 00 1B 57 
00 FF FF 00 10 0D 22 93 00 00 02 00 00 10 02 9E 0C 00 00 14 29 
00 FF FF 00 10 0D 22 93 00 00 02 00 00 10 02 9F 0C 00 00 12 EA 
00 FF FF 00 10 0D 22 93 00 00 02 00 00 10 02 A0 0C 00 00 13 46 
00 FF FF 00 10 0D 22 93 00 00 02 00 00 10 02 A1 0C 00 00 0D 2F 
00 FF FF 00 10 0D 22 93 00 00 02 00 00 10 02 A2 0C 00 00 1A B3 
00 FF FF 00 10 0D 22 93 00 00 02 00 00 10 02 A3 0C 00 00 2B 73 
00 FF FF 00 10 0D 22 93 00 00 02 00 00 10 02 A4 0C 00 00 2B 02 
00 FF FF 00 10 0D 22 93 00 00 02 00 00 10 02 A5 0C 00 00 1F 6D 
00 FF FF 00 10 0D 22 93 00 00 02 00 00 10 02 A6 0C 00 00 19 76 
00 FF FF 00 10 0D 22 93 00 00 02 00 00 10 02 A7 0C 00 00 13 C0 
00 FF FF 00 10 0D 22 93 00 00 02 00 00 10 02 A8 0C 00 00 11 AC 
00 FF FF 00 10 0D 22 93 00 00 02 00 00 10 02 A9 0C 00 00 0F 08 
00 FF FF 00 10 0D 22 93 00 00 02 00 00 10 02 AA 0C 00 00 10 1C 
00 FF FF 00 10 0D 22 93 00 00 02 00 00 10 02 AB 0C 00 00 23 37 
00 FF FF 00 10 0D 22 93 00 00 02 00 00 10 02 AC 0C 00 00 37 56 
00 FF FF 00 10 0D 22 93 00 00 02 00 00 10 02 AD 0C 00 00 12 FF 
00 FF FF 00 10 0D 22 93 00 00 02 00 00 10 02 AE 0C 00 00 19 7D 
00 FF FF 00 10 0D 22 93 00 00 02 00 00 10 02 AF 0C 00 00 01 5C 
00 FF FF 00 10 0D 22 93 00 00 02 00 00 10 02 B0 0C 00 00 0D 3C 
00 FF FF 00 10 0D 22 93 00 00 02 00 00 10 02 B1 0C 00 00 0D 5D 
00 FF FF 00 10 0D 22 93 00 00 02 00 00 10 02 B2 0C 00 00 15 50 
00 FF FF 00 10 0D 22 93 00 00 02 00 00 10 02 B3 0C 00 00 18 4B 
00 FF FF 00 10 0D 22 93 00 00 02 00 00 10 02 B4 0C 00 00 2B 61 
00 FF FF 00 10 0D 22 93 00 00 02 00 00 10 02 B5 0C 00 00 2B D3 
00 FF FF 00 10 0D 22 93 00 00 02 00 00 10 02 B6 0C 00 00 1E 11 
00 FF FF 00 10 0D 22 93 00 00 02 00 00 10 02 B7 0C 00 00 17 8E 
00 FF FF 00 10 0D 22 93 00 00 02 00 00 10 02 B8 0C 00 00 17 51 
00 FF FF 00 10 0D 22 93 00 00 02 00 00 10 02 B9 0C 00 00 13 F7 
00 FF FF 00 10 0D 22 93 00 00 02 00 00 10 02 BA 0C 00 00 19 52 
00 FF FF 00 10 0D 22 93 00 00 02 00 00 10 02 BB 0C 00 00 08 E7 
00 FF FF 00 10 0D 22 93 00 00 02 00 00 10 02 BC 0C 00 00 1A 5A 
00 FF FF 00 10 0D 22 93 00 00 02 00 00 10 02 BD 0C 00 00 30 5B 
00 FF FF 00 10 0D 22 93 00 00 02 00 00 10 02 BE 0C 00 00 23 FF 
00 FF FF 00 10 0D 22 93 00 00 02 00 00 10 02 BF 0C 00 00 1A 81 
00 FF FF 00 10 0D 22 93 00 00 02 00 00 10 02 C0 0C 00 00 05 23 
00 FF FF 00 10 0D 22 93 00 00 02 00 00 10 02 C1 0C 00 00 0A 8A 
00 FF FF 00 10 0D 22 93 00 00 02 00 00 10 02 C2 0C 00 00 13 76 
00 FF FF 00 10 0D 22 93 00 00 02 00 00 10 02 C3 0C 00 00 0B CF 
00 FF FF 00 10 0D 22 93 00 00 02 00 00 10 02 C4 0C 00 00 16 70 
00 FF FF 00 10 0D 22 93 00 00 02 00 00 10 02 C5 0C 00 00 20 7F 
00 FF FF 00 10 0D 22 93 00 00 02 00 00 10 02 C6 0C 00 00 2F 69 
00 FF FF 00 10 0D 22 93 00 00 02 00 00 10 02 C7 0C 00 00 10 31 
00 FF FF 00 10 0D 22 93 00 00 02 00 00 10 02 C8 0C 00 00 15 2F 
00 FF FF 00 10 0D 22 93 00 00 02 00 00 10 02 C9 0C 00 00 09 DC 
00 FF FF 00 10 0D 22 93 00 00 02 00 00 10 02 CA 0C 00 00 14 42 
00 FF FF 00 10 0D 22 93 00 00 02 00 00 10 02 CB 0C 00 00 11 F7 
00 FF FF 00 10 0D 22 93 00 00 02 00 00 10 02 CC 0C 00 00 0E F4 
00 FF FF 00 10 0D 22 93 00 00 02 00 00 10 02 CD 0C 00 00 16 11 
00 FF FF 00 10 0D 22 93 00 00 02 00 00 10 02 CE 0C 00 00 2A 76 
00 FF FF 00 10 0D 22 93 00 00 02 00 00 10 02 CF 0C 00 00 14 2D 
00 FF FF 00 10 0D 22 93 00 00 02 00 00 10 02 D0 0C 00 00 1D A5 
00 FF FF 00 10 0D 22 93 00 00 02 00 00 10 02 D1 0C 00 00 12 15 
00 FF FF 00 10 0D 22 93 00 00 02 00 00 10 02 D2 0C 00 00 0E E5 
00 FF FF 00 10 0D 22 93 00 00 02 00 00 10 02 D3 0C 00 00 0C 38 
00 FF FF 00 10 0D 22 93 00 00 02 00 00 10 02 D4 0C 00 00 0B AE 
00 FF FF 00 10 0D 22 93 00 00 02 00 00 10 02 D5 0C 00 00 11 D3 
00 FF FF 00 10 0D 22 93 00 00 02 00 00 10 02 D6 0C 00 00 14 1A 
00 FF FF 00 10 0D 22 93 00 00 02 00 00 10 02 D7 0C 00 00 2B D5 
00 FF FF 00 10 0D 22 93 00 00 02 00 00 10 02 D8 0C 00 00 20 2B 
00 FF FF 00 10 0D 22 93 00 00 02 00 00 10 02 D9 0C 00 00 1C 2B 
00 FF FF 00 10 0D 22 93 00 00 02 00 00 10 02 DA 0C 00 00 17 97 
00 FF FF 00 10 0D 22 93 00 00 02 00 00 10 02 DB 0C 00 00 0F E3 
00 FF FF 00 10 0D 22 93 00 00 02 00 00 10 02 DC 0C 00 00 10 61 
00 FF FF 00 10 0D 22 93 00 00 02 00 00 10 02 DD 0C 00 00 0E 16 
00 FF FF 00 10 0D 22 93 00 00 02 00 00 10 02 DF 0C 00 00 1D E2 
00 FF FF 00 10 0D 22 93 00 00 02 00 00 10 02 E0 0C 00 00 21 15 
00 FF FF 00 10 0D 22 93 00 00 02 00 00 10 02 E1 0C 00 00 1B 35 
00 FF FF 00 10 0D 22 93 00 00 02 00 00 10 02 E2 0C 00 00 19 13 
00 FF FF 00 10 0D 22 93 00 00 02 00 00 10 02 E3 0C 00 00 15 DE 
00 FF FF 00 10 0D 22 93 00 00 02 00 00 10 02 E4 0C 00 00 0D CC 
00 FF FF 00 10 0D 22 93 00 00 02 00 00 10 02 E5 0C 00 00 10 AB 
00 FF FF 00 10 0D 22 93 00 00 02 00 00 10 02 E6 0C 00 00 0E 79 
00 FF FF 00 10 0D 22 93 00 00 02 00 00 10 02 E7 0C 00 00 1C 9A 
00 FF FF 00 10 0D 22 93 00 00 02 00 00 10 02 E8 0C 00 00 1C F9 
00 FF FF 00 10 0D 22 93 00 00 02 00 00 10 02 E9 0C 00 00 1F 9D 
00 FF FF 00 10 0D 22 93 00 00 02 00 00 10 02 EA 0C 00 00 19 2B 
00 FF FF 00 10 0D 22 93 00 00 02 00 00 10 02 EB 0C 00 00 1D CD 
00 FF FF 00 10 0D 22 93 00 00 02 00 00 10 02 EC 0C 00 00 1C BE 
00 FF FF 00 10 0D 22 93 00 00 02 00 00 10 02 ED 0C 00 00 19 02 
00 FF FF 00 10 0D 22 93 00 00 02 00 00 10 02 EE 0C 00 00 0D D3 
00 FF FF 00 10 0D 22 93 00 00 02 00 00 10 02 EF 0C 00 00 0E 4A 
00 FF FF 00 10 0D 22 93 00 00 02 00 00 10 02 F0 0C 00 00 0E D3 
00 FF FF 00 10 0D 22 93 00 00 02 00 00 10 02 F1 0C 00 00 19 C4 
00 FF FF 00 10 0D 22 93 00 00 02 00 00 10 02 F2 0C 00 00 1A 2B 
00 FF FF 00 10 0D 22 93 00 00 02 00 00 10 02 F3 0C 00 00 15 33 
00 FF FF 00 10 0D 22 93 00 00 02 00 00 10 02 F4 0C 00 00 1B BA 
00 FF FF 00 10 0D 22 93 00 00 02 00 00 10 02 F5 0C 00 00 1E 2D 
00 FF FF 00 10 0D 22 93 00 00 02 00 00 10 02 F6 0C 00 00 13 63 
00 FF FF 00 10 0D 22 93 00 00 02 00 00 10 02 F7 0C 00 00 0A 19 
00 FF FF 00 10 0D 22 93 00 00 02 00 00 10 02 F8 0C 00 00 13 38 
00 FF FF 00 10 0D 22 93 00 00 02 00 00 10 02 F9 0C 00 00 16 EC 
00 FF FF 00 10 0D 22 93 00 00 02 00 00 10 02 FA 0C 00 00 1A 9E 
00 FF FF 00 10 0D 22 93 00 00 02 00 00 10 02 FB 0C 00 00 1B 09 
00 FF FF 00 10 0D 22 93 00 00 02 00 00 10 02 FC 0C 00 00 0F 9D 
00 FF FF 00 10 0D 22 93 00 00 02 00 00 10 02 FD 0C 00 00 1F 07 
00 FF FF 00 10 0D 22 93 00 00 02 00 00 10 02 FE 0C 00 00 18 C2 
00 FF FF 00 10 0D 22 93 00 00 02 00 00 10 02 FF 0C 00 00 10 D4 
00 FF FF 00 10 0D 22 93 00 00 02 00 00 10 03 00 0C 00 00 0D 04 
00 FF FF 00 10 0D 22 93 00 00 02 00 00 10 03 01 0C 00 00 0D CB 
00 FF FF 00 10 0D 22 93 00 00 02 00 00 10 03 02 0C 00 00 11 A2 
00 FF FF 00 10 0D 22 93 00 00 02 00 00 10 03 03 0C 00 00 0F B9 
00 FF FF 00 10 0D 22 93 00 00 02 00 00 10 03 04 0C 00 00 16 33 
00 FF FF 00 10 0D 22 93 00 00 02 00 00 10 03 05 0C 00 00 16 21 
00 FF FF 00 10 0D 22 93 00 00 02 00 00 10 03 06 0C 00 00 14 DA 
00 FF FF 00 10 0D 22 93 00 00 02 00 00 10 03 07 0C 00 00 13 AC 
00 FF FF 00 10 0D 22 93 00 00 02 00 00 10 03 08 0C 00 00 0E 12 
00 FF FF 00 10 0D 22 93 00 00 02 00 00 10 03 09 0C 00 00 12 83 
00 FF FF 00 10 0D 22 93 00 00 02 00 00 10 03 0A 0C 00 00 18 BE 
00 FF FF 00 10 0D 22 93 00 00 02 00 00 10 03 0B 0C 00 00 17 DD 
00 FF FF 00 10 0D 22 93 00 00 02 00 00 10 03 0C 0C 00 00 14 BF 
00 FF FF 00 10 0D 22 93 00 00 02 00 00 10 03 0D 0C 00 00 0F A6 
00 FF FF 00 10 0D 22 93 00 00 02 00 00 10 03 0E 0C 00 00 16 57 
00 FF FF 00 10 0D 22 93 00 00 02 00 00 10 03 0F 0C 00 00 18 E7 
00 FF FF 00 10 0D 22 93 00 00 02 00 00 10 03 10 0C 00 00 0C 41 
00 FF FF 00 10 0D 22 93 00 00 02 00 00 10 03 11 0C 00 00 0D 49 
00 FF FF 00 10 0D 22 93 00 00 02 00 00 10 03 12 0C 00 00 13 3B 
00 FF FF 00 10 0D 22 93 00 00 02 00 00 10 03 13 0C 00 00 0A AF 
00 FF FF 00 10 0D 22 93 00 00 02 00 00 10 03 14 0C 00 00 11 86 
00 FF FF 00 10 0D 22 93 00 00 02 00 00 10 03 15 0C 00 00 16 0D 
00 FF FF 00 10 0D 22 93 00 00 02 00 00 10 03 16 0C 00 00 13 62 
00 FF FF 00 10 0D 22 93 00 00 02 00 00 10 03 17 0C 00 00 13 9C 
00 FF FF 00 10 0D 22 93 00 00 02 00 00 10 03 18 0C 00 00 07 C9 
00 FF FF 00 10 0D 22 93 00 00 02 00 00 10 03 19 0C 00 00 0E 73 
00 FF FF 00 10 0D 22 93 00 00 02 00 00 10 03 1A 0C 00 00 0D 6C 
00 FF FF 00 10 0D 22 93 00 00 02 00 00 10 03 1B 0C 00 00 0B E7 
00 FF FF 00 10 0D 22 93 00 00 02 00 00 10 03 1C 0C 00 00 09 AC 
00 FF FF 00 10 0D 22 93 00 00 02 00 00 10 03 1D 0C 00 00 18 8A 
00 FF FF 00 10 0D 22 93 00 00 02 00 00 10 03 1E 0C 00 00 16 B5 
00 FF FF 00 10 0D 22 93 00 00 02 00 00 10 03 1F 0C 00 00 20 D2 
00 FF FF 00 10 0D 22 93 00 00 02 00 00 10 03 20 0C 00 00 1A CF 
00 FF FF 00 10 0D 22 93 00 00 02 00 00 10 03 21 0C 00 00 11 7F 
00 FF FF 00 10 0D 22 93 00 00 02 00 00 10 03 22 0C 00 00 0C 8E 
00 FF FF 00 10 0D 22 93 00 00 02 00 00 10 03 23 0C 00 00 10 78 
00 FF FF 00 10 0D 22 93 00 00 02 00 00 10 03 24 0C 00 00 0E BF 
00 FF FF 00 10 0D 22 93 00 00 02 00 00 10 03 25 0C 00 00 12 85 
00 FF FF 00 10 0D 22 93 00 00 02 00 00 10 03 26 0C 00 00 15 20 
00 FF FF 00 10 0D 22 93 00 00 02 00 00 10 03 27 0C 00 00 1B 6B 
00 FF FF 00 10 0D 22 93 00 00 02 00 00 10 03 28 0C 00 00 12 B1 
00 FF FF 00 10 0D 22 93 00 00 02 00 00 10 03 29 0C 00 00 0E 03 
00 FF FF 00 10 0D 22 93 00 00 02 00 00 10 03 2A 0C 00 00 1A 0C 
00 FF FF 00 10 0D 22 93 00 00 02 00 00 10 03 2B 0C 00 00 0E 9D 
00 FF FF 00 10 0D 22 93 00 00 02 00 00 10 03 2C 0C 00 00 0E B5 
00 FF FF 00 10 0D 22 93 00 00 02 00 00 10 03 2D 0C 00 00 0E B7 
00 FF FF 00 10 0D 22 93 00 00 02 00 00 10 03 2E 0C 00 00 12 42 
00 FF FF 00 10 0D 22 93 00 00 02 00 00 10 03 2F 0C 00 00 18 ED 
00 FF FF 00 10 0D 22 93 00 00 02 00 00 10 03 30 0C 00 00 0E CF 
00 FF FF 00 10 0D 22 93 00 00 02 00 00 10 03 31 0C 00 00 15 F4 
00 FF FF 00 10 0D 22 93 00 00 02 00 00 10 03 32 0C 00 00 10 E9 
00 FF FF 00 10 0D 22 93 00 00 02 00 00 10 03 33 0C 00 00 07 98 
00 FF FF 00 10 0D 22 93 00 00 02 00 00 10 03 34 0C 00 00 0C BD 
00 FF FF 00 10 0D 22 93 00 00 02 00 00 10 03 35 0C 00 00 14 8F 
00 FF FF 00 10 0D 22 93 00 00 02 00 00 10 03 36 0C 00 00 19 92 
00 FF FF 00 10 0D 22 93 00 00 02 00 00 10 03 37 0C 00 00 16 49 
00 FF FF 00 10 0D 22 93 00 00 02 00 00 10 03 38 0C 00 00 22 EC 
00 FF FF 00 10 0D 22 93 00 00 02 00 00 10 03 39 0C 00 00 1B 4B 
00 FF FF 00 10 0D 22 93 00 00 02 00 00 10 03 3A 0C 00 00 0E 29 
00 FF FF 00 10 0D 22 93 00 00 02 00 00 10 03 3B 0C 00 00 0E 77 
00 FF FF 00 10 0D 22 93 00 00 02 00 00 10 03 3C 0C 00 00 0F E1 
00 FF FF 00 10 0D 22 93 00 00 02 00 00 10 03 3D 0C 00 00 0D 4D 
00 FF FF 00 10 0D 22 93 00 00 02 00 00 10 03 3E 0C 00 00 11 95 
00 FF FF 00 10 0D 22 93 00 00 02 00 00 10 03 3F 0C 00 00 0E B5 
00 FF FF 00 10 0D 22 93 00 00 02 00 00 10 03 40 0C 00 00 0D 09 
00 FF FF 00 10 0D 22 93 00 00 02 00 00 10 03 41 0C 00 00 14 58 
00 FF FF 00 10 0D 22 93 00 00 02 00 00 10 03 42 0C 00 00 1B A4 
00 FF FF 00 10 0D 22 93 00 00 02 00 00 10 03 43 0C 00 00 12 4E 
00 FF FF 00 10 0D 22 93 00 00 02 00 00 10 03 44 0C 00 00 0B BB 
00 FF FF 00 10 0D 22 93 00 00 02 00 00 10 03 45 0C 00 00 0A 63 
00 FF FF 00 10 0D 22 93 00 00 02 00 00 10 03 46 0C 00 00 0D 9F 
00 FF FF 00 10 0D 22 93 00 00 02 00 00 10 03 47 0C 00 00 0C 86 
00 FF FF 00 10 0D 22 93 00 00 02 00 00 10 03 48 0C 00 00 18 EE 
00 FF FF 00 10 0D 22 93 00 00 02 00 00 10 03 49 0C 00 00 0C CD 
00 FF FF 00 10 0D 22 93 00 00 02 00 00 10 03 4A 0C 00 00 14 03 
00 FF FF 00 10 0D 22 93 00 00 02 00 00 10 03 4B 0C 00 00 13 ED 
00 FF FF 00 10 0D 22 93 00 00 02 00 00 10 03 4C 0C 00 00 14 D2 
00 FF FF 00 10 0D 22 93 00 00 02 00 00 10 03 4D 0C 00 00 20 D9 
00 FF FF 00 10 0D 22 93 00 00 02 00 00 10 03 4E 0C 00 00 20 73 
00 FF FF 00 10 0D 22 93 00 00 02 00 00 10 03 4F 0C 00 00 12 D6 
00 FF FF 00 10 0D 22 93 00 00 02 00 00 10 03 50 0C 00 00 08 A4 
00 FF FF 00 10 0D 22 93 00 00 02 00 00 10 03 51 0C 00 00 11 46 
00 FF FF 00 10 0D 22 93 00 00 02 00 00 10 03 52 0C 00 00 1A 97 
00 FF FF 00 10 0D 22 93 00 00 02 00 00 10 03 53 0C 00 00 1B B6 
00 FF FF 00 10 0D 22 93 00 00 02 00 00 10 03 54 0C 00 00 15 F1 
00 FF FF 00 10 0D 22 93 00 00 02 00 00 10 03 55 0C 00 00 17 13 
00 FF FF 00 10 0D 22 93 00 00 02 00 00 10 03 56 0C 00 00 2F 5A 
00 FF FF 00 10 0D 22 93 00 00 02 00 00 10 03 57 0C 00 00 1E 5F 
00 FF FF 00 10 0D 22 93 00 00 02 00 00 10 03 58 0C 00 00 13 27 
00 FF FF 00 10 0D 22 93 00 00 02 00 00 10 03 59 0C 00 00 12 C7 
00 FF FF 00 10 0D 22 93 00 00 02 00 00 10 03 5A 0C 00 00 18 67 
00 FF FF 00 10 0D 22 93 00 00 02 00 00 10 03 5B 0C 00 00 22 AA 
00 FF FF 00 10 0D 22 93 00 00 02 00 00 10 03 5C 0C 00 00 0C 1D 
00 FF FF 00 10 0D 22 93 00 00 02 00 00 10 03 5D 0C 00 00 1F 61 
00 FF FF 00 10 0D 22 93 00 00 02 00 00 10 03 5E 0C 00 00 1A 3B 
00 FF FF 00 10 0D 22 93 00 00 02 00 00 10 03 5F 0C 00 00 2A 9D 
00 FF FF 00 10 0D 22 93 00 00 02 00 00 10 03 60 0C 00 00 11 3D 
00 FF FF 00 10 0D 22 93 00 00 02 00 00 10 03 61 0C 00 00 15 A3 
00 FF FF 00 10 0D 22 93 00 00 02 00 00 10 03 62 0C 00 00 1C 4D 
00 FF FF 00 10 0D 22 93 00 00 02 00 00 10 03 63 0C 00 00 16 C1 
00 FF FF 00 10 0D 22 93 00 00 02 00 00 10 03 64 0C 00 00 1B CB 
00 FF FF 00 10 0D 22 93 00 00 02 00 00 10 03 65 0C 00 00 1B 62 
00 FF FF 00 10 0D 22 93 00 00 02 00 00 10 03 66 0C 00 00 0D 90 
00 FF FF 00 10 0D 22 93 00 00 02 00 00 10 03 67 0C 00 00 2B 3E 
00 FF FF 00 10 0D 22 93 00 00 02 00 00 10 03 68 0C 00 00 27 E1 
00 FF FF 00 10 0D 22 93 00 00 02 00 00 10 03 69 0C 00 00 18 74 
00 FF FF 00 10 0D 22 93 00 00 02 00 00 10 03 6A 0C 00 00 0F E2 
00 FF FF 00 10 0D 22 93 00 00 02 00 00 10 03 6B 0C 00 00 1F E2 
00 FF FF 00 10 0D 22 93 00 00 02 00 00 10 03 6C 0C 00 00 21 AC 
00 FF FF 00 10 0D 22 93 00 00 02 00 00 10 03 6D 0C 00 00 15 95 
00 FF FF 00 10 0D 22 93 00 00 02 00 00 10 03 6E 0C 00 00 16 16 
00 FF FF 00 10 0D 22 93 00 00 02 00 00 10 03 6F 0C 00 00 24 A2 
00 FF FF 00 10 0D 22 93 00 00 02 00 00 10 03 70 0C 00 00 2C 45 
00 FF FF 00 10 0D 22 93 00 00 02 00 00 10 03 71 0C 00 00 20 34 
00 FF FF 00 10 0D 22 93 00 00 02 00 00 10 03 72 0C 00 00 18 62 
00 FF FF 00 10 0D 22 93 00 00 02 00 00 10 03 73 0C 00 00 13 AC 
00 FF FF 00 10 0D 22 93 00 00 02 00 00 10 03 74 0C 00 00 1D 71 
00 FF FF 00 10 0D 22 93 00 00 02 00 00 10 03 75 0C 00 00 1B 19 
00 FF FF 00 10 0D 22 93 00 00 02 00 00 10 03 76 0C 00 00 14 DE 
00 FF FF 00 10 0D 22 93 00 00 02 00 00 10 03 77 0C 00 00 17 E8 
00 FF FF 00 10 0D 22 93 00 00 02 00 00 10 03 78 0C 00 00 1F 5B 
00 FF FF 00 10 0D 22 93 00 00 02 00 00 10 03 79 0C 00 00 2A 53 
00 FF FF 00 10 0D 22 93 00 00 02 00 00 10 03 7A 0C 00 00 1C AD 
00 FF FF 00 10 0D 22 93 00 00 02 00 00 10 03 7B 0C 00 00 10 91 
00 FF FF 00 10 0D 22 93 00 00 02 00 00 10 03 7C 0C 00 00 12 0B 
00 FF FF 00 10 0D 22 93 00 00 02 00 00 10 03 7D 0C 00 00 14 F7 
00 FF FF 00 10 0D 22 93 00 00 02 00 00 10 03 7E 0C 00 00 0C C7 
00 FF FF 00 10 0D 22 93 00 00 02 00 00 10 03 7F 0C 00 00 13 B3 
00 FF FF 00 10 0D 22 93 00 00 02 00 00 10 03 80 0C 00 00 1E 10 
00 FF FF 00 10 0D 22 93 00 00 02 00 00 10 03 81 0C 00 00 2C 3D 
00 FF FF 00 10 0D 22 93 00 00 02 00 00 10 03 82 0C 00 00 1E 55 
00 FF FF 00 10 0D 22 93 00 00 02 00 00 10 03 83 0C 00 00 17 C1 
00 FF FF 00 10 0D 22 93 00 00 02 00 00 10 03 84 0C 00 00 0E AE 
00 FF FF 00 10 0D 22 93 00 00 02 00 00 10 03 85 0C 00 00 15 C9 
00 FF FF 00 10 0D 22 93 00 00 02 00 00 10 03 86 0C 00 00 19 69 
00 FF FF 00 10 0D 22 93 00 00 02 00 00 10 03 87 0C 00 00 16 AC 
00 FF FF 00 10 0D 22 93 00 00 02 00 00 10 03 88 0C 00 00 1B 32 
00 FF FF 00 10 0D 22 93 00 00 02 00 00 10 03 89 0C 00 00 22 DD 
00 FF FF 00 10 0D 22 93 00 00 02 00 00 10 03 8A 0C 00 00 1B 36 
00 FF FF 00 10 0D 22 93 00 00 02 00 00 10 03 8B 0C 00 00 1C 4F 
00 FF FF 00 10 0D 22 93 00 00 02 00 00 10 03 8C 0C 00 00 12 A3 
00 FF FF 00 10 0D 22 93 00 00 02 00 00 10 03 8D 0C 00 00 13 18 
00 FF FF 00 10 0D 22 93 00 00 02 00 00 10 03 8E 0C 00 00 12 D3 
00 FF FF 00 10 0D 22 93 00 00 02 00 00 10 03 8F 0C 00 00 17 4A 
00 FF FF 00 10 0D 22 93 00 00 02 00 00 10 03 90 0C 00 00 17 94 
00 FF FF 00 10 0D 22 93 00 00 02 00 00 10 03 91 0C 00 00 15 AF 
00 FF FF 00 10 0D 22 93 00 00 02 00 00 10 03 92 0C 00 00 2E 01 
00 FF FF 00 10 0D 22 93 00 00 02 00 00 10 03 93 0C 00 00 24 A1 
00 FF FF 00 10 0D 22 93 00 00 02 00 00 10 03 94 0C 00 00 16 22 
00 FF FF 00 10 0D 22 93 00 00 02 00 00 10 03 95 0C 00 00 12 59 
00 FF FF 00 10 0D 22 93 00 00 02 00 00 10 03 96 0C 00 00 10 AB 
00 FF FF 00 10 0D 22 93 00 00 02 00 00 10 03 97 0C 00 00 12 5B 
00 FF FF 00 10 0D 22 93 00 00 02 00 00 10 03 98 0C 00 00 16 C9 
00 FF FF 00 10 0D 22 93 00 00 02 00 00 10 03 99 0C 00 00 17 95 
00 FF FF 00 10 0D 22 93 00 00 02 00 00 10 03 9A 0C 00 00 28 A6 
00 FF FF 00 10 0D 22 93 00 00 02 00 00 10 03 9B 0C 00 00 2D 66 
00 FF FF 00 10 0D 22 93 00 00 02 00 00 10 03 9C 0C 00 00 1B A1 
00 FF FF 00 10 0D 22 93 00 00 02 00 00 10 03 9D 0C 00 00 12 5F 
00 FF FF 00 10 0D 22 93 00 00 02 00 00 10 03 9E 0C 00 00 0D 74 
00 FF FF 00 10 0D 22 93 00 00 02 00 00 10 03 9F 0C 00 00 0F B3 
00 FF FF 00 10 0D 22 93 00 00 02 00 00 10 03 A0 0C 00 00 10 BF 
00 FF FF 00 10 0D 22 93 00 00 02 00 00 10 03 A1 0C 00 00 13 CF 
00 FF FF 00 10 0D 22 93 00 00 02 00 00 10 03 A2 0C 00 00 19 E6 
00 FF FF 00 10 0D 22 93 00 00 02 00 00 10 03 A3 0C 00 00 0F E7 
00 FF FF 00 10 0D 22 93 00 00 02 00 00 10 03 A4 0C 00 00 20 14 
00 FF FF 00 10 0D 22 93 00 00 02 00 00 10 03 A5 0C 00 00 15 A9 
00 FF FF 00 10 0D 22 93 00 00 02 00 00 10 03 A6 0C 00 00 0F 77 
00 FF FF 00 10 0D 22 93 00 00 02 00 00 10 03 A7 0C 00 00 0F 84 
00 FF FF 00 10 0D 22 93 00 00 02 00 00 10 03 A8 0C 00 00 08 5B 
00 FF FF 00 10 0D 22 93 00 00 02 00 00 10 03 A9 0C 00 00 0F F2 
00 FF FF 00 10 0D 22 93 00 00 02 00 00 10 03 AA 0C 00 00 15 0E 
00 FF FF 00 10 0D 22 93 00 00 02 00 00 10 03 AB 0C 00 00 24 47 
00 FF FF 00 10 0D 22 93 00 00 02 00 00 10 03 AC 0C 00 00 2B 6A 
00 FF FF 00 10 0D 22 93 00 00 02 00 00 10 03 AD 0C 00 00 1E 22 
00 FF FF 00 10 0D 22 93 00 00 02 00 00 10 03 AE 0C 00 00 14 CF 
00 FF FF 00 10 0D 22 93 00 00 02 00 00 10 03 AF 0C 00 00 0B 14 
00 FF FF 00 10 0D 22 93 00 00 02 00 00 10 03 B0 0C 00 00 0B 99 
00 FF FF 00 10 0D 22 93 00 00 02 00 00 10 03 B1 0C 00 00 0D B7 
00 FF FF 00 10 0D 22 93 00 00 02 00 00 10 03 B2 0C 00 00 19 46 
00 FF FF 00 10 0D 22 93 00 00 02 00 00 10 03 B3 0C 00 00 25 F2 
00 FF FF 00 10 0D 22 93 00 00 02 00 00 10 03 B4 0C 00 00 2C 4E 
00 FF FF 00 10 0D 22 93 00 00 02 00 00 10 03 B5 0C 00 00 1F 53 
00 FF FF 00 10 0D 22 93 00 00 02 00 00 10 03 B6 0C 00 00 18 72 
00 FF FF 00 10 0D 22 93 00 00 02 00 00 10 03 B7 0C 00 00 11 E7 
00 FF FF 00 10 0D 22 93 00 00 02 00 00 10 03 B8 0C 00 00 17 7A 
00 FF FF 00 10 0D 22 93 00 00 02 00 00 10 03 B9 0C 00 00 0F 43 
00 FF FF 00 10 0D 22 93 00 00 02 00 00 10 03 BA 0C 00 00 14 07 
00 FF FF 00 10 0D 22 93 00 00 02 00 00 10 03 BB 0C 00 00 1A 63 
00 FF FF 00 10 0D 22 93 00 00 02 00 00 10 03 BC 0C 00 00 23 99 
00 FF FF 00 10 0D 22 93 00 00 02 00 00 10 03 BD 0C 00 00 28 1D 
00 FF FF 00 10 0D 22 93 00 00 02 00 00 10 03 BE 0C 00 00 15 AC 
00 FF FF 00 10 0D 22 93 00 00 02 00 00 10 03 BF 0C 00 00 17 5E 
00 FF FF 00 10 0D 22 93 00 00 02 00 00 10 03 C0 0C 00 00 0B 16 
00 FF FF 00 10 0D 22 93 00 00 02 00 00 10 03 C1 0C 00 00 11 AE 
00 FF FF 00 10 0D 22 93 00 00 02 00 00 10 03 C2 0C 00 00 0D 67 
00 FF FF 00 10 0D 22 93 00 00 02 00 00 10 03 C3 0C 00 00 13 1D 
00 FF FF 00 10 0D 22 93 00 00 02 00 00 10 03 C4 0C 00 00 1B 25 
00 FF FF 00 10 0D 22 93 00 00 02 00 00 10 03 C5 0C 00 00 2B CA 
00 FF FF 00 10 0D 22 93 00 00 02 00 00 10 03 C6 0C 00 00 26 1B 
00 FF FF 00 10 0D 22 93 00 00 02 00 00 10 03 C7 0C 00 00 1D A5 
00 FF FF 00 10 0D 22 93 00 00 02 00 00 10 03 C8 0C 00 00 10 3E 
00 FF FF 00 10 0D 22 93 00 00 02 00 00 10 03 C9 0C 00 00 10 4A 
00 FF FF 00 10 0D 22 93 00 00 02 00 00 10 03 CA 0C 00 00 12 33 
00 FF FF 00 10 0D 22 93 00 00 02 00 00 10 03 CB 0C 00 00 0B FB 
00 FF FF 00 10 0D 22 93 00 00 02 00 00 10 03 CC 0C 00 00 19 D8 
00 FF FF 00 10 0D 22 93 00 00 02 00 00 10 03 CD 0C 00 00 25 5C 
00 FF FF 00 10 0D 22 93 00 00 02 00 00 10 03 CE 0C 00 00 2F 9D 
00 FF FF 00 10 0D 22 93 00 00 02 00 00 10 03 CF 0C 00 00 1F D3 
00 FF FF 00 10 0D 22 93 00 00 02 00 00 10 03 D0 0C 00 00 18 42 
00 FF FF 00 10 0D 22 93 00 00 02 00 00 10 03 D1 0C 00 00 10 39 
00 FF FF 00 10 0D 22 93 00 00 02 00 00 10 03 D2 0C 00 00 11 30 
00 FF FF 00 10 0D 22 93 00 00 02 00 00 10 03 D3 0C 00 00 12 2B 
00 FF FF 00 10 0D 22 93 00 00 02 00 00 10 03 D4 0C 00 00 12 CB 
00 FF FF 00 10 0D 22 93 00 00 02 00 00 10 03 D5 0C 00 00 26 2E 
00 FF FF 00 10 0D 22 93 00 00 02 00 00 10 03 D6 0C 00 00 28 7A 
00 FF FF 00 10 0D 22 93 00 00 02 00 00 10 03 D7 0C 00 00 27 4D 
00 FF FF 00 10 0D 22 93 00 00 02 00 00 10 03 D8 0C 00 00 1D D5 
00 FF FF 00 10 0D 22 93 00 00 02 00 00 10 03 D9 0C 00 00 15 3A 
00 FF FF 00 10 0D 22 93 00 00 02 00 00 10 03 DA 0C 00 00 15 CD 
00 FF FF 00 10 0D 22 93 00 00 02 00 00 10 03 DB 0C 00 00 09 DB 
00 FF FF 00 10 0D 22 93 00 00 02 00 00 10 03 DC 0C 00 00 0E A6 
00 FF FF 00 10 0D 22 93 00 00 02 00 00 10 03 DD 0C 00 00 10 2E 
00 FF FF 00 10 0D 22 93 00 00 02 00 00 10 03 DE 0C 00 00 28 76 
00 FF FF 00 10 0D 22 93 00 00 02 00 00 10 03 DF 0C 00 00 1A AC 
00 FF FF 00 10 0D 22 93 00 00 02 00 00 10 03 E0 0C 00 00 19 65 
00 FF FF 00 10 0D 22 93 00 00 02 00 00 10 03 E1 0C 00 00 1B 48 
00 FF FF 00 10 0D 22 93 00 00 02 00 00 10 03 E2 0C 00 00 16 5F 
00 FF FF 00 10 0D 22 93 00 00 02 00 00 10 03 E3 0C 00 00 17 80 
00 FF FF 00 10 0D 22 93 00 00 02 00 00 10 03 E4 0C 00 00 17 8D 
00 FF FF 00 10 0D 22 93 00 00 02 00 00 10 03 E5 0C 00 00 13 0E 
00 FF FF 00 10 0D 22 93 00 00 02 00 00 10 03 E6 0C 00 00 0A 1C 
00 FF FF 00 10 0D 22 93 00 00 02 00 00 10 03 E7 0C 00 00 0E E4 
00 FF FF 00 10 0D 22 93 00 00 02 00 00 10 03 E8 0C 00 00 10 9C 
00 FF FF 00 10 0D 22 93 00 00 02 00 00 10 03 E9 0C 00 00 13 C9 
00 FF FF 00 10 0D 22 93 00 00 02 00 00 10 03 EA 0C 00 00 1B 5D 
00 FF FF 00 10 0D 22 93 00 00 02 00 00 10 03 EB 0C 00 00 16 0F 
00 FF FF 00 10 0D 22 93 00 00 02 00 00 10 03 EC 0C 00 00 16 B2 
00 FF FF 00 10 0D 22 93 00 00 02 00 00 10 03 ED 0C 00 00 14 20 
00 FF FF 00 10 0D 22 93 00 00 02 00 00 10 03 EE 0C 00 00 13 CE 
00 FF FF 00 10 0D 22 93 00 00 02 00 00 10 03 EF 0C 00 00 07 CA 
00 FF FF 00 10 0D 22 93 00 00 02 00 00 10 03 F0 0C 00 00 10 C7 
00 FF FF 00 10 0D 22 93 00 00 02 00 00 10 03 F1 0C 00 00 0C 72 
00 FF FF 00 10 0D 22 93 00 00 02 00 00 10 03 F2 0C 00 00 1C A1 
00 FF FF 00 10 0D 22 93 00 00 02 00 00 10 03 F3 0C 00 00 2B 3B 
00 FF FF 00 10 0D 22 93 00 00 02 00 00 10 03 F4 0C 00 00 1D F7 
00 FF FF 00 10 0D 22 93 00 00 02 00 00 10 03 F5 0C 00 00 18 CC 
00 FF FF 00 10 0D 22 93 00 00 02 00 00 10 03 F6 0C 00 00 14 73 
00 FF FF 00 10 0D 22 93 00 00 02 00 00 10 03 F7 0C 00 00 13 91 
00 FF FF 00 10 0D 22 93 00 00 02 00 00 10 03 F8 0C 00 00 11 2B 
00 FF FF 00 10 0D 22 93 00 00 02 00 00 10 03 F9 0C 00 00 12 8F 
00 FF FF 00 10 0D 22 93 00 00 02 00 00 10 03 FA 0C 00 00 07 72 
00 FF FF 00 10 0D 22 93 00 00 02 00 00 10 03 FB 0C 00 00 18 7D 
00 FF FF 00 10 0D 22 93 00 00 02 00 00 10 03 FC 0C 00 00 1A 5E 
00 FF FF 00 10 0D 22 93 00 00 02 00 00 10 03 FD 0C 00 00 1E 7E 
00 FF FF 00 10 0D 22 93 00 00 02 00 00 10 03 FE 0C 00 00 13 1E 
00 FF FF 00 10 0D 22 93 00 00 02 00 00 10 03 FF 0C 00 00 13 4D 
00 FF FF 00 10 0D 22 93 00 00 02 00 00 10 04 00 0C 00 00 0E 02 
00 FF FF 00 10 0D 22 93 00 00 02 00 00 10 04 01 0C 00 00 19 31 
00 FF FF 00 10 0D 22 93 00 00 02 00 00 10 04 02 0C 00 00 0B A3 
00 FF FF 00 10 0D 22 93 00 00 02 00 00 10 04 03 0C 00 00 17 9B 
00 FF FF 00 10 0D 22 93 00 00 02 00 00 10 04 04 0C 00 00 1B 1E 
00 FF FF 00 10 0D 22 93 00 00 02 00 00 10 04 05 0C 00 00 1C A3 
00 FF FF 00 10 0D 22 93 00 00 02 00 00 10 04 06 0C 00 00 19 45 
00 FF FF 00 10 0D 22 93 00 00 02 00 00 10 04 07 0C 00 00 12 80 
00 FF FF 00 10 0D 22 93 00 00 02 00 00 10 04 08 0C 00 00 0D 4F 
00 FF FF 00 10 0D 22 93 00 00 02 00 00 10 04 09 0C 00 00 12 2F 
00 FF FF 00 10 0D 22 93 00 00 02 00 00 10 04 0A 0C 00 00 0D D5 
00 FF FF 00 10 0D 22 93 00 00 02 00 00 10 04 0B 0C 00 00 0D 60 
00 FF FF 00 10 0D 22 93 00 00 02 00 00 10 04 0C 0C 00 00 15 1A 
00 FF FF 00 10 0D 22 93 00 00 02 00 00 10 04 0D 0C 00 00 1D ED 
00 FF FF 00 10 0D 22 93 00 00 02 00 00 10 04 0E 0C 00 00 15 87 
00 FF FF 00 10 0D 22 93 00 00 02 00 00 10 04 0F 0C 00 00 13 B1 
00 FF FF 00 10 0D 22 93 00 00 02 00 00 10 04 10 0C 00 00 0C 5B 
00 FF FF 00 10 0D 22 93 00 00 02 00 00 10 04 11 0C 00 00 0D 36 
00 FF FF 00 10 0D 22 93 00 00 02 00 00 10 04 12 0C 00 00 10 75 
00 FF FF 00 10 0D 22 93 00 00 02 00 00 10 04 13 0C 00 00 12 5F 
00 FF FF 00 10 0D 22 93 00 00 02 00 00 10 04 14 0C 00 00 17 BA 
00 FF FF 00 10 0D 22 93 00 00 02 00 00 10 04 15 0C 00 00 1D 1E 
00 FF FF 00 10 0D 22 93 00 00 02 00 00 10 04 16 0C 00 00 13 F7 
00 FF FF 00 10 0D 22 93 00 00 02 00 00 10 04 17 0C 00 00 18 95 
00 FF FF 00 10 0D 22 93 00 00 02 00 00 10 04 18 0C 00 00 0F 4E 
00 FF FF 00 10 0D 22 93 00 00 02 00 00 10 04 19 0C 00 00 0E DB 
00 FF FF 00 10 0D 22 93 00 00 02 00 00 10 04 1A 0C 00 00 17 A3 
00 FF FF 00 10 0D 22 93 00 00 02 00 00 10 04 1B 0C 00 00 19 1D 
00 FF FF 00 10 0D 22 93 00 00 02 00 00 10 04 1C 0C 00 00 18 75 
00 FF FF 00 10 0D 22 93 00 00 02 00 00 10 04 1D 0C 00 00 18 B9 
00 FF FF 00 10 0D 22 93 00 00 02 00 00 10 04 1E 0C 00 00 1A 3A 
00 FF FF 00 10 0D 22 93 00 00 02 00 00 10 04 1F 0C 00 00 21 CA 
00 FF FF 00 10 0D 22 93 00 00 02 00 00 10 04 20 0C 00 00 10 9B 
00 FF FF 00 10 0D 22 93 00 00 02 00 00 10 04 21 0C 00 00 0D 03 
00 FF FF 00 10 0D 22 93 00 00 02 00 00 10 04 22 0C 00 00 16 A6 
00 FF FF 00 10 0D 22 93 00 00 02 00 00 10 04 23 0C 00 00 18 34 
00 FF FF 00 10 0D 22 93 00 00 02 00 00 10 04 24 0C 00 00 1F E5 
00 FF FF 00 10 0D 22 93 00 00 02 00 00 10 04 25 0C 00 00 17 E5 
00 FF FF 00 10 0D 22 93 00 00 02 00 00 10 04 26 0C 00 00 22 CE 
00 FF FF 00 10 0D 22 93 00 00 02 00 00 10 04 27 0C 00 00 1E A8 
00 FF FF 00 10 0D 22 93 00 00 02 00 00 10 04 28 0C 00 00 06 90 
00 FF FF 00 10 0D 22 93 00 00 02 00 00 10 04 29 0C 00 00 10 7B 
00 FF FF 00 10 0D 22 93 00 00 02 00 00 10 04 2A 0C 00 00 0A A8 
00 FF FF 00 10 0D 22 93 00 00 02 00 00 10 04 2B 0C 00 00 0E E1 
00 FF FF 00 10 0D 22 93 00 00 02 00 00 10 04 2C 0C 00 00 12 AD 
00 FF FF 00 10 0D 22 93 00 00 02 00 00 10 04 2D 0C 00 00 13 9B 
00 FF FF 00 10 0D 22 93 00 00 02 00 00 10 04 2E 0C 00 00 16 8B 
00 FF FF 00 10 0D 22 93 00 00 02 00 00 10 04 2F 0C 00 00 1A 9E 
00 FF FF 00 10 0D 22 93 00 00 02 00 00 10 04 30 0C 00 00 17 42 
00 FF FF 00 10 0D 22 93 00 00 02 00 00 10 04 31 0C 00 00 12 FB 
00 FF FF 00 10 0D 22 93 00 00 02 00 00 10 04 32 0C 00 00 0E 4D 
00 FF FF 00 10 0D 22 93 00 00 02 00 00 10 04 33 0C 00 00 0B 94 
00 FF FF 00 10 0D 22 93 00 00 02 00 00 10 04 34 0C 00 00 11 67 
00 FF FF 00 10 0D 22 93 00 00 02 00 00 10 04 35 0C 00 00 11 1D 
00 FF FF 00 10 0D 22 93 00 00 02 00 00 10 04 36 0C 00 00 0E B0 
00 FF FF 00 10 0D 22 93 00 00 02 00 00 10 04 37 0C 00 00 1A 4E 
00 FF FF 00 10 0D 22 93 00 00 02 00 00 10 04 38 0C 00 00 1E 4C 
00 FF FF 00 10 0D 22 93 00 00 02 00 00 10 04 39 0C 00 00 1C 39 
00 FF FF 00 10 0D 22 93 00 00 02 00 00 10 04 3A 0C 00 00 12 32 
00 FF FF 00 10 0D 22 93 00 00 02 00 00 10 04 3B 0C 00 00 0D CB 
00 FF FF 00 10 0D 22 93 00 00 02 00 00 10 04 3C 0C 00 00 0D FF 
00 FF FF 00 10 0D 22 93 00 00 02 00 00 10 04 3D 0C 00 00 11 67 
00 FF FF 00 10 0D 22 93 00 00 02 00 00 10 04 3E 0C 00 00 15 E6 
00 FF FF 00 10 0D 22 93 00 00 02 00 00 10 04 3F 0C 00 00 19 46 
00 FF FF 00 10 0D 22 93 00 00 02 00 00 10 04 40 0C 00 00 1C 0D 
00 FF FF 00 10 0D 22 93 00 00 02 00 00 10 04 41 0C 00 00 1A 4E 
00 FF FF 00 10 0D 22 93 00 00 02 00 00 10 04 42 0C 00 00 17 AA 
00 FF FF 00 10 0D 22 93 00 00 02 00 00 10 04 43 0C 00 00 0F F2 
00 FF FF 00 10 0D 22 93 00 00 02 00 00 10 04 44 0C 00 00 0E 9B 
00 FF FF 00 10 0D 22 93 00 00 02 00 00 10 04 45 0C 00 00 14 0D 
00 FF FF 00 10 0D 22 93 00 00 02 00 00 10 04 46 0C 00 00 13 C1 
00 FF FF 00 10 0D 22 93 00 00 02 00 00 10 04 47 0C 00 00 15 C7 
00 FF FF 00 10 0D 22 93 00 00 02 00 00 10 04 48 0C 00 00 22 F6 
00 FF FF 00 10 0D 22 93 00 00 02 00 00 10 04 49 0C 00 00 21 5A 
00 FF FF 00 10 0D 22 93 00 00 02 00 00 10 04 4A 0C 00 00 14 D7 
00 FF FF 00 10 0D 22 93 00 00 02 00 00 10 04 4B 0C 00 00 0F 81 
00 FF FF 00 10 0D 22 93 00 00 02 00 00 10 04 4C 0C 00 00 0B DF 
00 FF FF 00 10 0D 22 93 00 00 02 00 00 10 04 4D 0C 00 00 1A 3A 
00 FF FF 00 10 0D 22 93 00 00 02 00 00 10 04 4E 0C 00 00 11 95 
00 FF FF 00 10 0D 22 93 00 00 02 00 00 10 04 4F 0C 00 00 18 1E 
00 FF FF 00 10 0D 22 93 00 00 02 00 00 10 04 50 0C 00 00 14 D4 
00 FF FF 00 10 0D 22 93 00 00 02 00 00 10 04 51 0C 00 00 1C 35 
00 FF FF 00 10 0D 22 93 00 00 02 00 00 10 04 52 0C 00 00 15 1B 
00 FF FF 00 10 0D 22 93 00 00 02 00 00 10 04 53 0C 00 00 17 85 
00 FF FF 00 10 0D 22 93 00 00 02 00 00 10 04 54 0C 00 00 0E 35 
00 FF FF 00 10 0D 22 93 00 00 02 00 00 10 04 55 0C 00 00 12 DD 
00 FF FF 00 10 0D 22 93 00 00 02 00 00 10 04 56 0C 00 00 0D DA 
00 FF FF 00 10 0D 22 93 00 00 02 00 00 10 04 57 0C 00 00 0F 83 
00 FF FF 00 10 0D 22 93 00 00 02 00 00 10 04 58 0C 00 00 0E B7 
00 FF FF 00 10 0D 22 93 00 00 02 00 00 10 04 59 0C 00 00 15 14 
00 FF FF 00 10 0D 22 93 00 00 02 00 00 10 04 5A 0C 00 00 0E 66 
00 FF FF 00 10 0D 22 93 00 00 02 00 00 10 04 5B 0C 00 00 18 A4 
00 FF FF 00 10 0D 22 93 00 00 02 00 00 10 04 5C 0C 00 00 0C 7B 
00 FF FF 00 10 0D 22 93 00 00 02 00 00 10 04 5D 0C 00 00 15 A0 
00 FF FF 00 10 0D 22 93 00 00 02 00 00 10 04 5E 0C 00 00 0D F8 
00 FF FF 00 10 0D 22 93 00 00 02 00 00 10 04 5F 0C 00 00 10 BC 
00 FF FF 00 10 0D 22 93 00 00 02 00 00 10 04 60 0C 00 00 0F 4B 
00 FF FF 00 10 0D 22 93 00 00 02 00 00 10 04 61 0C 00 00 0C E3 
00 FF FF 00 10 0D 22 93 00 00 02 00 00 10 04 62 0C 00 00 14 0A 
00 FF FF 00 10 0D 22 93 00 00 02 00 00 10 04 63 0C 00 00 23 A9 
00 FF FF 00 10 0D 22 93 00 00 02 00 00 10 04 64 0C 00 00 0F 4E 
00 FF FF 00 10 0D 22 93 00 00 02 00 00 10 04 65 0C 00 00 10 65 
00 FF FF 00 10 0D 22 93 00 00 02 00 00 10 04 66 0C 00 00 0C 04 
00 FF FF 00 10 0D 22 93 00 00 02 00 00 10 04 67 0C 00 00 0D 6E 
00 FF FF 00 10 0D 22 93 00 00 02 00 00 10 04 68 0C 00 00 0E 3E 
00 FF FF 00 10 0D 22 93 00 00 02 00 00 10 04 69 0C 00 00 11 FD 
00 FF FF 00 10 0D 22 93 00 00 02 00 00 10 04 6A 0C 00 00 1A 36 
00 FF FF 00 10 0D 22 93 00 00 02 00 00 10 04 6B 0C 00 00 2C F2 
00 FF FF 00 10 0D 22 93 00 00 02 00 00 10 04 6C 0C 00 00 1D 28 
00 FF FF 00 10 0D 22 93 00 00 02 00 00 10 04 6D 0C 00 00 15 16 
00 FF FF 00 10 0D 22 93 00 00 02 00 00 10 04 6E 0C 00 00 0C F8 
00 FF FF 00 10 0D 22 93 00 00 02 00 00 10 04 6F 0C 00 00 0F 62 
00 FF FF 00 10 0D 22 93 00 00 02 00 00 10 04 70 0C 00 00 0B AA 
00 FF FF 00 10 0D 22 93 00 00 02 00 00 10 04 71 0C 00 00 0F 1D 
00 FF FF 00 10 0D 22 93 00 00 02 00 00 10 04 72 0C 00 00 0D F2 
00 FF FF 00 10 0D 22 93 00 00 02 00 00 10 04 73 0C 00 00 18 CF 
00 FF FF 00 10 0D 22 93 00 00 02 00 00 10 04 74 0C 00 00 1D C1 
00 FF FF 00 10 0D 22 93 00 00 02 00 00 10 04 75 0C 00 00 16 EE 
00 FF FF 00 10 0D 22 93 00 00 02 00 00 10 04 76 0C 00 00 10 1D 
00 FF FF 00 10 0D 22 93 00 00 02 00 00 10 04 77 0C 00 00 0F 2B 
00 FF FF 00 10 0D 22 93 00 00 02 00 00 10 04 78 0C 00 00 0F 38 
00 FF FF 00 10 0D 22 93 00 00 02 00 00 10 04 79 0C 00 00 0C CA 
00 FF FF 00 10 0D 22 93 00 00 02 00 00 10 04 7A 0C 00 00 10 3C 
00 FF FF 00 10 0D 22 93 00 00 02 00 00 10 04 7B 0C 00 00 10 AE 
00 FF FF 00 10 0D 22 93 00 00 02 00 00 10 04 7C 0C 00 00 1A 9F 
00 FF FF 00 10 0D 22 93 00 00 02 00 00 10 04 7D 0C 00 00 1C 66 
00 FF FF 00 10 0D 22 93 00 00 02 00 00 10 04 7E 0C 00 00 14 4B 
00 FF FF 00 10 0D 22 93 00 00 02 00 00 10 04 7F 0C 00 00 0E 6D 
00 FF FF 00 10 0D 22 93 00 00 02 00 00 10 04 80 0C 00 00 10 55 
00 FF FF 00 10 0D 22 93 00 00 02 00 00 10 04 81 0C 00 00 0F 3D 
00 FF FF 00 10 0D 22 93 00 00 02 00 00 10 04 82 0C 00 00 0F CA 
00 FF FF 00 10 0D 22 93 00 00 02 00 00 10 04 83 0C 00 00 0E 9F 
00 FF FF 00 10 0D 22 93 00 00 02 00 00 10 04 84 0C 00 00 17 35 
00 FF FF 00 10 0D 22 93 00 00 02 00 00 10 04 85 0C 00 00 1A EF 
00 FF FF 00 10 0D 22 93 00 00 02 00 00 10 04 86 0C 00 00 19 61 
00 FF FF 00 10 0D 22 93 00 00 02 00 00 10 04 87 0C 00 00 11 2A 
00 FF FF 00 10 0D 22 93 00 00 02 00 00 10 04 88 0C 00 00 0E 92 
00 FF FF 00 10 0D 22 93 00 00 02 00 00 10 04 89 0C 00 00 11 95 
00 FF FF 00 10 0D 22 93 00 00 02 00 00 10 04 8A 0C 00 00 11 EF 
00 FF FF 00 10 0D 22 93 00 00 02 00 00 10 04 8B 0C 00 00 12 2A 
00 FF FF 00 10 0D 22 93 00 00 02 00 00 10 04 8C 0C 00 00 15 D2 
00 FF FF 00 10 0D 22 93 00 00 02 00 00 10 04 8D 0C 00 00 20 F8 
00 FF FF 00 10 0D 22 93 00 00 02 00 00 10 04 8E 0C 00 00 1E 69 
00 FF FF 00 10 0D 22 93 00 00 02 00 00 10 04 8F 0C 00 00 13 77 
00 FF FF 00 10 0D 22 93 00 00 02 00 00 10 04 90 0C 00 00 12 28 
00 FF FF 00 10 0D 22 93 00 00 02 00 00 10 04 91 0C 00 00 32 D7 
00 FF FF 00 10 0D 22 93 00 00 02 00 00 10 04 92 0C 00 00 17 21 
00 FF FF 00 10 0D 22 93 00 00 02 00 00 10 04 93 0C 00 00 1A 21 
00 FF FF 00 10 0D 22 93 00 00 02 00 00 10 04 94 0C 00 00 11 DD 
00 FF FF 00 10 0D 22 93 00 00 02 00 00 10 04 95 0C 00 00 16 2F 
00 FF FF 00 10 0D 22 93 00 00 02 00 00 10 04 96 0C 00 00 1C C3 
00 FF FF 00 10 0D 22 93 00 00 02 00 00 10 04 97 0C 00 00 19 8B 
00 FF FF 00 10 0D 22 93 00 00 02 00 00 10 04 98 0C 00 00 10 34 
00 FF FF 00 10 0D 22 93 00 00 02 00 00 10 04 99 0C 00 00 11 34 
00 FF FF 00 10 0D 22 93 00 00 02 00 00 10 04 9A 0C 00 00 18 BC 
00 FF FF 00 10 0D 22 93 00 00 02 00 00 10 04 9B 0C 00 00 17 04 
00 FF FF 00 10 0D 22 93 00 00 02 00 00 10 04 9C 0C 00 00 15 89 
00 FF FF 00 10 0D 22 93 00 00 02 00 00 10 04 9D 0C 00 00 17 D3 
00 FF FF 00 10 0D 22 93 00 00 02 00 00 10 04 9E 0C 00 00 1B 96 
00 FF FF 00 10 0D 22 93 00 00 02 00 00 10 04 9F 0C 00 00 1D 46 
00 FF FF 00 10 0D 22 93 00 00 02 00 00 10 04 A0 0C 00 00 14 E2 
00 FF FF 00 10 0D 22 93 00 00 02 00 00 10 04 A1 0C 00 00 0F F1 
00 FF FF 00 10 0D 22 93 00 00 02 00 00 10 04 A2 0C 00 00 23 09 
00 FF FF 00 10 0D 22 93 00 00 02 00 00 10 04 A3 0C 00 00 23 7A 
00 FF FF 00 10 0D 22 93 00 00 02 00 00 10 04 A4 0C 00 00 16 62 
00 FF FF 00 10 0D 22 93 00 00 02 00 00 10 04 A5 0C 00 00 18 1D 
00 FF FF 00 10 0D 22 93 00 00 02 00 00 10 04 A6 0C 00 00 1C 93 
00 FF FF 00 10 0D 22 93 00 00 02 00 00 10 04 A7 0C 00 00 1D 52 
00 FF FF 00 10 0D 22 93 00 00 02 00 00 10 04 A8 0C 00 00 17 5F 
00 FF FF 00 10 0D 22 93 00 00 02 00 00 10 04 A9 0C 00 00 12 6E 
00 FF FF 00 10 0D 22 93 00 00 02 00 00 10 04 AA 0C 00 00 12 43 
00 FF FF 00 10 0D 22 93 00 00 02 00 00 10 04 AB 0C 00 00 2D B2 
00 FF FF 00 10 0D 22 93 00 00 02 00 00 10 04 AC 0C 00 00 26 53 
00 FF FF 00 10 0D 22 93 00 00 02 00 00 10 04 AD 0C 00 00 1A 25 
00 FF FF 00 10 0D 22 93 00 00 02 00 00 10 04 AE 0C 00 00 14 6D 
00 FF FF 00 10 0D 22 93 00 00 02 00 00 10 04 AF 0C 00 00 17 7E 
00 FF FF 00 10 0D 22 93 00 00 02 00 00 10 04 B0 0C 00 00 19 53 
00 FF FF 00 10 0D 22 93 00 00 02 00 00 10 04 B1 0C 00 00 16 44 
00 FF FF 00 10 0D 22 93 00 00 02 00 00 10 04 B2 0C 00 00 17 33 
00 FF FF 00 10 0D 22 93 00 00 02 00 00 10 04 B3 0C 00 00 2C 3D 
00 FF FF 00 10 0D 22 93 00 00 02 00 00 10 04 B4 0C 00 00 2F 78 
00 FF FF 00 10 0D 22 93 00 00 02 00 00 10 04 B5 0C 00 00 1E 2B 
00 FF FF 00 10 0D 22 93 00 00 02 00 00 10 04 B6 0C 00 00 14 9D 
00 FF FF 00 10 0D 22 93 00 00 02 00 00 10 04 B7 0C 00 00 14 27 
00 FF FF 00 10 0D 22 93 00 00 02 00 00 10 04 B8 0C 00 00 13 4E 
00 FF FF 00 10 0D 22 93 00 00 02 00 00 10 04 B9 0C 00 00 18 62 
00 FF FF 00 10 0D 22 93 00 00 02 00 00 10 04 BA 0C 00 00 17 9C 
00 FF FF 00 10 0D 22 93 00 00 02 00 00 10 04 BB 0C 00 00 1C 66 
00 FF FF 00 10 0D 22 93 00 00 02 00 00 10 04 BC 0C 00 00 17 7A 
00 FF FF 00 10 0D 22 93 00 00 02 00 00 10 04 BD 0C 00 00 17 B3 
00 FF FF 00 10 0D 22 93 00 00 02 00 00 10 04 BE 0C 00 00 18 5D 
00 FF FF 00 10 0D 22 93 00 00 02 00 00 10 04 BF 0C 00 00 10 7F 
00 FF FF 00 10 0D 22 93 00 00 02 00 00 10 04 C0 0C 00 00 13 26 
00 FF FF 00 10 0D 22 93 00 00 02 00 00 10 04 C1 0C 00 00 14 76 
00 FF FF 00 10 0D 22 93 00 00 02 00 00 10 04 C2 0C 00 00 15 F7 
00 FF FF 00 10 0D 22 93 00 00 02 00 00 10 04 C3 0C 00 00 17 B9 
00 FF FF 00 10 0D 22 93 00 00 02 00 00 10 04 C4 0C 00 00 24 81 
00 FF FF 00 10 0D 22 93 00 00 02 00 00 10 04 C5 0C 00 00 2C 02 
00 FF FF 00 10 0D 22 93 00 00 02 00 00 10 04 C6 0C 00 00 15 96 
00 FF FF 00 10 0D 22 93 00 00 02 00 00 10 04 C7 0C 00 00 14 3F 
00 FF FF 00 10 0D 22 93 00 00 02 00 00 10 04 C8 0C 00 00 0F 19 
00 FF FF 00 10 0D 22 93 00 00 02 00 00 10 04 C9 0C 00 00 0F 0E 
00 FF FF 00 10 0D 22 93 00 00 02 00 00 10 04 CA 0C 00 00 12 6B 
00 FF FF 00 10 0D 22 93 00 00 02 00 00 10 04 CB 0C 00 00 1C 42 
00 FF FF 00 10 0D 22 93 00 00 02 00 00 10 04 CC 0C 00 00 13 86 
00 FF FF 00 10 0D 22 93 00 00 02 00 00 10 04 CD 0C 00 00 1E BE 
00 FF FF 00 10 0D 22 93 00 00 02 00 00 10 04 CE 0C 00 00 14 34 
00 FF FF 00 10 0D 22 93 00 00 02 00 00 10 04 CF 0C 00 00 02 70 
00 FF FF 00 10 0D 22 93 00 00 02 00 00 10 04 D0 0C 00 00 0F A8 
00 FF FF 00 10 0D 22 93 00 00 02 00 00 10 04 D1 0C 00 00 0A 5A 
00 FF FF 00 10 0D 22 93 00 00 02 00 00 10 04 D2 0C 00 00 14 56 
00 FF FF 00 10 0D 22 93 00 00 02 00 00 10 04 D3 0C 00 00 14 79 
00 FF FF 00 10 0D 22 93 00 00 02 00 00 10 04 D4 0C 00 00 12 D3 
00 FF FF 00 10 0D 22 93 00 00 02 00 00 10 04 D5 0C 00 00 19 F1 
00 FF FF 00 10 0D 22 93 00 00 02 00 00 10 04 D6 0C 00 00 19 11 
00 FF FF 00 10 0D 22 93 00 00 02 00 00 10 04 D7 0C 00 00 19 B6 
00 FF FF 00 10 0D 22 93 00 00 02 00 00 10 04 D8 0C 00 00 0D 1B 
00 FF FF 00 10 0D 22 93 00 00 02 00 00 10 04 D9 0C 00 00 0C 7B 
00 FF FF 00 10 0D 22 93 00 00 02 00 00 10 04 DA 0C 00 00 0E C8 
00 FF FF 00 10 0D 22 93 00 00 02 00 00 10 04 DB 0C 00 00 0F 6B 
00 FF FF 00 10 0D 22 93 00 00 02 00 00 10 04 DC 0C 00 00 15 D1 
00 FF FF 00 10 0D 22 93 00 00 02 00 00 10 04 DD 0C 00 00 19 64 
00 FF FF 00 10 0D 22 93 00 00 02 00 00 10 04 DE 0C 00 00 1A EE 
00 FF FF 00 10 0D 22 93 00 00 02 00 00 10 04 DF 0C 00 00 13 8D 
00 FF FF 00 10 0D 22 93 00 00 02 00 00 10 04 E0 0C 00 00 0B 2C 
00 FF FF 00 10 0D 22 93 00 00 02 00 00 10 04 E1 0C 00 00 0E 0B 
00 FF FF 00 10 0D 22 93 00 00 02 00 00 10 04 E2 0C 00 00 15 6F 
00 FF FF 00 10 0D 22 93 00 00 02 00 00 10 04 E3 0C 00 00 15 DF 
00 FF FF 00 10 0D 22 93 00 00 02 00 00 10 04 E4 0C 00 00 11 F5 
00 FF FF 00 10 0D 22 93 00 00 02 00 00 10 04 E5 0C 00 00 13 DB 
00 FF FF 00 10 0D 22 93 00 00 02 00 00 10 04 E6 0C 00 00 19 1F 
00 FF FF 00 10 0D 22 93 00 00 02 00 00 10 04 E7 0C 00 00 1A 5E 
00 FF FF 00 10 0D 22 93 00 00 02 00 00 10 04 E8 0C 00 00 10 EB 
00 FF FF 00 10 0D 22 93 00 00 02 00 00 10 04 E9 0C 00 00 0F 8D 
00 FF FF 00 10 0D 22 93 00 00 02 00 00 10 04 EA 0C 00 00 09 ED 
00 FF FF 00 10 0D 22 93 00 00 02 00 00 10 04 EB 0C 00 00 08 A5 
00 FF FF 00 10 0D 22 93 00 00 02 00 00 10 04 EC 0C 00 00 0E 0F 
00 FF FF 00 10 0D 22 93 00 00 02 00 00 10 04 ED 0C 00 00 12 B1 
00 FF FF 00 10 0D 22 93 00 00 02 00 00 10 04 EE 0C 00 00 12 DB 
00 FF FF 00 10 0D 22 93 00 00 02 00 00 10 04 EF 0C 00 00 18 B7 
00 FF FF 00 10 0D 22 93 00 00 02 00 00 10 04 F0 0C 00 00 14 9D 
00 FF FF 00 10 0D 22 93 00 00 02 00 00 10 04 F1 0C 00 00 0F 3E 
00 FF FF 00 10 0D 22 93 00 00 02 00 00 10 04 F2 0C 00 00 10 8B 
00 FF FF 00 10 0D 22 93 00 00 02 00 00 10 04 F3 0C 00 00 0F 13 
00 FF FF 00 10 0D 22 93 00 00 02 00 00 10 04 F4 0C 00 00 10 FA 
00 FF FF 00 10 0D 22 93 00 00 02 00 00 10 04 F5 0C 00 00 0F E5 
00 FF FF 00 10 0D 22 93 00 00 02 00 00 10 04 F6 0C 00 00 12 9F 
00 FF FF 00 10 0D 22 93 00 00 02 00 00 10 04 F7 0C 00 00 17 3D 
00 FF FF 00 10 0D 22 93 00 00 02 00 00 10 04 F8 0C 00 00 18 9F 
00 FF FF 00 10 0D 22 93 00 00 02 00 00 10 04 F9 0C 00 00 11 1F 
00 FF FF 00 10 0D 22 93 00 00 02 00 00 10 04 FA 0C 00 00 12 C9 
00 FF FF 00 10 0D 22 93 00 00 02 00 00 10 04 FB 0C 00 00 13 C4 
00 FF FF 00 10 0D 22 93 00 00 02 00 00 10 04 FC 0C 00 00 0E 9A 
00 FF FF 00 10 0D 22 93 00 00 02 00 00 10 04 FD 0C 00 00 0E 7F 
00 FF FF 00 10 0D 22 93 00 00 02 00 00 10 04 FE 0C 00 00 13 C9 
00 FF FF 00 10 0D 22 93 00 00 02 00 00 10 04 FF 0C 00 00 18 12 
00 FF FF 00 10 0D 22 93 00 00 02 00 00 10 05 00 0C 00 00 19 94 
00 FF FF 00 10 0D 22 93 00 00 02 00 00 10 05 01 0C 00 00 15 3D 
00 FF FF 00 10 0D 22 93 00 00 02 00 00 10 05 02 0C 00 00 19 C5 
00 FF FF 00 10 0D 22 93 00 00 02 00 00 10 05 03 0C 00 00 12 25 
00 FF FF 00 10 0D 22 93 00 00 02 00 00 10 05 04 0C 00 00 12 84 
00 FF FF 00 10 0D 22 93 00 00 02 00 00 10 05 05 0C 00 00 12 10 
00 FF FF 00 10 0D 22 93 00 00 02 00 00 10 05 06 0C 00 00 0F 15 
00 FF FF 00 10 0D 22 93 00 00 02 00 00 10 05 07 0C 00 00 13 E6 
00 FF FF 00 10 0D 22 93 00 00 02 00 00 10 05 08 0C 00 00 11 D6 
00 FF FF 00 10 0D 22 93 00 00 02 00 00 10 05 09 0C 00 00 18 E7 
00 FF FF 00 10 0D 22 93 00 00 02 00 00 10 05 0A 0C 00 00 12 2B 
00 FF FF 00 10 0D 22 93 00 00 02 00 00 10 05 0B 0C 00 00 10 F7 
00 FF FF 00 10 0D 22 93 00 00 02 00 00 10 05 0C 0C 00 00 11 75 
00 FF FF 00 10 0D 22 93 00 00 02 00 00 10 05 0D 0C 00 00 1A 79 
00 FF FF 00 10 0D 22 93 00 00 02 00 00 10 05 0E 0C 00 00 10 25 
00 FF FF 00 10 0D 22 93 00 00 02 00 00 10 05 0F 0C 00 00 0D 72 
00 FF FF 00 10 0D 22 93 00 00 02 00 00 10 05 10 0C 00 00 15 FD 
00 FF FF 00 10 0D 22 93 00 00 02 00 00 10 05 11 0C 00 00 20 1E 
00 FF FF 00 10 0D 22 93 00 00 02 00 00 10 05 12 0C 00 00 13 FC 
00 FF FF 00 10 0D 22 93 00 00 02 00 00 10 05 13 0C 00 00 10 16 
00 FF FF 00 10 0D 22 93 00 00 02 00 00 10 05 14 0C 00 00 14 AF 
00 FF FF 00 10 0D 22 93 00 00 02 00 00 10 05 15 0C 00 00 11 15 
00 FF FF 00 10 0D 22 93 00 00 02 00 00 10 05 16 0C 00 00 1B CF 
00 FF FF 00 10 0D 22 93 00 00 02 00 00 10 05 17 0C 00 00 14 62 
00 FF FF 00 10 0D 22 93 00 00 02 00 00 10 05 18 0C 00 00 12 1A 
00 FF FF 00 10 0D 22 93 00 00 02 00 00 10 05 19 0C 00 00 17 40 
00 FF FF 00 10 0D 22 93 00 00 02 00 00 10 05 1A 0C 00 00 18 A1 
00 FF FF 00 10 0D 22 93 00 00 02 00 00 10 05 1B 0C 00 00 1B 27 
00 FF FF 00 10 0D 22 93 00 00 02 00 00 10 05 1C 0C 00 00 17 E7 
00 FF FF 00 10 0D 22 93 00 00 02 00 00 10 05 1D 0C 00 00 16 27 
00 FF FF 00 10 0D 22 93 00 00 02 00 00 10 05 1E 0C 00 00 17 45 
00 FF FF 00 10 0D 22 93 00 00 02 00 00 10 05 1F 0C 00 00 0A 65 
00 FF FF 00 10 0D 22 93 00 00 02 00 00 10 05 20 0C 00 00 0E 73 
00 FF FF 00 10 0D 22 93 00 00 02 00 00 10 05 21 0C 00 00 10 69 
00 FF FF 00 10 0D 22 93 00 00 02 00 00 10 05 22 0C 00 00 2A A5 
00 FF FF 00 10 0D 22 93 00 00 02 00 00 10 05 23 0C 00 00 2A 39 
00 FF FF 00 10 0D 22 93 00 00 02 00 00 10 05 24 0C 00 00 1E 65 
00 FF FF 00 10 0D 22 93 00 00 02 00 00 10 05 25 0C 00 00 16 CD 
00 FF FF 00 10 0D 22 93 00 00 02 00 00 10 05 26 0C 00 00 19 4A 
00 FF FF 00 10 0D 22 93 00 00 02 00 00 10 05 27 0C 00 00 16 9F 
00 FF FF 00 10 0D 22 93 00 00 02 00 00 10 05 28 0C 00 00 16 A4 
00 FF FF 00 10 0D 22 93 00 00 02 00 00 10 05 29 0C 00 00 13 35 
00 FF FF 00 10 0D 22 93 00 00 02 00 00 10 05 2A 0C 00 00 20 B8 
00 FF FF 00 10 0D 22 93 00 00 02 00 00 10 05 2B 0C 00 00 26 C9 
00 FF FF 00 10 0D 22 93 00 00 02 00 00 10 05 2C 0C 00 00 10 F2 
00 FF FF 00 10 0D 22 93 00 00 02 00 00 10 05 2D 0C 00 00 14 1B 
00 FF FF 00 10 0D 22 93 00 00 02 00 00 10 05 2E 0C 00 00 19 FE 
00 FF FF 00 10 0D 22 93 00 00 02 00 00 10 05 2F 0C 00 00 1D 13 
00 FF FF 00 10 0D 22 93 00 00 02 00 00 10 05 30 0C 00 00 1D 71 
00 FF FF 00 10 0D 22 93 00 00 02 00 00 10 05 31 0C 00 00 14 2E 
00 FF FF 00 10 0D 22 93 00 00 02 00 00 10 05 32 0C 00 00 16 37 
00 FF FF 00 10 0D 22 93 00 00 02 00 00 10 05 33 0C 00 00 26 11 
00 FF FF 00 10 0D 22 93 00 00 02 00 00 10 05 34 0C 00 00 2B C5 
00 FF FF 00 10 0D 22 93 00 00 02 00 00 10 05 35 0C 00 00 1D 8D 
00 FF FF 00 10 0D 22 93 00 00 02 00 00 10 05 36 0C 00 00 17 A4 
00 FF FF 00 10 0D 22 93 00 00 02 00 00 10 05 37 0C 00 00 1D 11 
00 FF FF 00 10 0D 22 93 00 00 02 00 00 10 05 38 0C 00 00 17 0A 
00 FF FF 00 10 0D 22 93 00 00 02 00 00 10 05 39 0C 00 00 02 43 
00 FF FF 00 10 0D 22 93 00 00 02 00 00 10 05 3A 0C 00 00 18 11 
00 FF FF 00 10 0D 22 93 00 00 02 00 00 10 05 3B 0C 00 00 1C BE 
00 FF FF 00 10 0D 22 93 00 00 02 00 00 10 05 3C 0C 00 00 0E 4E 
00 FF FF 00 10 0D 22 93 00 00 02 00 00 10 05 3D 0C 00 00 23 5D 
00 FF FF 00 10 0D 22 93 00 00 02 00 00 10 05 3E 0C 00 00 19 03 
00 FF FF 00 10 0D 22 93 00 00 02 00 00 10 05 3F 0C 00 00 16 B1 
00 FF FF 00 10 0D 22 93 00 00 02 00 00 10 05 40 0C 00 00 20 37 
00 FF FF 00 10 0D 22 93 00 00 02 00 00 10 05 41 0C 00 00 11 FA 
00 FF FF 00 10 0D 22 93 00 00 02 00 00 10 05 42 0C 00 00 0C A0 
00 FF FF 00 10 0D 22 93 00 00 02 00 00 10 05 43 0C 00 00 1E 3C 
00 FF FF 00 10 0D 22 93 00 00 02 00 00 10 05 44 0C 00 00 21 3B 
00 FF FF 00 10 0D 22 93 00 00 02 00 00 10 05 45 0C 00 00 13 C8 
00 FF FF 00 10 0D 22 93 00 00 02 00 00 10 05 46 0C 00 00 1B F9 
00 FF FF 00 10 0D 22 93 00 00 02 00 00 10 05 47 0C 00 00 16 53 
00 FF FF 00 10 0D 22 93 00 00 02 00 00 10 05 48 0C 00 00 1D 2A 
00 FF FF 00 10 0D 22 93 00 00 02 00 00 10 05 49 0C 00 00 17 2B 
00 FF FF 00 10 0D 22 93 00 00 02 00 00 10 05 4A 0C 00 00 14 BF 
00 FF FF 00 10 0D 22 93 00 00 02 00 00 10 05 4B 0C 00 00 0C 08 
00 FF FF 00 10 0D 22 93 00 00 02 00 00 10 05 4C 0C 00 00 14 4F 
00 FF FF 00 10 0D 22 93 00 00 02 00 00 10 05 4D 0C 00 00 17 10 
00 FF FF 00 10 0D 22 93 00 00 02 00 00 10 05 4E 0C 00 00 23 5B 
00 FF FF 00 10 0D 22 93 00 00 02 00 00 10 05 4F 0C 00 00 14 60 
00 FF FF 00 10 0D 22 93 00 00 02 00 00 10 05 50 0C 00 00 19 E5 
00 FF FF 00 10 0D 22 93 00 00 02 00 00 10 05 51 0C 00 00 1A F8 
00 FF FF 00 10 0D 22 93 00 00 02 00 00 10 05 52 0C 00 00 1B DE 
00 FF FF 00 10 0D 22 93 00 00 02 00 00 10 05 53 0C 00 00 13 BE 
00 FF FF 00 10 0D 22 93 00 00 02 00 00 10 05 54 0C 00 00 0F 1E 
00 FF FF 00 10 0D 22 93 00 00 02 00 00 10 05 55 0C 00 00 16 45 
00 FF FF 00 10 0D 22 93 00 00 02 00 00 10 05 56 0C 00 00 21 F7 
00 FF FF 00 10 0D 22 93 00 00 02 00 00 10 05 57 0C 00 00 11 53 
00 FF FF 00 10 0D 22 93 00 00 02 00 00 10 05 58 0C 00 00 12 45 
00 FF FF 00 10 0D 22 93 00 00 02 00 00 10 05 59 0C 00 00 18 A9 
00 FF FF 00 10 0D 22 93 00 00 02 00 00 10 05 5A 0C 00 00 1C AE 
00 FF FF 00 10 0D 22 93 00 00 02 00 00 10 05 5B 0C 00 00 15 46 
00 FF FF 00 10 0D 22 93 00 00 02 00 00 10 05 5C 0C 00 00 0D B5 
00 FF FF 00 10 0D 22 93 00 00 02 00 00 10 05 5D 0C 00 00 0F 2B 
00 FF FF 00 10 0D 22 93 00 00 02 00 00 10 05 5E 0C 00 00 13 DD 
00 FF FF 00 10 0D 22 93 00 00 02 00 00 10 05 5F 0C 00 00 1E 35 
00 FF FF 00 10 0D 22 93 00 00 02 00 00 10 05 60 0C 00 00 1A F1 
00 FF FF 00 10 0D 22 93 00 00 02 00 00 10 05 61 0C 00 00 1E 0D 
00 FF FF 00 10 0D 22 93 00 00 02 00 00 10 05 62 0C 00 00 04 DD 
00 FF FF 00 10 0D 22 93 00 00 02 00 00 10 05 63 0C 00 00 1A BC 
00 FF FF 00 10 0D 22 93 00 00 02 00 00 10 05 64 0C 00 00 10 7D 
00 FF FF 00 10 0D 22 93 00 00 02 00 00 10 05 65 0C 00 00 10 DD 
00 FF FF 00 10 0D 22 93 00 00 02 00 00 10 05 66 0C 00 00 19 26 
00 FF FF 00 10 0D 22 93 00 00 02 00 00 10 05 67 0C 00 00 1A F3 
00 FF FF 00 10 0D 22 93 00 00 02 00 00 10 05 68 0C 00 00 1A CF 
00 FF FF 00 10 0D 22 93 00 00 02 00 00 10 05 69 0C 00 00 16 69 
00 FF FF 00 10 0D 22 93 00 00 02 00 00 10 05 6A 0C 00 00 1D 0A 
00 FF FF 00 10 0D 22 93 00 00 02 00 00 10 05 6B 0C 00 00 1B A6 
00 FF FF 00 10 0D 22 93 00 00 02 00 00 10 05 6C 0C 00 00 16 75 
00 FF FF 00 10 0D 22 93 00 00 02 00 00 10 05 6D 0C 00 00 10 ED 
00 FF FF 00 10 0D 22 93 00 00 02 00 00 10 05 6E 0C 00 00 0E 42 
00 FF FF 00 10 0D 22 93 00 00 02 00 00 10 05 6F 0C 00 00 10 05 
00 FF FF 00 10 0D 22 93 00 00 02 00 00 10 05 70 0C 00 00 1E 21 
00 FF FF 00 10 0D 22 93 00 00 02 00 00 10 05 71 0C 00 00 0C EE 
00 FF FF 00 10 0D 22 93 00 00 02 00 00 10 05 72 0C 00 00 19 CB 
00 FF FF 00 10 0D 22 93 00 00 02 00 00 10 05 73 0C 00 00 13 4A 
00 FF FF 00 10 0D 22 93 00 00 02 00 00 10 05 74 0C 00 00 1B 21 
00 FF FF 00 10 0D 22 93 00 00 02 00 00 10 05 75 0C 00 00 14 67 
00 FF FF 00 10 0D 22 93 00 00 02 00 00 10 05 76 0C 00 00 0F 74 
00 FF FF 00 10 0D 22 93 00 00 02 00 00 10 05 77 0C 00 00 13 3C 
00 FF FF 00 10 0D 22 93 00 00 02 00 00 10 05 78 0C 00 00 17 E2 
00 FF FF 00 10 0D 22 93 00 00 02 00 00 10 05 79 0C 00 00 13 F4 
00 FF FF 00 10 0D 22 93 00 00 02 00 00 10 05 7A 0C 00 00 16 35 
00 FF FF 00 10 0D 22 93 00 00 02 00 00 10 05 7B 0C 00 00 1B 78 
00 FF FF 00 10 0D 22 93 00 00 02 00 00 10 05 7C 0C 00 00 1C E7 
00 FF FF 00 10 0D 22 93 00 00 02 00 00 10 05 7D 0C 00 00 17 F2 
00 FF FF 00 10 0D 22 93 00 00 02 00 00 10 05 7E 0C 00 00 0E 47 
00 FF FF 00 10 0D 22 93 00 00 02 00 00 10 05 7F 0C 00 00 13 8C 
00 FF FF 00 10 0D 22 93 00 00 02 00 00 10 05 80 0C 00 00 10 89 
00 FF FF 00 10 0D 22 93 00 00 02 00 00 10 05 81 0C 00 00 12 6E 
00 FF FF 00 10 0D 22 93 00 00 02 00 00 10 05 82 0C 00 00 0F 7B 
00 FF FF 00 10 0D 22 93 00 00 02 00 00 10 05 83 0C 00 00 19 B5 
00 FF FF 00 10 0D 22 93 00 00 02 00 00 10 05 84 0C 00 00 1D 12 
00 FF FF 00 10 0D 22 93 00 00 02 00 00 10 05 85 0C 00 00 0D 0E 
00 FF FF 00 10 0D 22 93 00 00 02 00 00 10 05 86 0C 00 00 18 3A 
00 FF FF 00 10 0D 22 93 00 00 02 00 00 10 05 87 0C 00 00 10 6B 
00 FF FF 00 10 0D 22 93 00 00 02 00 00 10 05 88 0C 00 00 13 4F 
00 FF FF 00 10 0D 22 93 00 00 02 00 00 10 05 89 0C 00 00 12 1C 
00 FF FF 00 10 0D 22 93 00 00 02 00 00 10 05 8A 0C 00 00 0D 07 
00 FF FF 00 10 0D 22 93 00 00 02 00 00 10 05 8B 0C 00 00 10 AE 
00 FF FF 00 10 0D 22 93 00 00 02 00 00 10 05 8C 0C 00 00 21 B6 
00 FF FF 00 10 0D 22 93 00 00 02 00 00 10 05 8D 0C 00 00 1D 33 
00 FF FF 00 10 0D 22 93 00 00 02 00 00 10 05 8E 0C 00 00 19 47 
00 FF FF 00 10 0D 22 93 00 00 02 00 00 10 05 8F 0C 00 00 12 5A 
00 FF FF 00 10 0D 22 93 00 00 02 00 00 10 05 90 0C 00 00 05 27 
00 FF FF 00 10 0D 22 93 00 00 02 00 00 10 05 91 0C 00 00 15 1F 
00 FF FF 00 10 0D 22 93 00 00 02 00 00 10 05 92 0C 00 00 12 49 
00 FF FF 00 10 0D 22 93 00 00 02 00 00 10 05 93 0C 00 00 1A A5 
00 FF FF 00 10 0D 22 93 00 00 02 00 00 10 05 94 0C 00 00 13 BB 
00 FF FF 00 10 0D 22 93 00 00 02 00 00 10 05 95 0C 00 00 1A 73 
00 FF FF 00 10 0D 22 93 00 00 02 00 00 10 05 96 0C 00 00 1D DA 
00 FF FF 00 10 0D 22 93 00 00 02 00 00 10 05 97 0C 00 00 15 81 
00 FF FF 00 10 0D 22 93 00 00 02 00 00 10 05 98 0C 00 00 02 77 
00 FF FF 00 10 0D 22 93 00 00 02 00 00 10 05 99 0C 00 00 16 04 
00 FF FF 00 10 0D 22 93 00 00 02 00 00 10 05 9A 0C 00 00 16 E2 
00 FF FF 00 10 0D 22 93 00 00 02 00 00 10 05 9B 0C 00 00 11 69 
00 FF FF 00 10 0D 22 93 00 00 02 00 00 10 05 9C 0C 00 00 10 C2 
00 FF FF 00 10 0D 22 93 00 00 02 00 00 10 05 9D 0C 00 00 1B 6A 
00 FF FF 00 10 0D 22 93 00 00 02 00 00 10 05 9E 0C 00 00 1D 67 
00 FF FF 00 10 0D 22 93 00 00 02 00 00 10 05 9F 0C 00 00 1A EB 
00 FF FF 00 10 0D 22 93 00 00 02 00 00 10 05 A0 0C 00 00 1F 6E 
00 FF FF 00 10 0D 22 93 00 00 02 00 00 10 05 A1 0C 00 00 1E EC 
00 FF FF 00 10 0D 22 93 00 00 02 00 00 10 05 A2 0C 00 00 17 5C 
00 FF FF 00 10 0D 22 93 00 00 02 00 00 10 05 A3 0C 00 00 15 BF 
00 FF FF 00 10 0D 22 93 00 00 02 00 00 10 05 A4 0C 00 00 0E FB 
00 FF FF 00 10 0D 22 93 00 00 02 00 00 10 05 A5 0C 00 00 19 ED 
00 FF FF 00 10 0D 22 93 00 00 02 00 00 10 05 A6 0C 00 00 1B D1 
00 FF FF 00 10 0D 22 93 00 00 02 00 00 10 05 A7 0C 00 00 1F 05 
00 FF FF 00 10 0D 22 93 00 00 02 00 00 10 05 A8 0C 00 00 15 91 
00 FF FF 00 10 0D 22 93 00 00 02 00 00 10 05 A9 0C 00 00 18 E9 
00 FF FF 00 10 0D 22 93 00 00 02 00 00 10 05 AA 0C 00 00 19 53 
00 FF FF 00 10 0D 22 93 00 00 02 00 00 10 05 AB 0C 00 00 1A C6 
00 FF FF 00 10 0D 22 93 00 00 02 00 00 10 05 AC 0C 00 00 10 9E 
00 FF FF 00 10 0D 22 93 00 00 02 00 00 10 05 AD 0C 00 00 10 FF 
00 FF FF 00 10 0D 22 93 00 00 02 00 00 10 05 AE 0C 00 00 16 FB 
00 FF FF 00 10 0D 22 93 00 00 02 00 00 10 05 AF 0C 00 00 1D 92 
00 FF FF 00 10 0D 22 93 00 00 02 00 00 10 05 B0 0C 00 00 1A 8F 
00 FF FF 00 10 0D 22 93 00 00 02 00 00 10 05 B1 0C 00 00 12 1D 
00 FF FF 00 10 0D 22 93 00 00 02 00 00 10 05 B2 0C 00 00 0F 9D 
00 FF FF 00 10 0D 22 93 00 00 02 00 00 10 05 B3 0C 00 00 0D AB 
00 FF FF 00 10 0D 22 93 00 00 02 00 00 10 05 B4 0C 00 00 0E 4B 
00 FF FF 00 10 0D 22 93 00 00 02 00 00 10 05 B5 0C 00 00 0E 3A 
00 FF FF 00 10 0D 22 93 00 00 02 00 00 10 05 B6 0C 00 00 0F FD 
00 FF FF 00 10 0D 22 93 00 00 02 00 00 10 05 B7 0C 00 00 1B BA 
00 FF FF 00 10 0D 22 93 00 00 02 00 00 10 05 B8 0C 00 00 1F 04 
00 FF FF 00 10 0D 22 93 00 00 02 00 00 10 05 B9 0C 00 00 14 FA 
00 FF FF 00 10 0D 22 93 00 00 02 00 00 10 05 BA 0C 00 00 0F F3 
00 FF FF 00 10 0D 22 93 00 00 02 00 00 10 05 BB 0C 00 00 0B 8D 
00 FF FF 00 10 0D 22 93 00 00 02 00 00 10 05 BC 0C 00 00 11 D2 
00 FF FF 00 10 0D 22 93 00 00 02 00 00 10 05 BD 0C 00 00 0E 8D 
00 FF FF 00 10 0D 22 93 00 00 02 00 00 10 05 BE 0C 00 00 12 B3 
00 FF FF 00 10 0D 22 93 00 00 02 00 00 10 05 BF 0C 00 00 1B 03 
00 FF FF 00 10 0D 22 93 00 00 02 00 00 10 05 C0 0C 00 00 1D 5D 
00 FF FF 00 10 0D 22 93 00 00 02 00 00 10 05 C1 0C 00 00 1A A6 
00 FF FF 00 10 0D 22 93 00 00 02 00 00 10 05 C2 0C 00 00 12 10 
00 FF FF 00 10 0D 22 93 00 00 02 00 00 10 05 C3 0C 00 00 0E 95 
00 FF FF 00 10 0D 22 93 00 00 02 00 00 10 05 C4 0C 00 00 12 23 
00 FF FF 00 10 0D 22 93 00 00 02 00 00 10 05 C5 0C 00 00 10 97 
00 FF FF 00 10 0D 22 93 00 00 02 00 00 10 05 C6 0C 00 00 16 17 
00 FF FF 00 10 0D 22 93 00 00 02 00 00 10 05 C7 0C 00 00 12 89 
00 FF FF 00 10 0D 22 93 00 00 02 00 00 10 05 C8 0C 00 00 1B 9A 
00 FF FF 00 10 0D 22 93 00 00 02 00 00 10 05 C9 0C 00 00 1E 95 
00 FF FF 00 10 0D 22 93 00 00 02 00 00 10 05 CA 0C 00 00 16 3E 
00 FF FF 00 10 0D 22 93 00 00 02 00 00 10 05 CB 0C 00 00 10 8B 
00 FF FF 00 10 0D 22 93 00 00 02 00 00 10 05 CC 0C 00 00 11 6F 
00 FF FF 00 10 0D 22 93 00 00 02 00 00 10 05 CD 0C 00 00 15 72 
00 FF FF 00 10 0D 22 93 00 00 02 00 00 10 05 CE 0C 00 00 12 DA 
00 FF FF 00 10 0D 22 93 00 00 02 00 00 10 05 CF 0C 00 00 0A 9D 
00 FF FF 00 10 0D 22 93 00 00 02 00 00 10 05 D0 0C 00 00 1A 87 
00 FF FF 00 10 0D 22 93 00 00 02 00 00 10 05 D1 0C 00 00 04 AC 
00 FF FF 00 10 0D 22 93 00 00 02 00 00 10 05 D2 0C 00 00 19 A5 
00 FF FF 00 10 0D 22 93 00 00 02 00 00 10 05 D3 0C 00 00 11 A6 
00 FF FF 00 10 0D 22 93 00 00 02 00 00 10 05 D4 0C 00 00 16 76 
00 FF FF 00 10 0D 22 93 00 00 02 00 00 10 05 D5 0C 00 00 16 35 
00 FF FF 00 10 0D 22 93 00 00 02 00 00 10 05 D6 0C 00 00 15 B3 
00 FF FF 00 10 0D 22 93 00 00 02 00 00 10 05 D7 0C 00 00 1B 9E 
00 FF FF 00 10 0D 22 93 00 00 02 00 00 10 05 D8 0C 00 00 2C 22 
00 FF FF 00 10 0D 22 93 00 00 02 00 00 10 05 D9 0C 00 00 02 16 
00 FF FF 00 10 0D 22 93 00 00 02 00 00 10 05 DA 0C 00 00 16 7D 
00 FF FF 00 10 0D 22 93 00 00 02 00 00 10 05 DB 0C 00 00 14 02 
00 FF FF 00 10 0D 22 93 00 00 02 00 00 10 05 DC 0C 00 00 13 23 
00 FF FF 00 10 0D 22 93 00 00 02 00 00 10 05 DD 0C 00 00 14 9D 
00 FF FF 00 10 0D 22 93 00 00 02 00 00 10 05 DE 0C 00 00 12 E6 
00 FF FF 00 10 0D 22 93 00 00 02 00 00 10 05 DF 0C 00 00 1E 5E 
00 FF FF 00 10 0D 22 93 00 00 02 00 00 10 05 E0 0C 00 00 14 BA 
00 FF FF 00 10 0D 22 93 00 00 02 00 00 10 05 E1 0C 00 00 17 AD 
00 FF FF 00 10 0D 22 93 00 00 02 00 00 10 05 E2 0C 00 00 19 73 
00 FF FF 00 10 0D 22 93 00 00 02 00 00 10 05 E3 0C 00 00 10 DD 
00 FF FF 00 10 0D 22 93 00 00 02 00 00 10 05 E4 0C 00 00 12 5B 
00 FF FF 00 10 0D 22 93 00 00 02 00 00 10 05 E5 0C 00 00 0F A9 
00 FF FF 00 10 0D 22 93 00 00 02 00 00 10 05 E6 0C 00 00 15 E5 
00 FF FF 00 10 0D 22 93 00 00 02 00 00 10 05 E7 0C 00 00 0C 93 
00 FF FF 00 10 0D 22 93 00 00 02 00 00 10 05 E8 0C 00 00 17 D7 
00 FF FF 00 10 0D 22 93 00 00 02 00 00 10 05 E9 0C 00 00 17 EA 
00 FF FF 00 10 0D 22 93 00 00 02 00 00 10 05 EA 0C 00 00 13 BF 
00 FF FF 00 10 0D 22 93 00 00 02 00 00 10 05 EB 0C 00 00 18 47 
00 FF FF 00 10 0D 22 93 00 00 02 00 00 10 05 EC 0C 00 00 15 9B 
00 FF FF 00 10 0D 22 93 00 00 02 00 00 10 05 ED 0C 00 00 10 3C 
00 FF FF 00 10 0D 22 93 00 00 02 00 00 10 05 EE 0C 00 00 10 12 
00 FF FF 00 10 0D 22 93 00 00 02 00 00 10 05 EF 0C 00 00 2D E0 
00 FF FF 00 10 0D 22 93 00 00 02 00 00 10 05 F0 0C 00 00 20 CC 
00 FF FF 00 10 0D 22 93 00 00 02 00 00 10 05 F1 0C 00 00 16 E7 
00 FF FF 00 10 0D 22 93 00 00 02 00 00 10 05 F2 0C 00 00 17 85 
00 FF FF 00 10 0D 22 93 00 00 02 00 00 10 05 F3 0C 00 00 11 C6 
00 FF FF 00 10 0D 22 93 00 00 02 00 00 10 05 F4 0C 00 00 11 33 
00 FF FF 00 10 0D 22 93 00 00 02 00 00 10 05 F5 0C 00 00 0D 83 
00 FF FF 00 10 0D 22 93 00 00 02 00 00 10 05 F6 0C 00 00 11 6C 
00 FF FF 00 10 0D 22 93 00 00 02 00 00 10 05 F7 0C 00 00 0B 65 
00 FF FF 00 10 0D 22 93 00 00 02 00 00 10 05 F8 0C 00 00 12 04 
00 FF FF 00 10 0D 22 93 00 00 02 00 00 10 05 F9 0C 00 00 14 4C 
00 FF FF 00 10 0D 22 93 00 00 02 00 00 10 05 FA 0C 00 00 0D D2 
00 FF FF 00 10 0D 22 93 00 00 02 00 00 10 05 FB 0C 00 00 18 D7 
00 FF FF 00 10 0D 22 93 00 00 02 00 00 10 05 FC 0C 00 00 11 D0 
