00 FF FF 00 10 0D 22 93 00 00 01 00 00 10 03 22 0D 00 00 1A 09 
00 FF FF 00 10 0D 22 93 00 00 01 00 00 10 03 23 0D 00 00 0F 1A 
00 FF FF 00 10 0D 22 93 00 00 01 00 00 10 03 25 0D 00 00 08 EF 
00 FF FF 00 10 0D 22 93 00 00 01 00 00 10 03 27 0D 00 00 14 B3 
00 FF FF 00 10 0D 22 93 00 00 01 00 00 10 03 28 0D 00 00 03 E9 
00 FF FF 00 10 0D 22 93 00 00 01 00 00 10 03 2A 0D 00 00 09 D2 
00 FF FF 00 10 0D 22 93 00 00 01 00 00 10 00 27 0D 00 00 17 B1 
00 FF FF 00 10 0D 22 93 00 00 01 00 00 10 00 28 0D 00 00 1D 9F 
00 FF FF 00 10 0D 22 93 00 00 01 00 00 10 00 29 0D 00 00 23 7F 
00 FF FF 00 10 0D 22 93 00 00 01 00 00 10 00 2A 0D 00 00 25 91 
00 FF FF 00 10 0D 22 93 00 00 01 00 00 10 00 2C 0D 00 00 19 EC 
00 FF FF 00 10 0D 22 93 00 00 01 00 00 10 00 2D 0D 00 00 10 D2 
00 FF FF 00 10 0D 22 93 00 00 01 00 00 10 00 2E 0D 00 00 1E A5 
00 FF FF 00 10 0D 22 93 00 00 01 00 00 10 00 2F 0D 00 00 0D C7 
00 FF FF 00 10 0D 22 93 00 00 01 00 00 10 00 30 0D 00 00 16 72 
00 FF FF 00 10 0D 22 93 00 00 01 00 00 10 00 31 0D 00 00 18 A9 
00 FF FF 00 10 0D 22 93 00 00 01 00 00 10 00 32 0D 00 00 1B 52 
00 FF FF 00 10 0D 22 93 00 00 01 00 00 10 00 33 0D 00 00 25 40 
00 FF FF 00 10 0D 22 93 00 00 01 00 00 10 00 34 0D 00 00 12 4D 
00 FF FF 00 10 0D 22 93 00 00 01 00 00 10 00 35 0D 00 00 2E CA 
00 FF FF 00 10 0D 22 93 00 00 01 00 00 10 00 36 0D 00 00 0C AE 
00 FF FF 00 10 0D 22 93 00 00 01 00 00 10 00 37 0D 00 00 18 B3 
00 FF FF 00 10 0D 22 93 00 00 01 00 00 10 00 38 0D 00 00 0C A3 
00 FF FF 00 10 0D 22 93 00 00 01 00 00 10 00 39 0D 00 00 14 D1 
00 FF FF 00 10 0D 22 93 00 00 01 00 00 10 00 3A 0D 00 00 1B 71 
00 FF FF 00 10 0D 22 93 00 00 01 00 00 10 00 3B 0D 00 00 16 47 
00 FF FF 00 10 0D 22 93 00 00 01 00 00 10 00 3C 0D 00 00 2E B3 
00 FF FF 00 10 0D 22 93 00 00 01 00 00 10 00 3D 0D 00 00 10 8B 
00 FF FF 00 10 0D 22 93 00 00 01 00 00 10 00 3E 0D 00 00 36 88 
00 FF FF 00 10 0D 22 93 00 00 01 00 00 10 00 3F 0D 00 00 0D 58 
00 FF FF 00 10 0D 22 93 00 00 01 00 00 10 00 40 0D 00 00 27 1D 
00 FF FF 00 10 0D 22 93 00 00 01 00 00 10 00 41 0D 00 00 11 6C 
00 FF FF 00 10 0D 22 93 00 00 01 00 00 10 00 42 0D 00 00 11 FC 
00 FF FF 00 10 0D 22 93 00 00 01 00 00 10 00 43 0D 00 00 21 AE 
00 FF FF 00 10 0D 22 93 00 00 01 00 00 10 00 44 0D 00 00 11 27 
00 FF FF 00 10 0D 22 93 00 00 01 00 00 10 00 45 0D 00 00 32 E1 
00 FF FF 00 10 0D 22 93 00 00 01 00 00 10 00 46 0D 00 00 0E 13 
00 FF FF 00 10 0D 22 93 00 00 01 00 00 10 00 47 0D 00 00 32 8A 
00 FF FF 00 10 0D 22 93 00 00 01 00 00 10 00 48 0D 00 00 0A 3B 
00 FF FF 00 10 0D 22 93 00 00 01 00 00 10 00 49 0D 00 00 06 12 
00 FF FF 00 10 0D 22 93 00 00 01 00 00 10 00 4A 0D 00 00 15 43 
00 FF FF 00 10 0D 22 93 00 00 01 00 00 10 00 4B 0D 00 00 13 9E 
00 FF FF 00 10 0D 22 93 00 00 01 00 00 10 00 4C 0D 00 00 08 52 
00 FF FF 00 10 0D 22 93 00 00 01 00 00 10 00 4D 0D 00 00 10 A5 
00 FF FF 00 10 0D 22 93 00 00 01 00 00 10 00 4E 0D 00 00 33 DA 
00 FF FF 00 10 0D 22 93 00 00 01 00 00 10 00 4F 0D 00 00 03 F8 
00 FF FF 00 10 0D 22 93 00 00 01 00 00 10 00 50 0D 00 00 17 89 
00 FF FF 00 10 0D 22 93 00 00 01 00 00 10 00 51 0D 00 00 0C 60 
00 FF FF 00 10 0D 22 93 00 00 01 00 00 10 00 52 0D 00 00 2D 36 
00 FF FF 00 10 0D 22 93 00 00 01 00 00 10 00 53 0D 00 00 13 B6 
00 FF FF 00 10 0D 22 93 00 00 01 00 00 10 00 54 0D 00 00 15 33 
00 FF FF 00 10 0D 22 93 00 00 01 00 00 10 00 55 0D 00 00 12 52 
00 FF FF 00 10 0D 22 93 00 00 01 00 00 10 00 56 0D 00 00 0D 68 
00 FF FF 00 10 0D 22 93 00 00 01 00 00 10 00 57 0D 00 00 34 22 
00 FF FF 00 10 0D 22 93 00 00 01 00 00 10 00 58 0D 00 00 0B C4 
00 FF FF 00 10 0D 22 93 00 00 01 00 00 10 00 59 0D 00 00 32 8A 
00 FF FF 00 10 0D 22 93 00 00 01 00 00 10 00 5A 0D 00 00 0F 0F 
00 FF FF 00 10 0D 22 93 00 00 01 00 00 10 00 5B 0D 00 00 29 9E 
00 FF FF 00 10 0D 22 93 00 00 01 00 00 10 00 5C 0D 00 00 10 64 
00 FF FF 00 10 0D 22 93 00 00 01 00 00 10 00 5D 0D 00 00 19 C7 
00 FF FF 00 10 0D 22 93 00 00 01 00 00 10 00 5E 0D 00 00 21 AB 
00 FF FF 00 10 0D 22 93 00 00 01 00 00 10 00 5F 0D 00 00 0E 61 
00 FF FF 00 10 0D 22 93 00 00 01 00 00 10 00 60 0D 00 00 36 A4 
00 FF FF 00 10 0D 22 93 00 00 01 00 00 10 00 61 0D 00 00 0D 49 
00 FF FF 00 10 0D 22 93 00 00 01 00 00 10 00 62 0D 00 00 18 02 
00 FF FF 00 10 0D 22 93 00 00 01 00 00 10 00 63 0D 00 00 0F E3 
00 FF FF 00 10 0D 22 93 00 00 01 00 00 10 00 64 0D 00 00 29 95 
00 FF FF 00 10 0D 22 93 00 00 01 00 00 10 00 65 0D 00 00 10 30 
00 FF FF 00 10 0D 22 93 00 00 01 00 00 10 00 66 0D 00 00 1B 36 
00 FF FF 00 10 0D 22 93 00 00 01 00 00 10 00 67 0D 00 00 11 AF 
00 FF FF 00 10 0D 22 93 00 00 01 00 00 10 00 68 0D 00 00 0B EC 
00 FF FF 00 10 0D 22 93 00 00 01 00 00 10 00 69 0D 00 00 2D 28 
00 FF FF 00 10 0D 22 93 00 00 01 00 00 10 00 6A 0D 00 00 0C B2 
00 FF FF 00 10 0D 22 93 00 00 01 00 00 10 00 6B 0D 00 00 33 C9 
00 FF FF 00 10 0D 22 93 00 00 01 00 00 10 00 6C 0D 00 00 16 38 
00 FF FF 00 10 0D 22 93 00 00 01 00 00 10 00 6D 0D 00 00 25 B4 
00 FF FF 00 10 0D 22 93 00 00 01 00 00 10 00 6E 0D 00 00 0F 3A 
00 FF FF 00 10 0D 22 93 00 00 01 00 00 10 00 6F 0D 00 00 0F 0B 
00 FF FF 00 10 0D 22 93 00 00 01 00 00 10 00 70 0D 00 00 1C 1D 
00 FF FF 00 10 0D 22 93 00 00 01 00 00 10 00 71 0D 00 00 11 DC 
00 FF FF 00 10 0D 22 93 00 00 01 00 00 10 00 72 0D 00 00 2B A2 
00 FF FF 00 10 0D 22 93 00 00 01 00 00 10 00 73 0D 00 00 10 72 
00 FF FF 00 10 0D 22 93 00 00 01 00 00 10 00 74 0D 00 00 34 9D 
00 FF FF 00 10 0D 22 93 00 00 01 00 00 10 00 75 0D 00 00 15 17 
00 FF FF 00 10 0D 22 93 00 00 01 00 00 10 00 76 0D 00 00 21 89 
00 FF FF 00 10 0D 22 93 00 00 01 00 00 10 00 77 0D 00 00 12 DF 
00 FF FF 00 10 0D 22 93 00 00 01 00 00 10 00 78 0D 00 00 1A 09 
00 FF FF 00 10 0D 22 93 00 00 01 00 00 10 00 79 0D 00 00 11 3E 
00 FF FF 00 10 0D 22 93 00 00 01 00 00 10 00 7A 0D 00 00 13 16 
00 FF FF 00 10 0D 22 93 00 00 01 00 00 10 00 7B 0D 00 00 2C 76 
00 FF FF 00 10 0D 22 93 00 00 01 00 00 10 00 7C 0D 00 00 10 41 
00 FF FF 00 10 0D 22 93 00 00 01 00 00 10 00 7D 0D 00 00 2A D4 
00 FF FF 00 10 0D 22 93 00 00 01 00 00 10 00 7E 0D 00 00 15 28 
00 FF FF 00 10 0D 22 93 00 00 01 00 00 10 00 7F 0D 00 00 20 A4 
00 FF FF 00 10 0D 22 93 00 00 01 00 00 10 00 80 0D 00 00 0F 57 
00 FF FF 00 10 0D 22 93 00 00 01 00 00 10 00 81 0D 00 00 18 A8 
00 FF FF 00 10 0D 22 93 00 00 01 00 00 10 00 82 0D 00 00 15 1D 
00 FF FF 00 10 0D 22 93 00 00 01 00 00 10 00 83 0D 00 00 13 E8 
00 FF FF 00 10 0D 22 93 00 00 01 00 00 10 00 84 0D 00 00 23 5E 
00 FF FF 00 10 0D 22 93 00 00 01 00 00 10 00 85 0D 00 00 12 92 
00 FF FF 00 10 0D 22 93 00 00 01 00 00 10 00 86 0D 00 00 29 CB 
00 FF FF 00 10 0D 22 93 00 00 01 00 00 10 00 87 0D 00 00 16 1C 
00 FF FF 00 10 0D 22 93 00 00 01 00 00 10 00 88 0D 00 00 1D 81 
00 FF FF 00 10 0D 22 93 00 00 01 00 00 10 00 89 0D 00 00 11 9D 
00 FF FF 00 10 0D 22 93 00 00 01 00 00 10 00 8A 0D 00 00 02 B1 
00 FF FF 00 10 0D 22 93 00 00 01 00 00 10 00 8B 0D 00 00 0C 24 
00 FF FF 00 10 0D 22 93 00 00 01 00 00 10 00 8C 0D 00 00 12 45 
00 FF FF 00 10 0D 22 93 00 00 01 00 00 10 00 8D 0D 00 00 1E 82 
00 FF FF 00 10 0D 22 93 00 00 01 00 00 10 00 8E 0D 00 00 0C 5B 
00 FF FF 00 10 0D 22 93 00 00 01 00 00 10 00 8F 0D 00 00 24 4A 
00 FF FF 00 10 0D 22 93 00 00 01 00 00 10 00 90 0D 00 00 17 16 
00 FF FF 00 10 0D 22 93 00 00 01 00 00 10 00 91 0D 00 00 1A 79 
00 FF FF 00 10 0D 22 93 00 00 01 00 00 10 00 92 0D 00 00 1D 1F 
00 FF FF 00 10 0D 22 93 00 00 01 00 00 10 00 93 0D 00 00 13 5B 
00 FF FF 00 10 0D 22 93 00 00 01 00 00 10 00 94 0D 00 00 15 B9 
00 FF FF 00 10 0D 22 93 00 00 01 00 00 10 00 95 0D 00 00 13 B8 
00 FF FF 00 10 0D 22 93 00 00 01 00 00 10 00 96 0D 00 00 17 CF 
00 FF FF 00 10 0D 22 93 00 00 01 00 00 10 00 97 0D 00 00 15 B2 
00 FF FF 00 10 0D 22 93 00 00 01 00 00 10 00 98 0D 00 00 22 3B 
00 FF FF 00 10 0D 22 93 00 00 01 00 00 10 00 99 0D 00 00 1B C1 
00 FF FF 00 10 0D 22 93 00 00 01 00 00 10 00 9A 0D 00 00 16 F1 
00 FF FF 00 10 0D 22 93 00 00 01 00 00 10 00 9B 0D 00 00 1E 1A 
00 FF FF 00 10 0D 22 93 00 00 01 00 00 10 00 9C 0D 00 00 12 16 
00 FF FF 00 10 0D 22 93 00 00 01 00 00 10 00 9D 0D 00 00 1E AC 
00 FF FF 00 10 0D 22 93 00 00 01 00 00 10 00 9E 0D 00 00 15 42 
00 FF FF 00 10 0D 22 93 00 00 01 00 00 10 00 9F 0D 00 00 16 77 
00 FF FF 00 10 0D 22 93 00 00 01 00 00 10 00 A0 0D 00 00 19 A1 
00 FF FF 00 10 0D 22 93 00 00 01 00 00 10 00 A1 0D 00 00 1C 31 
00 FF FF 00 10 0D 22 93 00 00 01 00 00 10 00 A2 0D 00 00 18 C5 
00 FF FF 00 10 0D 22 93 00 00 01 00 00 10 00 A3 0D 00 00 14 E1 
00 FF FF 00 10 0D 22 93 00 00 01 00 00 10 00 A4 0D 00 00 04 DA 
00 FF FF 00 10 0D 22 93 00 00 01 00 00 10 00 A5 0D 00 00 15 A6 
00 FF FF 00 10 0D 22 93 00 00 01 00 00 10 00 A6 0D 00 00 17 7E 
00 FF FF 00 10 0D 22 93 00 00 01 00 00 10 00 A7 0D 00 00 18 9D 
00 FF FF 00 10 0D 22 93 00 00 01 00 00 10 00 A8 0D 00 00 14 33 
00 FF FF 00 10 0D 22 93 00 00 01 00 00 10 00 A9 0D 00 00 13 31 
00 FF FF 00 10 0D 22 93 00 00 01 00 00 10 00 AA 0D 00 00 17 DB 
00 FF FF 00 10 0D 22 93 00 00 01 00 00 10 00 AB 0D 00 00 19 16 
00 FF FF 00 10 0D 22 93 00 00 01 00 00 10 00 AC 0D 00 00 10 FA 
00 FF FF 00 10 0D 22 93 00 00 01 00 00 10 00 AD 0D 00 00 29 E6 
00 FF FF 00 10 0D 22 93 00 00 01 00 00 10 00 AE 0D 00 00 15 64 
00 FF FF 00 10 0D 22 93 00 00 01 00 00 10 00 AF 0D 00 00 25 4C 
00 FF FF 00 10 0D 22 93 00 00 01 00 00 10 00 B0 0D 00 00 16 E7 
00 FF FF 00 10 0D 22 93 00 00 01 00 00 10 00 B1 0D 00 00 13 67 
00 FF FF 00 10 0D 22 93 00 00 01 00 00 10 00 B2 0D 00 00 16 73 
00 FF FF 00 10 0D 22 93 00 00 01 00 00 10 00 B3 0D 00 00 15 E5 
00 FF FF 00 10 0D 22 93 00 00 01 00 00 10 00 B4 0D 00 00 20 E8 
00 FF FF 00 10 0D 22 93 00 00 01 00 00 10 00 B5 0D 00 00 0F 43 
00 FF FF 00 10 0D 22 93 00 00 01 00 00 10 00 B6 0D 00 00 2D E5 
00 FF FF 00 10 0D 22 93 00 00 01 00 00 10 00 B7 0D 00 00 16 26 
00 FF FF 00 10 0D 22 93 00 00 01 00 00 10 00 B8 0D 00 00 23 E5 
00 FF FF 00 10 0D 22 93 00 00 01 00 00 10 00 B9 0D 00 00 19 B9 
00 FF FF 00 10 0D 22 93 00 00 01 00 00 10 00 BA 0D 00 00 13 8F 
00 FF FF 00 10 0D 22 93 00 00 01 00 00 10 00 BB 0D 00 00 12 1F 
00 FF FF 00 10 0D 22 93 00 00 01 00 00 10 00 BC 0D 00 00 12 44 
00 FF FF 00 10 0D 22 93 00 00 01 00 00 10 00 BD 0D 00 00 21 93 
00 FF FF 00 10 0D 22 93 00 00 01 00 00 10 00 BE 0D 00 00 0E AB 
00 FF FF 00 10 0D 22 93 00 00 01 00 00 10 00 BF 0D 00 00 2F 78 
00 FF FF 00 10 0D 22 93 00 00 01 00 00 10 00 C0 0D 00 00 14 B0 
00 FF FF 00 10 0D 22 93 00 00 01 00 00 10 00 C1 0D 00 00 2A 39 
00 FF FF 00 10 0D 22 93 00 00 01 00 00 10 00 C2 0D 00 00 19 D2 
00 FF FF 00 10 0D 22 93 00 00 01 00 00 10 00 C3 0D 00 00 13 25 
00 FF FF 00 10 0D 22 93 00 00 01 00 00 10 00 C4 0D 00 00 14 B5 
00 FF FF 00 10 0D 22 93 00 00 01 00 00 10 00 C5 0D 00 00 10 32 
00 FF FF 00 10 0D 22 93 00 00 01 00 00 10 00 C6 0D 00 00 1A 2D 
00 FF FF 00 10 0D 22 93 00 00 01 00 00 10 00 C7 0D 00 00 0F AD 
00 FF FF 00 10 0D 22 93 00 00 01 00 00 10 00 C8 0D 00 00 30 73 
00 FF FF 00 10 0D 22 93 00 00 01 00 00 10 00 C9 0D 00 00 12 4A 
00 FF FF 00 10 0D 22 93 00 00 01 00 00 10 00 CA 0D 00 00 2B 93 
00 FF FF 00 10 0D 22 93 00 00 01 00 00 10 00 CB 0D 00 00 17 75 
00 FF FF 00 10 0D 22 93 00 00 01 00 00 10 00 CC 0D 00 00 16 3B 
00 FF FF 00 10 0D 22 93 00 00 01 00 00 10 00 CD 0D 00 00 14 6E 
00 FF FF 00 10 0D 22 93 00 00 01 00 00 10 00 CE 0D 00 00 10 C2 
00 FF FF 00 10 0D 22 93 00 00 01 00 00 10 00 CF 0D 00 00 1E C6 
00 FF FF 00 10 0D 22 93 00 00 01 00 00 10 00 D0 0D 00 00 0B FE 
00 FF FF 00 10 0D 22 93 00 00 01 00 00 10 00 D1 0D 00 00 27 12 
00 FF FF 00 10 0D 22 93 00 00 01 00 00 10 00 D2 0D 00 00 0F 96 
00 FF FF 00 10 0D 22 93 00 00 01 00 00 10 00 D3 0D 00 00 28 03 
00 FF FF 00 10 0D 22 93 00 00 01 00 00 10 00 D4 0D 00 00 14 AF 
00 FF FF 00 10 0D 22 93 00 00 01 00 00 10 00 D5 0D 00 00 11 B6 
00 FF FF 00 10 0D 22 93 00 00 01 00 00 10 00 D6 0D 00 00 10 36 
00 FF FF 00 10 0D 22 93 00 00 01 00 00 10 00 D7 0D 00 00 11 12 
00 FF FF 00 10 0D 22 93 00 00 01 00 00 10 00 D8 0D 00 00 0B 13 
00 FF FF 00 10 0D 22 93 00 00 01 00 00 10 00 D9 0D 00 00 14 17 
00 FF FF 00 10 0D 22 93 00 00 01 00 00 10 00 DA 0D 00 00 26 25 
00 FF FF 00 10 0D 22 93 00 00 01 00 00 10 00 DB 0D 00 00 10 27 
00 FF FF 00 10 0D 22 93 00 00 01 00 00 10 00 DC 0D 00 00 23 59 
00 FF FF 00 10 0D 22 93 00 00 01 00 00 10 00 DD 0D 00 00 14 96 
00 FF FF 00 10 0D 22 93 00 00 01 00 00 10 00 DE 0D 00 00 1B DD 
00 FF FF 00 10 0D 22 93 00 00 01 00 00 10 00 DF 0D 00 00 0A 4C 
00 FF FF 00 10 0D 22 93 00 00 01 00 00 10 00 E0 0D 00 00 0F FC 
00 FF FF 00 10 0D 22 93 00 00 01 00 00 10 00 E1 0D 00 00 18 3B 
00 FF FF 00 10 0D 22 93 00 00 01 00 00 10 00 E2 0D 00 00 11 6C 
00 FF FF 00 10 0D 22 93 00 00 01 00 00 10 00 E3 0D 00 00 27 0C 
00 FF FF 00 10 0D 22 93 00 00 01 00 00 10 00 E4 0D 00 00 04 0D 
00 FF FF 00 10 0D 22 93 00 00 01 00 00 10 00 E5 0D 00 00 20 79 
00 FF FF 00 10 0D 22 93 00 00 01 00 00 10 00 E6 0D 00 00 0E 84 
00 FF FF 00 10 0D 22 93 00 00 01 00 00 10 00 E7 0D 00 00 16 D4 
00 FF FF 00 10 0D 22 93 00 00 01 00 00 10 00 E8 0D 00 00 0A 57 
00 FF FF 00 10 0D 22 93 00 00 01 00 00 10 00 E9 0D 00 00 18 47 
00 FF FF 00 10 0D 22 93 00 00 01 00 00 10 00 EA 0D 00 00 14 63 
00 FF FF 00 10 0D 22 93 00 00 01 00 00 10 00 EB 0D 00 00 14 B6 
00 FF FF 00 10 0D 22 93 00 00 01 00 00 10 00 EC 0D 00 00 24 E7 
00 FF FF 00 10 0D 22 93 00 00 01 00 00 10 00 ED 0D 00 00 0E 26 
00 FF FF 00 10 0D 22 93 00 00 01 00 00 10 00 EE 0D 00 00 1E C1 
00 FF FF 00 10 0D 22 93 00 00 01 00 00 10 00 EF 0D 00 00 08 1C 
00 FF FF 00 10 0D 22 93 00 00 01 00 00 10 00 F0 0D 00 00 0D FB 
00 FF FF 00 10 0D 22 93 00 00 01 00 00 10 00 F1 0D 00 00 0A 75 
00 FF FF 00 10 0D 22 93 00 00 01 00 00 10 00 F2 0D 00 00 0E 1D 
00 FF FF 00 10 0D 22 93 00 00 01 00 00 10 00 F3 0D 00 00 17 58 
00 FF FF 00 10 0D 22 93 00 00 01 00 00 10 00 F4 0D 00 00 14 D3 
00 FF FF 00 10 0D 22 93 00 00 01 00 00 10 00 F5 0D 00 00 29 15 
00 FF FF 00 10 0D 22 93 00 00 01 00 00 10 00 F6 0D 00 00 09 67 
00 FF FF 00 10 0D 22 93 00 00 01 00 00 10 00 F7 0D 00 00 1A 2D 
00 FF FF 00 10 0D 22 93 00 00 01 00 00 10 00 F8 0D 00 00 14 11 
00 FF FF 00 10 0D 22 93 00 00 01 00 00 10 00 F9 0D 00 00 19 19 
00 FF FF 00 10 0D 22 93 00 00 01 00 00 10 00 FA 0D 00 00 11 56 
00 FF FF 00 10 0D 22 93 00 00 01 00 00 10 00 FB 0D 00 00 22 19 
00 FF FF 00 10 0D 22 93 00 00 01 00 00 10 00 FC 0D 00 00 15 41 
00 FF FF 00 10 0D 22 93 00 00 01 00 00 10 00 FD 0D 00 00 21 3C 
00 FF FF 00 10 0D 22 93 00 00 01 00 00 10 00 FE 0D 00 00 23 67 
00 FF FF 00 10 0D 22 93 00 00 01 00 00 10 00 FF 0D 00 00 18 B9 
00 FF FF 00 10 0D 22 93 00 00 01 00 00 10 01 00 0D 00 00 17 7B 
00 FF FF 00 10 0D 22 93 00 00 01 00 00 10 01 01 0D 00 00 08 04 
00 FF FF 00 10 0D 22 93 00 00 01 00 00 10 01 02 0D 00 00 0C 41 
00 FF FF 00 10 0D 22 93 00 00 01 00 00 10 01 03 0D 00 00 0E C1 
00 FF FF 00 10 0D 22 93 00 00 01 00 00 10 01 04 0D 00 00 1F 1F 
00 FF FF 00 10 0D 22 93 00 00 01 00 00 10 01 05 0D 00 00 12 C9 
00 FF FF 00 10 0D 22 93 00 00 01 00 00 10 01 06 0D 00 00 0B 5A 
00 FF FF 00 10 0D 22 93 00 00 01 00 00 10 01 07 0D 00 00 1E 72 
00 FF FF 00 10 0D 22 93 00 00 01 00 00 10 01 08 0D 00 00 19 D1 
00 FF FF 00 10 0D 22 93 00 00 01 00 00 10 01 09 0D 00 00 17 0E 
00 FF FF 00 10 0D 22 93 00 00 01 00 00 10 01 0A 0D 00 00 0F D6 
00 FF FF 00 10 0D 22 93 00 00 01 00 00 10 01 0B 0D 00 00 19 FE 
00 FF FF 00 10 0D 22 93 00 00 01 00 00 10 01 0C 0D 00 00 11 6E 
00 FF FF 00 10 0D 22 93 00 00 01 00 00 10 01 0D 0D 00 00 20 AE 
00 FF FF 00 10 0D 22 93 00 00 01 00 00 10 01 0E 0D 00 00 14 95 
00 FF FF 00 10 0D 22 93 00 00 01 00 00 10 01 0F 0D 00 00 21 C6 
00 FF FF 00 10 0D 22 93 00 00 01 00 00 10 01 10 0D 00 00 1E 45 
00 FF FF 00 10 0D 22 93 00 00 01 00 00 10 01 11 0D 00 00 18 39 
00 FF FF 00 10 0D 22 93 00 00 01 00 00 10 01 12 0D 00 00 14 3F 
00 FF FF 00 10 0D 22 93 00 00 01 00 00 10 01 13 0D 00 00 10 B0 
00 FF FF 00 10 0D 22 93 00 00 01 00 00 10 01 14 0D 00 00 06 F0 
00 FF FF 00 10 0D 22 93 00 00 01 00 00 10 01 15 0D 00 00 1C 2A 
00 FF FF 00 10 0D 22 93 00 00 01 00 00 10 01 16 0D 00 00 22 77 
00 FF FF 00 10 0D 22 93 00 00 01 00 00 10 01 17 0D 00 00 13 5B 
00 FF FF 00 10 0D 22 93 00 00 01 00 00 10 01 18 0D 00 00 1E 4B 
00 FF FF 00 10 0D 22 93 00 00 01 00 00 10 01 19 0D 00 00 1A 99 
00 FF FF 00 10 0D 22 93 00 00 01 00 00 10 01 1A 0D 00 00 15 C2 
00 FF FF 00 10 0D 22 93 00 00 01 00 00 10 01 1B 0D 00 00 11 FE 
00 FF FF 00 10 0D 22 93 00 00 01 00 00 10 01 1C 0D 00 00 17 1E 
00 FF FF 00 10 0D 22 93 00 00 01 00 00 10 01 1D 0D 00 00 16 61 
00 FF FF 00 10 0D 22 93 00 00 01 00 00 10 01 1E 0D 00 00 1F B3 
00 FF FF 00 10 0D 22 93 00 00 01 00 00 10 01 1F 0D 00 00 29 9B 
00 FF FF 00 10 0D 22 93 00 00 01 00 00 10 01 20 0D 00 00 11 AF 
00 FF FF 00 10 0D 22 93 00 00 01 00 00 10 01 21 0D 00 00 12 27 
00 FF FF 00 10 0D 22 93 00 00 01 00 00 10 01 22 0D 00 00 18 1D 
00 FF FF 00 10 0D 22 93 00 00 01 00 00 10 01 23 0D 00 00 11 6A 
00 FF FF 00 10 0D 22 93 00 00 01 00 00 10 01 24 0D 00 00 0E ED 
00 FF FF 00 10 0D 22 93 00 00 01 00 00 10 01 25 0D 00 00 19 F5 
00 FF FF 00 10 0D 22 93 00 00 01 00 00 10 01 26 0D 00 00 18 46 
00 FF FF 00 10 0D 22 93 00 00 01 00 00 10 01 27 0D 00 00 1F 9F 
00 FF FF 00 10 0D 22 93 00 00 01 00 00 10 01 28 0D 00 00 26 BA 
00 FF FF 00 10 0D 22 93 00 00 01 00 00 10 01 29 0D 00 00 12 12 
00 FF FF 00 10 0D 22 93 00 00 01 00 00 10 01 2A 0D 00 00 19 51 
00 FF FF 00 10 0D 22 93 00 00 01 00 00 10 01 2B 0D 00 00 11 B2 
00 FF FF 00 10 0D 22 93 00 00 01 00 00 10 01 2C 0D 00 00 17 DF 
00 FF FF 00 10 0D 22 93 00 00 01 00 00 10 01 2D 0D 00 00 12 36 
00 FF FF 00 10 0D 22 93 00 00 01 00 00 10 01 2E 0D 00 00 16 1C 
00 FF FF 00 10 0D 22 93 00 00 01 00 00 10 01 2F 0D 00 00 16 32 
00 FF FF 00 10 0D 22 93 00 00 01 00 00 10 01 30 0D 00 00 22 42 
00 FF FF 00 10 0D 22 93 00 00 01 00 00 10 01 31 0D 00 00 24 77 
00 FF FF 00 10 0D 22 93 00 00 01 00 00 10 01 32 0D 00 00 13 13 
00 FF FF 00 10 0D 22 93 00 00 01 00 00 10 01 33 0D 00 00 18 22 
00 FF FF 00 10 0D 22 93 00 00 01 00 00 10 01 34 0D 00 00 10 56 
00 FF FF 00 10 0D 22 93 00 00 01 00 00 10 01 35 0D 00 00 13 9B 
00 FF FF 00 10 0D 22 93 00 00 01 00 00 10 01 36 0D 00 00 12 29 
00 FF FF 00 10 0D 22 93 00 00 01 00 00 10 01 37 0D 00 00 16 92 
00 FF FF 00 10 0D 22 93 00 00 01 00 00 10 01 38 0D 00 00 13 12 
00 FF FF 00 10 0D 22 93 00 00 01 00 00 10 01 39 0D 00 00 20 96 
00 FF FF 00 10 0D 22 93 00 00 01 00 00 10 01 3A 0D 00 00 20 9A 
00 FF FF 00 10 0D 22 93 00 00 01 00 00 10 01 3B 0D 00 00 16 83 
00 FF FF 00 10 0D 22 93 00 00 01 00 00 10 01 3C 0D 00 00 13 F6 
00 FF FF 00 10 0D 22 93 00 00 01 00 00 10 01 3D 0D 00 00 0D 03 
00 FF FF 00 10 0D 22 93 00 00 01 00 00 10 01 3E 0D 00 00 12 92 
00 FF FF 00 10 0D 22 93 00 00 01 00 00 10 01 3F 0D 00 00 18 54 
00 FF FF 00 10 0D 22 93 00 00 01 00 00 10 01 40 0D 00 00 16 97 
00 FF FF 00 10 0D 22 93 00 00 01 00 00 10 01 41 0D 00 00 14 77 
00 FF FF 00 10 0D 22 93 00 00 01 00 00 10 01 42 0D 00 00 1F 16 
00 FF FF 00 10 0D 22 93 00 00 01 00 00 10 01 43 0D 00 00 1C BF 
00 FF FF 00 10 0D 22 93 00 00 01 00 00 10 01 44 0D 00 00 19 58 
00 FF FF 00 10 0D 22 93 00 00 01 00 00 10 01 45 0D 00 00 11 99 
00 FF FF 00 10 0D 22 93 00 00 01 00 00 10 01 46 0D 00 00 10 A7 
00 FF FF 00 10 0D 22 93 00 00 01 00 00 10 01 47 0D 00 00 11 8A 
00 FF FF 00 10 0D 22 93 00 00 01 00 00 10 01 48 0D 00 00 14 66 
00 FF FF 00 10 0D 22 93 00 00 01 00 00 10 01 49 0D 00 00 18 BB 
00 FF FF 00 10 0D 22 93 00 00 01 00 00 10 01 4A 0D 00 00 11 BB 
00 FF FF 00 10 0D 22 93 00 00 01 00 00 10 01 4B 0D 00 00 1E 26 
00 FF FF 00 10 0D 22 93 00 00 01 00 00 10 01 4C 0D 00 00 17 C7 
00 FF FF 00 10 0D 22 93 00 00 01 00 00 10 01 4D 0D 00 00 0F 64 
00 FF FF 00 10 0D 22 93 00 00 01 00 00 10 01 4E 0D 00 00 0C C9 
00 FF FF 00 10 0D 22 93 00 00 01 00 00 10 01 4F 0D 00 00 1C 71 
00 FF FF 00 10 0D 22 93 00 00 01 00 00 10 01 50 0D 00 00 15 6B 
00 FF FF 00 10 0D 22 93 00 00 01 00 00 10 01 51 0D 00 00 19 23 
00 FF FF 00 10 0D 22 93 00 00 01 00 00 10 01 52 0D 00 00 1B CE 
00 FF FF 00 10 0D 22 93 00 00 01 00 00 10 01 53 0D 00 00 12 0E 
00 FF FF 00 10 0D 22 93 00 00 01 00 00 10 01 54 0D 00 00 1C 85 
00 FF FF 00 10 0D 22 93 00 00 01 00 00 10 01 55 0D 00 00 14 AE 
00 FF FF 00 10 0D 22 93 00 00 01 00 00 10 01 56 0D 00 00 19 4E 
00 FF FF 00 10 0D 22 93 00 00 01 00 00 10 01 57 0D 00 00 0D 50 
00 FF FF 00 10 0D 22 93 00 00 01 00 00 10 01 58 0D 00 00 1B 26 
00 FF FF 00 10 0D 22 93 00 00 01 00 00 10 01 59 0D 00 00 0D 4F 
00 FF FF 00 10 0D 22 93 00 00 01 00 00 10 01 5A 0D 00 00 24 67 
00 FF FF 00 10 0D 22 93 00 00 01 00 00 10 01 5B 0D 00 00 14 5A 
00 FF FF 00 10 0D 22 93 00 00 01 00 00 10 01 5C 0D 00 00 0F FF 
00 FF FF 00 10 0D 22 93 00 00 01 00 00 10 01 5D 0D 00 00 1B 9D 
00 FF FF 00 10 0D 22 93 00 00 01 00 00 10 01 5E 0D 00 00 0C ED 
00 FF FF 00 10 0D 22 93 00 00 01 00 00 10 01 5F 0D 00 00 17 73 
00 FF FF 00 10 0D 22 93 00 00 01 00 00 10 01 60 0D 00 00 0C BE 
00 FF FF 00 10 0D 22 93 00 00 01 00 00 10 01 61 0D 00 00 18 22 
00 FF FF 00 10 0D 22 93 00 00 01 00 00 10 01 62 0D 00 00 07 48 
00 FF FF 00 10 0D 22 93 00 00 01 00 00 10 01 63 0D 00 00 26 33 
00 FF FF 00 10 0D 22 93 00 00 01 00 00 10 01 64 0D 00 00 19 D5 
00 FF FF 00 10 0D 22 93 00 00 01 00 00 10 01 65 0D 00 00 0D E7 
00 FF FF 00 10 0D 22 93 00 00 01 00 00 10 01 66 0D 00 00 19 F9 
00 FF FF 00 10 0D 22 93 00 00 01 00 00 10 01 67 0D 00 00 0E 87 
00 FF FF 00 10 0D 22 93 00 00 01 00 00 10 01 68 0D 00 00 16 09 
00 FF FF 00 10 0D 22 93 00 00 01 00 00 10 01 69 0D 00 00 10 D7 
00 FF FF 00 10 0D 22 93 00 00 01 00 00 10 01 6A 0D 00 00 1F D9 
00 FF FF 00 10 0D 22 93 00 00 01 00 00 10 01 6B 0D 00 00 0C 3E 
00 FF FF 00 10 0D 22 93 00 00 01 00 00 10 01 6C 0D 00 00 24 1D 
00 FF FF 00 10 0D 22 93 00 00 01 00 00 10 01 6D 0D 00 00 16 DF 
00 FF FF 00 10 0D 22 93 00 00 01 00 00 10 01 6E 0D 00 00 11 EC 
00 FF FF 00 10 0D 22 93 00 00 01 00 00 10 01 6F 0D 00 00 19 11 
00 FF FF 00 10 0D 22 93 00 00 01 00 00 10 01 70 0D 00 00 0C BE 
00 FF FF 00 10 0D 22 93 00 00 01 00 00 10 01 71 0D 00 00 17 B2 
00 FF FF 00 10 0D 22 93 00 00 01 00 00 10 01 72 0D 00 00 10 8D 
00 FF FF 00 10 0D 22 93 00 00 01 00 00 10 01 73 0D 00 00 25 14 
00 FF FF 00 10 0D 22 93 00 00 01 00 00 10 01 74 0D 00 00 0C 83 
00 FF FF 00 10 0D 22 93 00 00 01 00 00 10 01 75 0D 00 00 20 37 
00 FF FF 00 10 0D 22 93 00 00 01 00 00 10 01 76 0D 00 00 0A 15 
00 FF FF 00 10 0D 22 93 00 00 01 00 00 10 01 77 0D 00 00 0C 37 
00 FF FF 00 10 0D 22 93 00 00 01 00 00 10 01 78 0D 00 00 18 6A 
00 FF FF 00 10 0D 22 93 00 00 01 00 00 10 01 79 0D 00 00 0A 7D 
00 FF FF 00 10 0D 22 93 00 00 01 00 00 10 01 7A 0D 00 00 0B D0 
00 FF FF 00 10 0D 22 93 00 00 01 00 00 10 01 7B 0D 00 00 08 8C 
00 FF FF 00 10 0D 22 93 00 00 01 00 00 10 01 7C 0D 00 00 27 A9 
00 FF FF 00 10 0D 22 93 00 00 01 00 00 10 01 7D 0D 00 00 0C 86 
00 FF FF 00 10 0D 22 93 00 00 01 00 00 10 01 7E 0D 00 00 17 69 
00 FF FF 00 10 0D 22 93 00 00 01 00 00 10 01 7F 0D 00 00 06 4B 
00 FF FF 00 10 0D 22 93 00 00 01 00 00 10 01 80 0D 00 00 15 A2 
00 FF FF 00 10 0D 22 93 00 00 01 00 00 10 01 81 0D 00 00 14 11 
00 FF FF 00 10 0D 22 93 00 00 01 00 00 10 01 82 0D 00 00 0B 50 
00 FF FF 00 10 0D 22 93 00 00 01 00 00 10 01 83 0D 00 00 20 31 
00 FF FF 00 10 0D 22 93 00 00 01 00 00 10 01 84 0D 00 00 0F D1 
00 FF FF 00 10 0D 22 93 00 00 01 00 00 10 01 85 0D 00 00 29 02 
00 FF FF 00 10 0D 22 93 00 00 01 00 00 10 01 86 0D 00 00 0B 5B 
00 FF FF 00 10 0D 22 93 00 00 01 00 00 10 01 87 0D 00 00 1E A7 
00 FF FF 00 10 0D 22 93 00 00 01 00 00 10 01 88 0D 00 00 17 D6 
00 FF FF 00 10 0D 22 93 00 00 01 00 00 10 01 89 0D 00 00 13 BC 
00 FF FF 00 10 0D 22 93 00 00 01 00 00 10 01 8A 0D 00 00 12 39 
00 FF FF 00 10 0D 22 93 00 00 01 00 00 10 01 8B 0D 00 00 0E 9A 
00 FF FF 00 10 0D 22 93 00 00 01 00 00 10 01 8C 0D 00 00 19 92 
00 FF FF 00 10 0D 22 93 00 00 01 00 00 10 01 8D 0D 00 00 10 60 
00 FF FF 00 10 0D 22 93 00 00 01 00 00 10 01 8E 0D 00 00 24 92 
00 FF FF 00 10 0D 22 93 00 00 01 00 00 10 01 8F 0D 00 00 0D 3B 
00 FF FF 00 10 0D 22 93 00 00 01 00 00 10 01 90 0D 00 00 1B EB 
00 FF FF 00 10 0D 22 93 00 00 01 00 00 10 01 91 0D 00 00 15 F6 
00 FF FF 00 10 0D 22 93 00 00 01 00 00 10 01 92 0D 00 00 11 E1 
00 FF FF 00 10 0D 22 93 00 00 01 00 00 10 01 93 0D 00 00 0F 6C 
00 FF FF 00 10 0D 22 93 00 00 01 00 00 10 01 94 0D 00 00 12 CC 
00 FF FF 00 10 0D 22 93 00 00 01 00 00 10 01 95 0D 00 00 1B C8 
00 FF FF 00 10 0D 22 93 00 00 01 00 00 10 01 96 0D 00 00 10 07 
00 FF FF 00 10 0D 22 93 00 00 01 00 00 10 01 97 0D 00 00 27 14 
00 FF FF 00 10 0D 22 93 00 00 01 00 00 10 01 98 0D 00 00 0E 6A 
00 FF FF 00 10 0D 22 93 00 00 01 00 00 10 01 99 0D 00 00 19 06 
00 FF FF 00 10 0D 22 93 00 00 01 00 00 10 01 9A 0D 00 00 14 60 
00 FF FF 00 10 0D 22 93 00 00 01 00 00 10 01 9B 0D 00 00 21 9D 
00 FF FF 00 10 0D 22 93 00 00 01 00 00 10 01 9C 0D 00 00 1A 6E 
00 FF FF 00 10 0D 22 93 00 00 01 00 00 10 01 9D 0D 00 00 1A 89 
00 FF FF 00 10 0D 22 93 00 00 01 00 00 10 01 9E 0D 00 00 22 46 
00 FF FF 00 10 0D 22 93 00 00 01 00 00 10 01 9F 0D 00 00 12 45 
00 FF FF 00 10 0D 22 93 00 00 01 00 00 10 01 A0 0D 00 00 07 CD 
00 FF FF 00 10 0D 22 93 00 00 01 00 00 10 01 A1 0D 00 00 1E 3B 
00 FF FF 00 10 0D 22 93 00 00 01 00 00 10 01 A2 0D 00 00 30 73 
00 FF FF 00 10 0D 22 93 00 00 01 00 00 10 01 A3 0D 00 00 1A 6A 
00 FF FF 00 10 0D 22 93 00 00 01 00 00 10 01 A4 0D 00 00 1F D3 
00 FF FF 00 10 0D 22 93 00 00 01 00 00 10 01 A5 0D 00 00 0F F6 
00 FF FF 00 10 0D 22 93 00 00 01 00 00 10 01 A6 0D 00 00 18 B6 
00 FF FF 00 10 0D 22 93 00 00 01 00 00 10 01 A7 0D 00 00 02 EA 
00 FF FF 00 10 0D 22 93 00 00 01 00 00 10 01 A8 0D 00 00 13 ED 
00 FF FF 00 10 0D 22 93 00 00 01 00 00 10 01 A9 0D 00 00 0E C2 
00 FF FF 00 10 0D 22 93 00 00 01 00 00 10 01 AA 0D 00 00 0D 4E 
00 FF FF 00 10 0D 22 93 00 00 01 00 00 10 01 AB 0D 00 00 2D BD 
00 FF FF 00 10 0D 22 93 00 00 01 00 00 10 01 AC 0D 00 00 23 2C 
00 FF FF 00 10 0D 22 93 00 00 01 00 00 10 01 AD 0D 00 00 1E 9E 
00 FF FF 00 10 0D 22 93 00 00 01 00 00 10 01 AE 0D 00 00 18 94 
00 FF FF 00 10 0D 22 93 00 00 01 00 00 10 01 AF 0D 00 00 09 C4 
00 FF FF 00 10 0D 22 93 00 00 01 00 00 10 01 B0 0D 00 00 17 8A 
00 FF FF 00 10 0D 22 93 00 00 01 00 00 10 01 B1 0D 00 00 13 50 
00 FF FF 00 10 0D 22 93 00 00 01 00 00 10 01 B2 0D 00 00 23 B3 
00 FF FF 00 10 0D 22 93 00 00 01 00 00 10 01 B3 0D 00 00 29 E2 
00 FF FF 00 10 0D 22 93 00 00 01 00 00 10 01 B4 0D 00 00 28 C4 
00 FF FF 00 10 0D 22 93 00 00 01 00 00 10 01 B5 0D 00 00 11 19 
00 FF FF 00 10 0D 22 93 00 00 01 00 00 10 01 B6 0D 00 00 1C 28 
00 FF FF 00 10 0D 22 93 00 00 01 00 00 10 01 B7 0D 00 00 19 05 
00 FF FF 00 10 0D 22 93 00 00 01 00 00 10 01 B8 0D 00 00 16 03 
00 FF FF 00 10 0D 22 93 00 00 01 00 00 10 01 B9 0D 00 00 17 ED 
00 FF FF 00 10 0D 22 93 00 00 01 00 00 10 01 BA 0D 00 00 12 0D 
00 FF FF 00 10 0D 22 93 00 00 01 00 00 10 01 BB 0D 00 00 1C 3D 
00 FF FF 00 10 0D 22 93 00 00 01 00 00 10 01 BC 0D 00 00 14 E2 
00 FF FF 00 10 0D 22 93 00 00 01 00 00 10 01 BD 0D 00 00 26 2B 
00 FF FF 00 10 0D 22 93 00 00 01 00 00 10 01 BE 0D 00 00 32 EC 
00 FF FF 00 10 0D 22 93 00 00 01 00 00 10 01 BF 0D 00 00 1B 7E 
00 FF FF 00 10 0D 22 93 00 00 01 00 00 10 01 C0 0D 00 00 1B 9E 
00 FF FF 00 10 0D 22 93 00 00 01 00 00 10 01 C1 0D 00 00 15 01 
00 FF FF 00 10 0D 22 93 00 00 01 00 00 10 01 C2 0D 00 00 03 48 
00 FF FF 00 10 0D 22 93 00 00 01 00 00 10 01 C3 0D 00 00 0C 13 
00 FF FF 00 10 0D 22 93 00 00 01 00 00 10 01 C4 0D 00 00 18 B7 
00 FF FF 00 10 0D 22 93 00 00 01 00 00 10 01 C5 0D 00 00 2B C3 
00 FF FF 00 10 0D 22 93 00 00 01 00 00 10 01 C6 0D 00 00 1D BB 
00 FF FF 00 10 0D 22 93 00 00 01 00 00 10 01 C7 0D 00 00 19 76 
00 FF FF 00 10 0D 22 93 00 00 01 00 00 10 01 C8 0D 00 00 18 73 
00 FF FF 00 10 0D 22 93 00 00 01 00 00 10 01 C9 0D 00 00 1D 75 
00 FF FF 00 10 0D 22 93 00 00 01 00 00 10 01 CA 0D 00 00 15 06 
00 FF FF 00 10 0D 22 93 00 00 01 00 00 10 01 CB 0D 00 00 19 5E 
00 FF FF 00 10 0D 22 93 00 00 01 00 00 10 01 CC 0D 00 00 0F 99 
00 FF FF 00 10 0D 22 93 00 00 01 00 00 10 01 CD 0D 00 00 15 62 
00 FF FF 00 10 0D 22 93 00 00 01 00 00 10 01 CE 0D 00 00 2C 7A 
00 FF FF 00 10 0D 22 93 00 00 01 00 00 10 01 CF 0D 00 00 19 D1 
00 FF FF 00 10 0D 22 93 00 00 01 00 00 10 01 D0 0D 00 00 32 8A 
00 FF FF 00 10 0D 22 93 00 00 01 00 00 10 01 D1 0D 00 00 16 81 
00 FF FF 00 10 0D 22 93 00 00 01 00 00 10 01 D2 0D 00 00 22 8E 
00 FF FF 00 10 0D 22 93 00 00 01 00 00 10 01 D3 0D 00 00 11 DE 
00 FF FF 00 10 0D 22 93 00 00 01 00 00 10 01 D4 0D 00 00 1E 36 
00 FF FF 00 10 0D 22 93 00 00 01 00 00 10 01 D5 0D 00 00 1F F3 
00 FF FF 00 10 0D 22 93 00 00 01 00 00 10 01 D6 0D 00 00 16 8F 
00 FF FF 00 10 0D 22 93 00 00 01 00 00 10 01 D7 0D 00 00 34 D0 
00 FF FF 00 10 0D 22 93 00 00 01 00 00 10 01 D8 0D 00 00 15 7D 
00 FF FF 00 10 0D 22 93 00 00 01 00 00 10 01 D9 0D 00 00 33 54 
00 FF FF 00 10 0D 22 93 00 00 01 00 00 10 01 DA 0D 00 00 16 EB 
00 FF FF 00 10 0D 22 93 00 00 01 00 00 10 01 DB 0D 00 00 34 F4 
00 FF FF 00 10 0D 22 93 00 00 01 00 00 10 01 DC 0D 00 00 16 8E 
00 FF FF 00 10 0D 22 93 00 00 01 00 00 10 01 DD 0D 00 00 2B 2A 
00 FF FF 00 10 0D 22 93 00 00 01 00 00 10 01 DE 0D 00 00 10 12 
00 FF FF 00 10 0D 22 93 00 00 01 00 00 10 01 DF 0D 00 00 17 B1 
00 FF FF 00 10 0D 22 93 00 00 01 00 00 10 01 E0 0D 00 00 19 1A 
00 FF FF 00 10 0D 22 93 00 00 01 00 00 10 01 E1 0D 00 00 11 AD 
00 FF FF 00 10 0D 22 93 00 00 01 00 00 10 01 E2 0D 00 00 34 22 
00 FF FF 00 10 0D 22 93 00 00 01 00 00 10 01 E3 0D 00 00 13 7E 
00 FF FF 00 10 0D 22 93 00 00 01 00 00 10 01 E4 0D 00 00 37 82 
00 FF FF 00 10 0D 22 93 00 00 01 00 00 10 01 E5 0D 00 00 0E D3 
00 FF FF 00 10 0D 22 93 00 00 01 00 00 10 01 E6 0D 00 00 33 C2 
00 FF FF 00 10 0D 22 93 00 00 01 00 00 10 01 E7 0D 00 00 1F 26 
00 FF FF 00 10 0D 22 93 00 00 01 00 00 10 01 E8 0D 00 00 1A 1C 
00 FF FF 00 10 0D 22 93 00 00 01 00 00 10 01 E9 0D 00 00 20 ED 
00 FF FF 00 10 0D 22 93 00 00 01 00 00 10 01 EA 0D 00 00 10 2A 
00 FF FF 00 10 0D 22 93 00 00 01 00 00 10 01 EB 0D 00 00 24 C6 
00 FF FF 00 10 0D 22 93 00 00 01 00 00 10 01 EC 0D 00 00 17 02 
00 FF FF 00 10 0D 22 93 00 00 01 00 00 10 01 ED 0D 00 00 34 22 
00 FF FF 00 10 0D 22 93 00 00 01 00 00 10 01 EE 0D 00 00 0F 89 
00 FF FF 00 10 0D 22 93 00 00 01 00 00 10 01 EF 0D 00 00 2D 74 
00 FF FF 00 10 0D 22 93 00 00 01 00 00 10 01 F0 0D 00 00 08 59 
00 FF FF 00 10 0D 22 93 00 00 01 00 00 10 01 F1 0D 00 00 21 32 
00 FF FF 00 10 0D 22 93 00 00 01 00 00 10 01 F2 0D 00 00 26 D9 
00 FF FF 00 10 0D 22 93 00 00 01 00 00 10 01 F3 0D 00 00 0F 25 
00 FF FF 00 10 0D 22 93 00 00 01 00 00 10 01 F4 0D 00 00 37 82 
00 FF FF 00 10 0D 22 93 00 00 01 00 00 10 01 F5 0D 00 00 14 4B 
00 FF FF 00 10 0D 22 93 00 00 01 00 00 10 01 F6 0D 00 00 36 A4 
00 FF FF 00 10 0D 22 93 00 00 01 00 00 10 01 F7 0D 00 00 0E 32 
00 FF FF 00 10 0D 22 93 00 00 01 00 00 10 01 F8 0D 00 00 33 DA 
00 FF FF 00 10 0D 22 93 00 00 01 00 00 10 01 F9 0D 00 00 15 5A 
00 FF FF 00 10 0D 22 93 00 00 01 00 00 10 01 FA 0D 00 00 26 2B 
00 FF FF 00 10 0D 22 93 00 00 01 00 00 10 01 FB 0D 00 00 2B AE 
00 FF FF 00 10 0D 22 93 00 00 01 00 00 10 01 FC 0D 00 00 0F DB 
00 FF FF 00 10 0D 22 93 00 00 01 00 00 10 01 FD 0D 00 00 32 2B 
00 FF FF 00 10 0D 22 93 00 00 01 00 00 10 01 FE 0D 00 00 15 FF 
00 FF FF 00 10 0D 22 93 00 00 01 00 00 10 01 FF 0D 00 00 32 8A 
00 FF FF 00 10 0D 22 93 00 00 01 00 00 10 02 00 0D 00 00 0F F7 
00 FF FF 00 10 0D 22 93 00 00 01 00 00 10 02 01 0D 00 00 37 53 
00 FF FF 00 10 0D 22 93 00 00 01 00 00 10 02 02 0D 00 00 17 32 
00 FF FF 00 10 0D 22 93 00 00 01 00 00 10 02 03 0D 00 00 28 5D 
00 FF FF 00 10 0D 22 93 00 00 01 00 00 10 02 04 0D 00 00 29 AD 
00 FF FF 00 10 0D 22 93 00 00 01 00 00 10 02 05 0D 00 00 11 A7 
00 FF FF 00 10 0D 22 93 00 00 01 00 00 10 02 06 0D 00 00 30 86 
00 FF FF 00 10 0D 22 93 00 00 01 00 00 10 02 07 0D 00 00 10 9F 
00 FF FF 00 10 0D 22 93 00 00 01 00 00 10 02 08 0D 00 00 30 44 
00 FF FF 00 10 0D 22 93 00 00 01 00 00 10 02 09 0D 00 00 11 1D 
00 FF FF 00 10 0D 22 93 00 00 01 00 00 10 02 0A 0D 00 00 30 55 
00 FF FF 00 10 0D 22 93 00 00 01 00 00 10 02 0B 0D 00 00 1A 2F 
00 FF FF 00 10 0D 22 93 00 00 01 00 00 10 02 0C 0D 00 00 1F EE 
00 FF FF 00 10 0D 22 93 00 00 01 00 00 10 02 0D 0D 00 00 1E 4A 
00 FF FF 00 10 0D 22 93 00 00 01 00 00 10 02 0E 0D 00 00 14 0B 
00 FF FF 00 10 0D 22 93 00 00 01 00 00 10 02 0F 0D 00 00 33 15 
00 FF FF 00 10 0D 22 93 00 00 01 00 00 10 02 10 0D 00 00 0E C6 
00 FF FF 00 10 0D 22 93 00 00 01 00 00 10 02 11 0D 00 00 35 CA 
00 FF FF 00 10 0D 22 93 00 00 01 00 00 10 02 12 0D 00 00 18 83 
00 FF FF 00 10 0D 22 93 00 00 01 00 00 10 02 13 0D 00 00 32 09 
00 FF FF 00 10 0D 22 93 00 00 01 00 00 10 02 14 0D 00 00 1C 23 
00 FF FF 00 10 0D 22 93 00 00 01 00 00 10 02 15 0D 00 00 22 CD 
00 FF FF 00 10 0D 22 93 00 00 01 00 00 10 02 16 0D 00 00 1E 56 
00 FF FF 00 10 0D 22 93 00 00 01 00 00 10 02 17 0D 00 00 19 0D 
00 FF FF 00 10 0D 22 93 00 00 01 00 00 10 02 18 0D 00 00 29 65 
00 FF FF 00 10 0D 22 93 00 00 01 00 00 10 02 19 0D 00 00 0D 33 
00 FF FF 00 10 0D 22 93 00 00 01 00 00 10 02 1A 0D 00 00 2B A6 
00 FF FF 00 10 0D 22 93 00 00 01 00 00 10 02 1B 0D 00 00 1E 59 
00 FF FF 00 10 0D 22 93 00 00 01 00 00 10 02 1C 0D 00 00 2A 4E 
00 FF FF 00 10 0D 22 93 00 00 01 00 00 10 02 1D 0D 00 00 1A 44 
00 FF FF 00 10 0D 22 93 00 00 01 00 00 10 02 1E 0D 00 00 22 11 
00 FF FF 00 10 0D 22 93 00 00 01 00 00 10 02 1F 0D 00 00 1A 6A 
00 FF FF 00 10 0D 22 93 00 00 01 00 00 10 02 20 0D 00 00 18 29 
00 FF FF 00 10 0D 22 93 00 00 01 00 00 10 02 21 0D 00 00 08 D1 
00 FF FF 00 10 0D 22 93 00 00 01 00 00 10 02 22 0D 00 00 14 62 
00 FF FF 00 10 0D 22 93 00 00 01 00 00 10 02 23 0D 00 00 31 64 
00 FF FF 00 10 0D 22 93 00 00 01 00 00 10 02 24 0D 00 00 09 85 
00 FF FF 00 10 0D 22 93 00 00 01 00 00 10 02 25 0D 00 00 30 5B 
00 FF FF 00 10 0D 22 93 00 00 01 00 00 10 02 26 0D 00 00 1A EE 
00 FF FF 00 10 0D 22 93 00 00 01 00 00 10 02 27 0D 00 00 1B 99 
00 FF FF 00 10 0D 22 93 00 00 01 00 00 10 02 28 0D 00 00 16 8D 
00 FF FF 00 10 0D 22 93 00 00 01 00 00 10 02 29 0D 00 00 05 D2 
00 FF FF 00 10 0D 22 93 00 00 01 00 00 10 02 2A 0D 00 00 10 0A 
00 FF FF 00 10 0D 22 93 00 00 01 00 00 10 02 2B 0D 00 00 1B F1 
00 FF FF 00 10 0D 22 93 00 00 01 00 00 10 02 2C 0D 00 00 29 8C 
00 FF FF 00 10 0D 22 93 00 00 01 00 00 10 02 2D 0D 00 00 23 88 
00 FF FF 00 10 0D 22 93 00 00 01 00 00 10 02 2E 0D 00 00 27 73 
00 FF FF 00 10 0D 22 93 00 00 01 00 00 10 02 2F 0D 00 00 1F 76 
00 FF FF 00 10 0D 22 93 00 00 01 00 00 10 02 30 0D 00 00 1F 2E 
00 FF FF 00 10 0D 22 93 00 00 01 00 00 10 02 31 0D 00 00 1B 81 
00 FF FF 00 10 0D 22 93 00 00 01 00 00 10 02 32 0D 00 00 18 4D 
00 FF FF 00 10 0D 22 93 00 00 01 00 00 10 02 33 0D 00 00 1B DE 
00 FF FF 00 10 0D 22 93 00 00 01 00 00 10 02 34 0D 00 00 19 88 
00 FF FF 00 10 0D 22 93 00 00 01 00 00 10 02 35 0D 00 00 21 71 
00 FF FF 00 10 0D 22 93 00 00 01 00 00 10 02 36 0D 00 00 1F 55 
00 FF FF 00 10 0D 22 93 00 00 01 00 00 10 02 37 0D 00 00 26 C9 
00 FF FF 00 10 0D 22 93 00 00 01 00 00 10 02 38 0D 00 00 1F D5 
00 FF FF 00 10 0D 22 93 00 00 01 00 00 10 02 39 0D 00 00 1C 85 
00 FF FF 00 10 0D 22 93 00 00 01 00 00 10 02 3A 0D 00 00 1D 81 
00 FF FF 00 10 0D 22 93 00 00 01 00 00 10 02 3B 0D 00 00 16 95 
00 FF FF 00 10 0D 22 93 00 00 01 00 00 10 02 3C 0D 00 00 18 52 
00 FF FF 00 10 0D 22 93 00 00 01 00 00 10 02 3D 0D 00 00 1F 75 
00 FF FF 00 10 0D 22 93 00 00 01 00 00 10 02 3E 0D 00 00 1B DE 
00 FF FF 00 10 0D 22 93 00 00 01 00 00 10 02 3F 0D 00 00 2A 25 
00 FF FF 00 10 0D 22 93 00 00 01 00 00 10 02 40 0D 00 00 1C 8F 
00 FF FF 00 10 0D 22 93 00 00 01 00 00 10 02 41 0D 00 00 2D 12 
00 FF FF 00 10 0D 22 93 00 00 01 00 00 10 02 42 0D 00 00 18 E0 
00 FF FF 00 10 0D 22 93 00 00 01 00 00 10 02 43 0D 00 00 1D E4 
00 FF FF 00 10 0D 22 93 00 00 01 00 00 10 02 44 0D 00 00 11 52 
00 FF FF 00 10 0D 22 93 00 00 01 00 00 10 02 45 0D 00 00 1D 44 
00 FF FF 00 10 0D 22 93 00 00 01 00 00 10 02 46 0D 00 00 11 25 
00 FF FF 00 10 0D 22 93 00 00 01 00 00 10 02 47 0D 00 00 1B 46 
00 FF FF 00 10 0D 22 93 00 00 01 00 00 10 02 48 0D 00 00 23 46 
00 FF FF 00 10 0D 22 93 00 00 01 00 00 10 02 49 0D 00 00 1F 8B 
00 FF FF 00 10 0D 22 93 00 00 01 00 00 10 02 4A 0D 00 00 2F 8A 
00 FF FF 00 10 0D 22 93 00 00 01 00 00 10 02 4B 0D 00 00 17 D0 
00 FF FF 00 10 0D 22 93 00 00 01 00 00 10 02 4C 0D 00 00 1E 6A 
00 FF FF 00 10 0D 22 93 00 00 01 00 00 10 02 4D 0D 00 00 14 46 
00 FF FF 00 10 0D 22 93 00 00 01 00 00 10 02 4E 0D 00 00 17 C6 
00 FF FF 00 10 0D 22 93 00 00 01 00 00 10 02 4F 0D 00 00 18 E9 
00 FF FF 00 10 0D 22 93 00 00 01 00 00 10 02 50 0D 00 00 15 EE 
00 FF FF 00 10 0D 22 93 00 00 01 00 00 10 02 51 0D 00 00 10 49 
00 FF FF 00 10 0D 22 93 00 00 01 00 00 10 02 52 0D 00 00 18 21 
00 FF FF 00 10 0D 22 93 00 00 01 00 00 10 02 53 0D 00 00 38 64 
00 FF FF 00 10 0D 22 93 00 00 01 00 00 10 02 54 0D 00 00 15 33 
00 FF FF 00 10 0D 22 93 00 00 01 00 00 10 02 55 0D 00 00 13 22 
00 FF FF 00 10 0D 22 93 00 00 01 00 00 10 02 56 0D 00 00 0F CD 
00 FF FF 00 10 0D 22 93 00 00 01 00 00 10 02 57 0D 00 00 1B D9 
00 FF FF 00 10 0D 22 93 00 00 01 00 00 10 02 58 0D 00 00 15 EF 
00 FF FF 00 10 0D 22 93 00 00 01 00 00 10 02 59 0D 00 00 14 62 
00 FF FF 00 10 0D 22 93 00 00 01 00 00 10 02 5A 0D 00 00 24 49 
00 FF FF 00 10 0D 22 93 00 00 01 00 00 10 02 5B 0D 00 00 14 DF 
00 FF FF 00 10 0D 22 93 00 00 01 00 00 10 02 5C 0D 00 00 1F 91 
00 FF FF 00 10 0D 22 93 00 00 01 00 00 10 02 5D 0D 00 00 13 D2 
00 FF FF 00 10 0D 22 93 00 00 01 00 00 10 02 5E 0D 00 00 19 C5 
00 FF FF 00 10 0D 22 93 00 00 01 00 00 10 02 5F 0D 00 00 12 36 
00 FF FF 00 10 0D 22 93 00 00 01 00 00 10 02 60 0D 00 00 18 21 
00 FF FF 00 10 0D 22 93 00 00 01 00 00 10 02 61 0D 00 00 22 56 
00 FF FF 00 10 0D 22 93 00 00 01 00 00 10 02 62 0D 00 00 14 EE 
00 FF FF 00 10 0D 22 93 00 00 01 00 00 10 02 63 0D 00 00 28 A6 
00 FF FF 00 10 0D 22 93 00 00 01 00 00 10 02 64 0D 00 00 10 A9 
00 FF FF 00 10 0D 22 93 00 00 01 00 00 10 02 65 0D 00 00 1E FB 
00 FF FF 00 10 0D 22 93 00 00 01 00 00 10 02 66 0D 00 00 13 66 
00 FF FF 00 10 0D 22 93 00 00 01 00 00 10 02 67 0D 00 00 19 01 
00 FF FF 00 10 0D 22 93 00 00 01 00 00 10 02 68 0D 00 00 12 59 
00 FF FF 00 10 0D 22 93 00 00 01 00 00 10 02 69 0D 00 00 1A 58 
00 FF FF 00 10 0D 22 93 00 00 01 00 00 10 02 6A 0D 00 00 0A E7 
00 FF FF 00 10 0D 22 93 00 00 01 00 00 10 02 6B 0D 00 00 0C 7E 
00 FF FF 00 10 0D 22 93 00 00 01 00 00 10 02 6C 0D 00 00 26 E5 
00 FF FF 00 10 0D 22 93 00 00 01 00 00 10 02 6D 0D 00 00 0C 70 
00 FF FF 00 10 0D 22 93 00 00 01 00 00 10 02 6E 0D 00 00 19 FB 
00 FF FF 00 10 0D 22 93 00 00 01 00 00 10 02 6F 0D 00 00 15 0A 
00 FF FF 00 10 0D 22 93 00 00 01 00 00 10 02 70 0D 00 00 18 AD 
00 FF FF 00 10 0D 22 93 00 00 01 00 00 10 02 71 0D 00 00 0D FA 
00 FF FF 00 10 0D 22 93 00 00 01 00 00 10 02 72 0D 00 00 33 CD 
00 FF FF 00 10 0D 22 93 00 00 01 00 00 10 02 73 0D 00 00 20 48 
00 FF FF 00 10 0D 22 93 00 00 01 00 00 10 02 74 0D 00 00 1F B1 
00 FF FF 00 10 0D 22 93 00 00 01 00 00 10 02 75 0D 00 00 2C E4 
00 FF FF 00 10 0D 22 93 00 00 01 00 00 10 02 76 0D 00 00 11 6F 
00 FF FF 00 10 0D 22 93 00 00 01 00 00 10 02 77 0D 00 00 33 54 
00 FF FF 00 10 0D 22 93 00 00 01 00 00 10 02 78 0D 00 00 14 ED 
00 FF FF 00 10 0D 22 93 00 00 01 00 00 10 02 79 0D 00 00 35 CA 
00 FF FF 00 10 0D 22 93 00 00 01 00 00 10 02 7A 0D 00 00 12 DD 
00 FF FF 00 10 0D 22 93 00 00 01 00 00 10 02 7B 0D 00 00 2D 62 
00 FF FF 00 10 0D 22 93 00 00 01 00 00 10 02 7C 0D 00 00 1E 09 
00 FF FF 00 10 0D 22 93 00 00 01 00 00 10 02 7D 0D 00 00 1B 70 
00 FF FF 00 10 0D 22 93 00 00 01 00 00 10 02 7E 0D 00 00 1E 51 
00 FF FF 00 10 0D 22 93 00 00 01 00 00 10 02 7F 0D 00 00 0F 4D 
00 FF FF 00 10 0D 22 93 00 00 01 00 00 10 02 80 0D 00 00 2E 22 
00 FF FF 00 10 0D 22 93 00 00 01 00 00 10 02 81 0D 00 00 12 7D 
00 FF FF 00 10 0D 22 93 00 00 01 00 00 10 02 82 0D 00 00 28 0A 
00 FF FF 00 10 0D 22 93 00 00 01 00 00 10 02 83 0D 00 00 11 06 
00 FF FF 00 10 0D 22 93 00 00 01 00 00 10 02 84 0D 00 00 2F 61 
00 FF FF 00 10 0D 22 93 00 00 01 00 00 10 02 85 0D 00 00 09 BB 
00 FF FF 00 10 0D 22 93 00 00 01 00 00 10 02 86 0D 00 00 1F 41 
00 FF FF 00 10 0D 22 93 00 00 01 00 00 10 02 87 0D 00 00 2B 2A 
00 FF FF 00 10 0D 22 93 00 00 01 00 00 10 02 88 0D 00 00 10 4D 
00 FF FF 00 10 0D 22 93 00 00 01 00 00 10 02 89 0D 00 00 2B F6 
00 FF FF 00 10 0D 22 93 00 00 01 00 00 10 02 8A 0D 00 00 0F 3B 
00 FF FF 00 10 0D 22 93 00 00 01 00 00 10 02 8B 0D 00 00 19 8A 
00 FF FF 00 10 0D 22 93 00 00 01 00 00 10 02 8C 0D 00 00 11 69 
00 FF FF 00 10 0D 22 93 00 00 01 00 00 10 02 8D 0D 00 00 2B 3E 
00 FF FF 00 10 0D 22 93 00 00 01 00 00 10 02 8E 0D 00 00 19 59 
00 FF FF 00 10 0D 22 93 00 00 01 00 00 10 02 8F 0D 00 00 20 16 
00 FF FF 00 10 0D 22 93 00 00 01 00 00 10 02 90 0D 00 00 0D 1E 
00 FF FF 00 10 0D 22 93 00 00 01 00 00 10 02 91 0D 00 00 12 5C 
00 FF FF 00 10 0D 22 93 00 00 01 00 00 10 02 92 0D 00 00 2B 44 
00 FF FF 00 10 0D 22 93 00 00 01 00 00 10 02 93 0D 00 00 11 3F 
00 FF FF 00 10 0D 22 93 00 00 01 00 00 10 02 94 0D 00 00 2F D4 
00 FF FF 00 10 0D 22 93 00 00 01 00 00 10 02 95 0D 00 00 12 4B 
00 FF FF 00 10 0D 22 93 00 00 01 00 00 10 02 96 0D 00 00 26 C6 
00 FF FF 00 10 0D 22 93 00 00 01 00 00 10 02 97 0D 00 00 17 4C 
00 FF FF 00 10 0D 22 93 00 00 01 00 00 10 02 98 0D 00 00 1B E7 
00 FF FF 00 10 0D 22 93 00 00 01 00 00 10 02 99 0D 00 00 1E EC 
00 FF FF 00 10 0D 22 93 00 00 01 00 00 10 02 9A 0D 00 00 14 83 
00 FF FF 00 10 0D 22 93 00 00 01 00 00 10 02 9B 0D 00 00 14 AB 
00 FF FF 00 10 0D 22 93 00 00 01 00 00 10 02 9C 0D 00 00 05 3B 
00 FF FF 00 10 0D 22 93 00 00 01 00 00 10 02 9D 0D 00 00 12 66 
00 FF FF 00 10 0D 22 93 00 00 01 00 00 10 02 9E 0D 00 00 12 38 
00 FF FF 00 10 0D 22 93 00 00 01 00 00 10 02 9F 0D 00 00 29 39 
00 FF FF 00 10 0D 22 93 00 00 01 00 00 10 02 A0 0D 00 00 16 FA 
00 FF FF 00 10 0D 22 93 00 00 01 00 00 10 02 A1 0D 00 00 18 F3 
00 FF FF 00 10 0D 22 93 00 00 01 00 00 10 02 A2 0D 00 00 18 95 
00 FF FF 00 10 0D 22 93 00 00 01 00 00 10 02 A3 0D 00 00 10 76 
00 FF FF 00 10 0D 22 93 00 00 01 00 00 10 02 A4 0D 00 00 22 23 
00 FF FF 00 10 0D 22 93 00 00 01 00 00 10 02 A5 0D 00 00 14 89 
00 FF FF 00 10 0D 22 93 00 00 01 00 00 10 02 A6 0D 00 00 25 87 
00 FF FF 00 10 0D 22 93 00 00 01 00 00 10 02 A7 0D 00 00 19 0A 
00 FF FF 00 10 0D 22 93 00 00 01 00 00 10 02 A8 0D 00 00 23 FE 
00 FF FF 00 10 0D 22 93 00 00 01 00 00 10 02 A9 0D 00 00 0F 33 
00 FF FF 00 10 0D 22 93 00 00 01 00 00 10 02 AA 0D 00 00 16 89 
00 FF FF 00 10 0D 22 93 00 00 01 00 00 10 02 AB 0D 00 00 18 9D 
00 FF FF 00 10 0D 22 93 00 00 01 00 00 10 02 AC 0D 00 00 10 11 
00 FF FF 00 10 0D 22 93 00 00 01 00 00 10 02 AD 0D 00 00 1C 7A 
00 FF FF 00 10 0D 22 93 00 00 01 00 00 10 02 AE 0D 00 00 09 4C 
00 FF FF 00 10 0D 22 93 00 00 01 00 00 10 02 AF 0D 00 00 26 78 
00 FF FF 00 10 0D 22 93 00 00 01 00 00 10 02 B0 0D 00 00 27 A1 
00 FF FF 00 10 0D 22 93 00 00 01 00 00 10 02 B1 0D 00 00 20 7F 
00 FF FF 00 10 0D 22 93 00 00 01 00 00 10 02 B2 0D 00 00 08 99 
00 FF FF 00 10 0D 22 93 00 00 01 00 00 10 02 B3 0D 00 00 15 61 
00 FF FF 00 10 0D 22 93 00 00 01 00 00 10 02 B4 0D 00 00 15 EA 
00 FF FF 00 10 0D 22 93 00 00 01 00 00 10 02 B5 0D 00 00 0A 0C 
00 FF FF 00 10 0D 22 93 00 00 01 00 00 10 02 B6 0D 00 00 18 61 
00 FF FF 00 10 0D 22 93 00 00 01 00 00 10 02 B7 0D 00 00 16 AB 
00 FF FF 00 10 0D 22 93 00 00 01 00 00 10 02 B8 0D 00 00 0D B5 
00 FF FF 00 10 0D 22 93 00 00 01 00 00 10 02 B9 0D 00 00 1A 99 
00 FF FF 00 10 0D 22 93 00 00 01 00 00 10 02 BA 0D 00 00 1C 4C 
00 FF FF 00 10 0D 22 93 00 00 01 00 00 10 02 BB 0D 00 00 1F F6 
00 FF FF 00 10 0D 22 93 00 00 01 00 00 10 02 BC 0D 00 00 12 1E 
00 FF FF 00 10 0D 22 93 00 00 01 00 00 10 02 BD 0D 00 00 17 8E 
00 FF FF 00 10 0D 22 93 00 00 01 00 00 10 02 BE 0D 00 00 10 DA 
00 FF FF 00 10 0D 22 93 00 00 01 00 00 10 02 BF 0D 00 00 10 77 
00 FF FF 00 10 0D 22 93 00 00 01 00 00 10 02 C0 0D 00 00 16 CB 
00 FF FF 00 10 0D 22 93 00 00 01 00 00 10 02 C1 0D 00 00 1A BB 
00 FF FF 00 10 0D 22 93 00 00 01 00 00 10 02 C2 0D 00 00 28 B6 
00 FF FF 00 10 0D 22 93 00 00 01 00 00 10 02 C3 0D 00 00 19 52 
00 FF FF 00 10 0D 22 93 00 00 01 00 00 10 02 C4 0D 00 00 30 62 
00 FF FF 00 10 0D 22 93 00 00 01 00 00 10 02 C5 0D 00 00 10 13 
00 FF FF 00 10 0D 22 93 00 00 01 00 00 10 02 C6 0D 00 00 21 4A 
00 FF FF 00 10 0D 22 93 00 00 01 00 00 10 02 C7 0D 00 00 10 62 
00 FF FF 00 10 0D 22 93 00 00 01 00 00 10 02 C8 0D 00 00 12 89 
00 FF FF 00 10 0D 22 93 00 00 01 00 00 10 02 C9 0D 00 00 18 57 
00 FF FF 00 10 0D 22 93 00 00 01 00 00 10 02 CA 0D 00 00 14 32 
00 FF FF 00 10 0D 22 93 00 00 01 00 00 10 02 CB 0D 00 00 1A 22 
00 FF FF 00 10 0D 22 93 00 00 01 00 00 10 02 CC 0D 00 00 15 AC 
00 FF FF 00 10 0D 22 93 00 00 01 00 00 10 02 CD 0D 00 00 17 33 
00 FF FF 00 10 0D 22 93 00 00 01 00 00 10 02 CE 0D 00 00 0E 2A 
00 FF FF 00 10 0D 22 93 00 00 01 00 00 10 02 CF 0D 00 00 1C 96 
00 FF FF 00 10 0D 22 93 00 00 01 00 00 10 02 D0 0D 00 00 10 E0 
00 FF FF 00 10 0D 22 93 00 00 01 00 00 10 02 D1 0D 00 00 15 35 
00 FF FF 00 10 0D 22 93 00 00 01 00 00 10 02 D2 0D 00 00 03 F0 
00 FF FF 00 10 0D 22 93 00 00 01 00 00 10 02 D3 0D 00 00 12 14 
00 FF FF 00 10 0D 22 93 00 00 01 00 00 10 02 D4 0D 00 00 2B 84 
00 FF FF 00 10 0D 22 93 00 00 01 00 00 10 02 D5 0D 00 00 13 B3 
00 FF FF 00 10 0D 22 93 00 00 01 00 00 10 02 D6 0D 00 00 2E D4 
00 FF FF 00 10 0D 22 93 00 00 01 00 00 10 02 D7 0D 00 00 0D 83 
00 FF FF 00 10 0D 22 93 00 00 01 00 00 10 02 D8 0D 00 00 2B 02 
00 FF FF 00 10 0D 22 93 00 00 01 00 00 10 02 D9 0D 00 00 11 16 
00 FF FF 00 10 0D 22 93 00 00 01 00 00 10 02 DA 0D 00 00 1B 3A 
00 FF FF 00 10 0D 22 93 00 00 01 00 00 10 02 DB 0D 00 00 21 AD 
00 FF FF 00 10 0D 22 93 00 00 01 00 00 10 02 DC 0D 00 00 0F 60 
00 FF FF 00 10 0D 22 93 00 00 01 00 00 10 02 DD 0D 00 00 33 54 
00 FF FF 00 10 0D 22 93 00 00 01 00 00 10 02 DE 0D 00 00 10 9C 
00 FF FF 00 10 0D 22 93 00 00 01 00 00 10 02 DF 0D 00 00 2E D4 
00 FF FF 00 10 0D 22 93 00 00 01 00 00 10 02 E0 0D 00 00 0B 4A 
00 FF FF 00 10 0D 22 93 00 00 01 00 00 10 02 E1 0D 00 00 2E 90 
00 FF FF 00 10 0D 22 93 00 00 01 00 00 10 02 E2 0D 00 00 10 0D 
00 FF FF 00 10 0D 22 93 00 00 01 00 00 10 02 E3 0D 00 00 1F 8D 
00 FF FF 00 10 0D 22 93 00 00 01 00 00 10 02 E4 0D 00 00 1E 39 
00 FF FF 00 10 0D 22 93 00 00 01 00 00 10 02 E5 0D 00 00 0E C4 
00 FF FF 00 10 0D 22 93 00 00 01 00 00 10 02 E6 0D 00 00 28 94 
00 FF FF 00 10 0D 22 93 00 00 01 00 00 10 02 E7 0D 00 00 10 5C 
00 FF FF 00 10 0D 22 93 00 00 01 00 00 10 02 E8 0D 00 00 3A 34 
00 FF FF 00 10 0D 22 93 00 00 01 00 00 10 02 E9 0D 00 00 0B 67 
00 FF FF 00 10 0D 22 93 00 00 01 00 00 10 02 EA 0D 00 00 35 83 
00 FF FF 00 10 0D 22 93 00 00 01 00 00 10 02 EB 0D 00 00 10 90 
00 FF FF 00 10 0D 22 93 00 00 01 00 00 10 02 EC 0D 00 00 20 D0 
00 FF FF 00 10 0D 22 93 00 00 01 00 00 10 02 ED 0D 00 00 25 8E 
00 FF FF 00 10 0D 22 93 00 00 01 00 00 10 02 EE 0D 00 00 0D 4C 
00 FF FF 00 10 0D 22 93 00 00 01 00 00 10 02 EF 0D 00 00 3A 34 
00 FF FF 00 10 0D 22 93 00 00 01 00 00 10 02 F0 0D 00 00 0E 0E 
00 FF FF 00 10 0D 22 93 00 00 01 00 00 10 02 F1 0D 00 00 2F 8A 
00 FF FF 00 10 0D 22 93 00 00 01 00 00 10 02 F2 0D 00 00 0F D7 
00 FF FF 00 10 0D 22 93 00 00 01 00 00 10 02 F3 0D 00 00 2D C4 
00 FF FF 00 10 0D 22 93 00 00 01 00 00 10 02 F4 0D 00 00 10 CD 
00 FF FF 00 10 0D 22 93 00 00 01 00 00 10 02 F5 0D 00 00 21 FE 
00 FF FF 00 10 0D 22 93 00 00 01 00 00 10 02 F6 0D 00 00 20 99 
00 FF FF 00 10 0D 22 93 00 00 01 00 00 10 02 F7 0D 00 00 0F A6 
00 FF FF 00 10 0D 22 93 00 00 01 00 00 10 02 F8 0D 00 00 32 0E 
00 FF FF 00 10 0D 22 93 00 00 01 00 00 10 02 F9 0D 00 00 0C B1 
00 FF FF 00 10 0D 22 93 00 00 01 00 00 10 02 FA 0D 00 00 2C 24 
00 FF FF 00 10 0D 22 93 00 00 01 00 00 10 02 FB 0D 00 00 10 AA 
00 FF FF 00 10 0D 22 93 00 00 01 00 00 10 02 FC 0D 00 00 2F 85 
00 FF FF 00 10 0D 22 93 00 00 01 00 00 10 02 FD 0D 00 00 0D EB 
00 FF FF 00 10 0D 22 93 00 00 01 00 00 10 02 FE 0D 00 00 1E DB 
00 FF FF 00 10 0D 22 93 00 00 01 00 00 10 02 FF 0D 00 00 1A 75 
00 FF FF 00 10 0D 22 93 00 00 01 00 00 10 03 00 0D 00 00 11 9B 
00 FF FF 00 10 0D 22 93 00 00 01 00 00 10 03 01 0D 00 00 19 ED 
00 FF FF 00 10 0D 22 93 00 00 01 00 00 10 03 02 0D 00 00 0C D0 
00 FF FF 00 10 0D 22 93 00 00 01 00 00 10 03 03 0D 00 00 1D E2 
00 FF FF 00 10 0D 22 93 00 00 01 00 00 10 03 04 0D 00 00 0A 4C 
00 FF FF 00 10 0D 22 93 00 00 01 00 00 10 03 05 0D 00 00 0D 86 
00 FF FF 00 10 0D 22 93 00 00 01 00 00 10 03 06 0D 00 00 0A AE 
00 FF FF 00 10 0D 22 93 00 00 01 00 00 10 03 07 0D 00 00 1C 4D 
00 FF FF 00 10 0D 22 93 00 00 01 00 00 10 03 08 0D 00 00 10 42 
00 FF FF 00 10 0D 22 93 00 00 01 00 00 10 03 09 0D 00 00 13 48 
00 FF FF 00 10 0D 22 93 00 00 01 00 00 10 03 0A 0D 00 00 1C F1 
00 FF FF 00 10 0D 22 93 00 00 01 00 00 10 03 0B 0D 00 00 0D 44 
00 FF FF 00 10 0D 22 93 00 00 01 00 00 10 03 0C 0D 00 00 25 35 
00 FF FF 00 10 0D 22 93 00 00 01 00 00 10 03 0D 0D 00 00 0F 05 
00 FF FF 00 10 0D 22 93 00 00 01 00 00 10 03 0E 0D 00 00 18 EA 
00 FF FF 00 10 0D 22 93 00 00 01 00 00 10 03 0F 0D 00 00 09 D8 
00 FF FF 00 10 0D 22 93 00 00 01 00 00 10 03 10 0D 00 00 18 BE 
00 FF FF 00 10 0D 22 93 00 00 01 00 00 10 03 11 0D 00 00 17 BD 
00 FF FF 00 10 0D 22 93 00 00 01 00 00 10 03 12 0D 00 00 10 A8 
00 FF FF 00 10 0D 22 93 00 00 01 00 00 10 03 13 0D 00 00 08 83 
00 FF FF 00 10 0D 22 93 00 00 01 00 00 10 03 14 0D 00 00 0E 93 
00 FF FF 00 10 0D 22 93 00 00 01 00 00 10 03 15 0D 00 00 2D A1 
00 FF FF 00 10 0D 22 93 00 00 01 00 00 10 03 16 0D 00 00 09 CB 
00 FF FF 00 10 0D 22 93 00 00 01 00 00 10 03 17 0D 00 00 22 85 
