00 FF FF 00 10 0D 22 93 00 00 01 00 00 10 03 D1 0D 00 00 03 E9 
00 FF FF 00 10 0D 22 93 00 00 01 00 00 10 03 D2 0D 00 00 02 45 
00 FF FF 00 10 0D 22 93 00 00 01 00 00 10 03 D4 0D 00 00 03 A6 
00 FF FF 00 10 0D 22 93 00 00 01 00 00 10 03 D6 0D 00 00 05 F6 
00 FF FF 00 10 0D 22 93 00 00 01 00 00 10 03 D7 0D 00 00 04 57 
00 FF FF 00 10 0D 22 93 00 00 01 00 00 10 03 D9 0D 00 00 05 91 
00 FF FF 00 10 0D 22 93 00 00 01 00 00 10 00 2F 0D 00 00 14 E2 
00 FF FF 00 10 0D 22 93 00 00 01 00 00 10 00 30 0D 00 00 0E 0F 
00 FF FF 00 10 0D 22 93 00 00 01 00 00 10 00 31 0D 00 00 13 E1 
00 FF FF 00 10 0D 22 93 00 00 01 00 00 10 00 32 0D 00 00 1D 81 
00 FF FF 00 10 0D 22 93 00 00 01 00 00 10 00 33 0D 00 00 0F 52 
00 FF FF 00 10 0D 22 93 00 00 01 00 00 10 00 34 0D 00 00 18 1C 
00 FF FF 00 10 0D 22 93 00 00 01 00 00 10 00 35 0D 00 00 0F 74 
00 FF FF 00 10 0D 22 93 00 00 01 00 00 10 00 36 0D 00 00 02 1E 
00 FF FF 00 10 0D 22 93 00 00 01 00 00 10 00 37 0D 00 00 15 3E 
00 FF FF 00 10 0D 22 93 00 00 01 00 00 10 00 38 0D 00 00 14 88 
00 FF FF 00 10 0D 22 93 00 00 01 00 00 10 00 39 0D 00 00 13 E1 
00 FF FF 00 10 0D 22 93 00 00 01 00 00 10 00 3A 0D 00 00 14 F4 
00 FF FF 00 10 0D 22 93 00 00 01 00 00 10 00 3B 0D 00 00 17 72 
00 FF FF 00 10 0D 22 93 00 00 01 00 00 10 00 3C 0D 00 00 0D F7 
00 FF FF 00 10 0D 22 93 00 00 01 00 00 10 00 3D 0D 00 00 14 A2 
00 FF FF 00 10 0D 22 93 00 00 01 00 00 10 00 3E 0D 00 00 11 9E 
00 FF FF 00 10 0D 22 93 00 00 01 00 00 10 00 3F 0D 00 00 0A 74 
00 FF FF 00 10 0D 22 93 00 00 01 00 00 10 00 40 0D 00 00 20 4A 
00 FF FF 00 10 0D 22 93 00 00 01 00 00 10 00 41 0D 00 00 14 FC 
00 FF FF 00 10 0D 22 93 00 00 01 00 00 10 00 42 0D 00 00 15 70 
00 FF FF 00 10 0D 22 93 00 00 01 00 00 10 00 43 0D 00 00 13 24 
00 FF FF 00 10 0D 22 93 00 00 01 00 00 10 00 44 0D 00 00 12 CC 
00 FF FF 00 10 0D 22 93 00 00 01 00 00 10 00 45 0D 00 00 0F 3D 
00 FF FF 00 10 0D 22 93 00 00 01 00 00 10 00 46 0D 00 00 13 3B 
00 FF FF 00 10 0D 22 93 00 00 01 00 00 10 00 47 0D 00 00 12 4F 
00 FF FF 00 10 0D 22 93 00 00 01 00 00 10 00 48 0D 00 00 13 DB 
00 FF FF 00 10 0D 22 93 00 00 01 00 00 10 00 49 0D 00 00 25 29 
00 FF FF 00 10 0D 22 93 00 00 01 00 00 10 00 4A 0D 00 00 15 9C 
00 FF FF 00 10 0D 22 93 00 00 01 00 00 10 00 4B 0D 00 00 16 B6 
00 FF FF 00 10 0D 22 93 00 00 01 00 00 10 00 4C 0D 00 00 11 F1 
00 FF FF 00 10 0D 22 93 00 00 01 00 00 10 00 4D 0D 00 00 13 5F 
00 FF FF 00 10 0D 22 93 00 00 01 00 00 10 00 4E 0D 00 00 0F 78 
00 FF FF 00 10 0D 22 93 00 00 01 00 00 10 00 4F 0D 00 00 04 E0 
00 FF FF 00 10 0D 22 93 00 00 01 00 00 10 00 50 0D 00 00 13 57 
00 FF FF 00 10 0D 22 93 00 00 01 00 00 10 00 51 0D 00 00 0E 36 
00 FF FF 00 10 0D 22 93 00 00 01 00 00 10 00 52 0D 00 00 1C CB 
00 FF FF 00 10 0D 22 93 00 00 01 00 00 10 00 53 0D 00 00 16 8F 
00 FF FF 00 10 0D 22 93 00 00 01 00 00 10 00 54 0D 00 00 16 9B 
00 FF FF 00 10 0D 22 93 00 00 01 00 00 10 00 55 0D 00 00 10 1A 
00 FF FF 00 10 0D 22 93 00 00 01 00 00 10 00 56 0D 00 00 10 F3 
00 FF FF 00 10 0D 22 93 00 00 01 00 00 10 00 57 0D 00 00 12 22 
00 FF FF 00 10 0D 22 93 00 00 01 00 00 10 00 58 0D 00 00 18 B9 
00 FF FF 00 10 0D 22 93 00 00 01 00 00 10 00 59 0D 00 00 14 0F 
00 FF FF 00 10 0D 22 93 00 00 01 00 00 10 00 5A 0D 00 00 0F AF 
00 FF FF 00 10 0D 22 93 00 00 01 00 00 10 00 5B 0D 00 00 21 51 
00 FF FF 00 10 0D 22 93 00 00 01 00 00 10 00 5C 0D 00 00 18 27 
00 FF FF 00 10 0D 22 93 00 00 01 00 00 10 00 5D 0D 00 00 1C FA 
00 FF FF 00 10 0D 22 93 00 00 01 00 00 10 00 5E 0D 00 00 0F EC 
00 FF FF 00 10 0D 22 93 00 00 01 00 00 10 00 5F 0D 00 00 0E EB 
00 FF FF 00 10 0D 22 93 00 00 01 00 00 10 00 60 0D 00 00 14 32 
00 FF FF 00 10 0D 22 93 00 00 01 00 00 10 00 61 0D 00 00 15 15 
00 FF FF 00 10 0D 22 93 00 00 01 00 00 10 00 62 0D 00 00 13 8C 
00 FF FF 00 10 0D 22 93 00 00 01 00 00 10 00 63 0D 00 00 16 3F 
00 FF FF 00 10 0D 22 93 00 00 01 00 00 10 00 64 0D 00 00 25 BB 
00 FF FF 00 10 0D 22 93 00 00 01 00 00 10 00 65 0D 00 00 17 57 
00 FF FF 00 10 0D 22 93 00 00 01 00 00 10 00 66 0D 00 00 3B 1D 
00 FF FF 00 10 0D 22 93 00 00 01 00 00 10 00 67 0D 00 00 0D 43 
00 FF FF 00 10 0D 22 93 00 00 01 00 00 10 00 68 0D 00 00 0F DB 
00 FF FF 00 10 0D 22 93 00 00 01 00 00 10 00 69 0D 00 00 14 35 
00 FF FF 00 10 0D 22 93 00 00 01 00 00 10 00 6A 0D 00 00 17 34 
00 FF FF 00 10 0D 22 93 00 00 01 00 00 10 00 6B 0D 00 00 21 1F 
00 FF FF 00 10 0D 22 93 00 00 01 00 00 10 00 6C 0D 00 00 13 21 
00 FF FF 00 10 0D 22 93 00 00 01 00 00 10 00 6D 0D 00 00 2B AE 
00 FF FF 00 10 0D 22 93 00 00 01 00 00 10 00 6E 0D 00 00 15 02 
00 FF FF 00 10 0D 22 93 00 00 01 00 00 10 00 6F 0D 00 00 1C A9 
00 FF FF 00 10 0D 22 93 00 00 01 00 00 10 00 70 0D 00 00 0C B4 
00 FF FF 00 10 0D 22 93 00 00 01 00 00 10 00 71 0D 00 00 2B 2A 
00 FF FF 00 10 0D 22 93 00 00 01 00 00 10 00 72 0D 00 00 16 8E 
00 FF FF 00 10 0D 22 93 00 00 01 00 00 10 00 73 0D 00 00 1E 1A 
00 FF FF 00 10 0D 22 93 00 00 01 00 00 10 00 74 0D 00 00 23 02 
00 FF FF 00 10 0D 22 93 00 00 01 00 00 10 00 75 0D 00 00 0D AF 
00 FF FF 00 10 0D 22 93 00 00 01 00 00 10 00 76 0D 00 00 27 71 
00 FF FF 00 10 0D 22 93 00 00 01 00 00 10 00 77 0D 00 00 13 08 
00 FF FF 00 10 0D 22 93 00 00 01 00 00 10 00 78 0D 00 00 1A 85 
00 FF FF 00 10 0D 22 93 00 00 01 00 00 10 00 79 0D 00 00 02 5A 
00 FF FF 00 10 0D 22 93 00 00 01 00 00 10 00 7A 0D 00 00 1B 41 
00 FF FF 00 10 0D 22 93 00 00 01 00 00 10 00 7B 0D 00 00 04 84 
00 FF FF 00 10 0D 22 93 00 00 01 00 00 10 00 7C 0D 00 00 0A 3F 
00 FF FF 00 10 0D 22 93 00 00 01 00 00 10 00 7D 0D 00 00 20 5D 
00 FF FF 00 10 0D 22 93 00 00 01 00 00 10 00 7E 0D 00 00 0E D4 
00 FF FF 00 10 0D 22 93 00 00 01 00 00 10 00 7F 0D 00 00 24 2D 
00 FF FF 00 10 0D 22 93 00 00 01 00 00 10 00 80 0D 00 00 10 17 
00 FF FF 00 10 0D 22 93 00 00 01 00 00 10 00 81 0D 00 00 18 AA 
00 FF FF 00 10 0D 22 93 00 00 01 00 00 10 00 82 0D 00 00 0B BE 
00 FF FF 00 10 0D 22 93 00 00 01 00 00 10 00 83 0D 00 00 1D D9 
00 FF FF 00 10 0D 22 93 00 00 01 00 00 10 00 84 0D 00 00 11 2F 
00 FF FF 00 10 0D 22 93 00 00 01 00 00 10 00 85 0D 00 00 20 AD 
00 FF FF 00 10 0D 22 93 00 00 01 00 00 10 00 86 0D 00 00 29 87 
00 FF FF 00 10 0D 22 93 00 00 01 00 00 10 00 87 0D 00 00 0F B7 
00 FF FF 00 10 0D 22 93 00 00 01 00 00 10 00 88 0D 00 00 2F 45 
00 FF FF 00 10 0D 22 93 00 00 01 00 00 10 00 89 0D 00 00 0E EF 
00 FF FF 00 10 0D 22 93 00 00 01 00 00 10 00 8A 0D 00 00 19 41 
00 FF FF 00 10 0D 22 93 00 00 01 00 00 10 00 8B 0D 00 00 0D 50 
00 FF FF 00 10 0D 22 93 00 00 01 00 00 10 00 8C 0D 00 00 1A A6 
00 FF FF 00 10 0D 22 93 00 00 01 00 00 10 00 8D 0D 00 00 0F D1 
00 FF FF 00 10 0D 22 93 00 00 01 00 00 10 00 8E 0D 00 00 20 CD 
00 FF FF 00 10 0D 22 93 00 00 01 00 00 10 00 8F 0D 00 00 03 90 
00 FF FF 00 10 0D 22 93 00 00 01 00 00 10 00 90 0D 00 00 0B AB 
00 FF FF 00 10 0D 22 93 00 00 01 00 00 10 00 91 0D 00 00 16 57 
00 FF FF 00 10 0D 22 93 00 00 01 00 00 10 00 92 0D 00 00 0F 19 
00 FF FF 00 10 0D 22 93 00 00 01 00 00 10 00 93 0D 00 00 32 8A 
00 FF FF 00 10 0D 22 93 00 00 01 00 00 10 00 94 0D 00 00 05 99 
00 FF FF 00 10 0D 22 93 00 00 01 00 00 10 00 95 0D 00 00 31 41 
00 FF FF 00 10 0D 22 93 00 00 01 00 00 10 00 96 0D 00 00 11 4D 
00 FF FF 00 10 0D 22 93 00 00 01 00 00 10 00 97 0D 00 00 27 8E 
00 FF FF 00 10 0D 22 93 00 00 01 00 00 10 00 98 0D 00 00 25 72 
00 FF FF 00 10 0D 22 93 00 00 01 00 00 10 00 99 0D 00 00 17 1B 
00 FF FF 00 10 0D 22 93 00 00 01 00 00 10 00 9A 0D 00 00 2E CA 
00 FF FF 00 10 0D 22 93 00 00 01 00 00 10 00 9B 0D 00 00 0C AF 
00 FF FF 00 10 0D 22 93 00 00 01 00 00 10 00 9C 0D 00 00 34 F4 
00 FF FF 00 10 0D 22 93 00 00 01 00 00 10 00 9D 0D 00 00 18 8E 
00 FF FF 00 10 0D 22 93 00 00 01 00 00 10 00 9E 0D 00 00 29 C5 
00 FF FF 00 10 0D 22 93 00 00 01 00 00 10 00 9F 0D 00 00 11 1F 
00 FF FF 00 10 0D 22 93 00 00 01 00 00 10 00 A0 0D 00 00 0A 77 
00 FF FF 00 10 0D 22 93 00 00 01 00 00 10 00 A1 0D 00 00 20 1E 
00 FF FF 00 10 0D 22 93 00 00 01 00 00 10 00 A2 0D 00 00 17 DF 
00 FF FF 00 10 0D 22 93 00 00 01 00 00 10 00 A3 0D 00 00 2B F3 
00 FF FF 00 10 0D 22 93 00 00 01 00 00 10 00 A4 0D 00 00 0D 07 
00 FF FF 00 10 0D 22 93 00 00 01 00 00 10 00 A5 0D 00 00 35 89 
00 FF FF 00 10 0D 22 93 00 00 01 00 00 10 00 A6 0D 00 00 16 1C 
00 FF FF 00 10 0D 22 93 00 00 01 00 00 10 00 A7 0D 00 00 31 0E 
00 FF FF 00 10 0D 22 93 00 00 01 00 00 10 00 A8 0D 00 00 11 7C 
00 FF FF 00 10 0D 22 93 00 00 01 00 00 10 00 A9 0D 00 00 22 5A 
00 FF FF 00 10 0D 22 93 00 00 01 00 00 10 00 AA 0D 00 00 1C EA 
00 FF FF 00 10 0D 22 93 00 00 01 00 00 10 00 AB 0D 00 00 15 BA 
00 FF FF 00 10 0D 22 93 00 00 01 00 00 10 00 AC 0D 00 00 24 F9 
00 FF FF 00 10 0D 22 93 00 00 01 00 00 10 00 AD 0D 00 00 0D F0 
00 FF FF 00 10 0D 22 93 00 00 01 00 00 10 00 AE 0D 00 00 18 C8 
00 FF FF 00 10 0D 22 93 00 00 01 00 00 10 00 AF 0D 00 00 1D AC 
00 FF FF 00 10 0D 22 93 00 00 01 00 00 10 00 B0 0D 00 00 2B 2A 
00 FF FF 00 10 0D 22 93 00 00 01 00 00 10 00 B1 0D 00 00 17 5C 
00 FF FF 00 10 0D 22 93 00 00 01 00 00 10 00 B2 0D 00 00 1E FF 
00 FF FF 00 10 0D 22 93 00 00 01 00 00 10 00 B3 0D 00 00 10 BB 
00 FF FF 00 10 0D 22 93 00 00 01 00 00 10 00 B4 0D 00 00 15 C2 
00 FF FF 00 10 0D 22 93 00 00 01 00 00 10 00 B5 0D 00 00 1E 56 
00 FF FF 00 10 0D 22 93 00 00 01 00 00 10 00 B6 0D 00 00 16 38 
00 FF FF 00 10 0D 22 93 00 00 01 00 00 10 00 B7 0D 00 00 2A 93 
00 FF FF 00 10 0D 22 93 00 00 01 00 00 10 00 B8 0D 00 00 16 F0 
00 FF FF 00 10 0D 22 93 00 00 01 00 00 10 00 B9 0D 00 00 28 C5 
00 FF FF 00 10 0D 22 93 00 00 01 00 00 10 00 BA 0D 00 00 1D 14 
00 FF FF 00 10 0D 22 93 00 00 01 00 00 10 00 BB 0D 00 00 1C 21 
00 FF FF 00 10 0D 22 93 00 00 01 00 00 10 00 BC 0D 00 00 16 76 
00 FF FF 00 10 0D 22 93 00 00 01 00 00 10 00 BD 0D 00 00 14 4E 
00 FF FF 00 10 0D 22 93 00 00 01 00 00 10 00 BE 0D 00 00 1A 42 
00 FF FF 00 10 0D 22 93 00 00 01 00 00 10 00 BF 0D 00 00 13 A1 
00 FF FF 00 10 0D 22 93 00 00 01 00 00 10 00 C0 0D 00 00 23 1D 
00 FF FF 00 10 0D 22 93 00 00 01 00 00 10 00 C1 0D 00 00 10 37 
00 FF FF 00 10 0D 22 93 00 00 01 00 00 10 00 C2 0D 00 00 28 D9 
00 FF FF 00 10 0D 22 93 00 00 01 00 00 10 00 C3 0D 00 00 1F 74 
00 FF FF 00 10 0D 22 93 00 00 01 00 00 10 00 C4 0D 00 00 1A 85 
00 FF FF 00 10 0D 22 93 00 00 01 00 00 10 00 C5 0D 00 00 11 30 
00 FF FF 00 10 0D 22 93 00 00 01 00 00 10 00 C6 0D 00 00 13 73 
00 FF FF 00 10 0D 22 93 00 00 01 00 00 10 00 C7 0D 00 00 19 16 
00 FF FF 00 10 0D 22 93 00 00 01 00 00 10 00 C8 0D 00 00 0E D0 
00 FF FF 00 10 0D 22 93 00 00 01 00 00 10 00 C9 0D 00 00 1C 06 
00 FF FF 00 10 0D 22 93 00 00 01 00 00 10 00 CA 0D 00 00 1F 73 
00 FF FF 00 10 0D 22 93 00 00 01 00 00 10 00 CB 0D 00 00 17 9A 
00 FF FF 00 10 0D 22 93 00 00 01 00 00 10 00 CC 0D 00 00 31 3A 
00 FF FF 00 10 0D 22 93 00 00 01 00 00 10 00 CD 0D 00 00 17 CB 
00 FF FF 00 10 0D 22 93 00 00 01 00 00 10 00 CE 0D 00 00 1E F1 
00 FF FF 00 10 0D 22 93 00 00 01 00 00 10 00 CF 0D 00 00 11 2E 
00 FF FF 00 10 0D 22 93 00 00 01 00 00 10 00 D0 0D 00 00 15 E4 
00 FF FF 00 10 0D 22 93 00 00 01 00 00 10 00 D1 0D 00 00 1A 3E 
00 FF FF 00 10 0D 22 93 00 00 01 00 00 10 00 D2 0D 00 00 18 E4 
00 FF FF 00 10 0D 22 93 00 00 01 00 00 10 00 D3 0D 00 00 16 9D 
00 FF FF 00 10 0D 22 93 00 00 01 00 00 10 00 D4 0D 00 00 1D 8F 
00 FF FF 00 10 0D 22 93 00 00 01 00 00 10 00 D5 0D 00 00 35 AA 
00 FF FF 00 10 0D 22 93 00 00 01 00 00 10 00 D6 0D 00 00 14 73 
00 FF FF 00 10 0D 22 93 00 00 01 00 00 10 00 D7 0D 00 00 29 EC 
00 FF FF 00 10 0D 22 93 00 00 01 00 00 10 00 D8 0D 00 00 0F 2B 
00 FF FF 00 10 0D 22 93 00 00 01 00 00 10 00 D9 0D 00 00 16 DB 
00 FF FF 00 10 0D 22 93 00 00 01 00 00 10 00 DA 0D 00 00 19 21 
00 FF FF 00 10 0D 22 93 00 00 01 00 00 10 00 DB 0D 00 00 15 B6 
00 FF FF 00 10 0D 22 93 00 00 01 00 00 10 00 DC 0D 00 00 30 4E 
00 FF FF 00 10 0D 22 93 00 00 01 00 00 10 00 DD 0D 00 00 1A 53 
00 FF FF 00 10 0D 22 93 00 00 01 00 00 10 00 DE 0D 00 00 2E D4 
00 FF FF 00 10 0D 22 93 00 00 01 00 00 10 00 DF 0D 00 00 14 10 
00 FF FF 00 10 0D 22 93 00 00 01 00 00 10 00 E0 0D 00 00 28 CE 
00 FF FF 00 10 0D 22 93 00 00 01 00 00 10 00 E1 0D 00 00 12 07 
00 FF FF 00 10 0D 22 93 00 00 01 00 00 10 00 E2 0D 00 00 1D 23 
00 FF FF 00 10 0D 22 93 00 00 01 00 00 10 00 E3 0D 00 00 17 07 
00 FF FF 00 10 0D 22 93 00 00 01 00 00 10 00 E4 0D 00 00 16 FC 
00 FF FF 00 10 0D 22 93 00 00 01 00 00 10 00 E5 0D 00 00 2D 3B 
00 FF FF 00 10 0D 22 93 00 00 01 00 00 10 00 E6 0D 00 00 13 A0 
00 FF FF 00 10 0D 22 93 00 00 01 00 00 10 00 E7 0D 00 00 2D 74 
00 FF FF 00 10 0D 22 93 00 00 01 00 00 10 00 E8 0D 00 00 08 C3 
00 FF FF 00 10 0D 22 93 00 00 01 00 00 10 00 E9 0D 00 00 30 44 
00 FF FF 00 10 0D 22 93 00 00 01 00 00 10 00 EA 0D 00 00 0D 93 
00 FF FF 00 10 0D 22 93 00 00 01 00 00 10 00 EB 0D 00 00 23 92 
00 FF FF 00 10 0D 22 93 00 00 01 00 00 10 00 EC 0D 00 00 21 B6 
00 FF FF 00 10 0D 22 93 00 00 01 00 00 10 00 ED 0D 00 00 11 DB 
00 FF FF 00 10 0D 22 93 00 00 01 00 00 10 00 EE 0D 00 00 2E 21 
00 FF FF 00 10 0D 22 93 00 00 01 00 00 10 00 EF 0D 00 00 02 B1 
00 FF FF 00 10 0D 22 93 00 00 01 00 00 10 00 F0 0D 00 00 2D 74 
00 FF FF 00 10 0D 22 93 00 00 01 00 00 10 00 F1 0D 00 00 0F 3E 
00 FF FF 00 10 0D 22 93 00 00 01 00 00 10 00 F2 0D 00 00 34 22 
00 FF FF 00 10 0D 22 93 00 00 01 00 00 10 00 F3 0D 00 00 0D 0C 
00 FF FF 00 10 0D 22 93 00 00 01 00 00 10 00 F4 0D 00 00 26 9E 
00 FF FF 00 10 0D 22 93 00 00 01 00 00 10 00 F5 0D 00 00 17 02 
00 FF FF 00 10 0D 22 93 00 00 01 00 00 10 00 F6 0D 00 00 07 EC 
00 FF FF 00 10 0D 22 93 00 00 01 00 00 10 00 F7 0D 00 00 2D 28 
00 FF FF 00 10 0D 22 93 00 00 01 00 00 10 00 F8 0D 00 00 0C 9F 
00 FF FF 00 10 0D 22 93 00 00 01 00 00 10 00 F9 0D 00 00 36 A4 
00 FF FF 00 10 0D 22 93 00 00 01 00 00 10 00 FA 0D 00 00 0F 53 
00 FF FF 00 10 0D 22 93 00 00 01 00 00 10 00 FB 0D 00 00 38 64 
00 FF FF 00 10 0D 22 93 00 00 01 00 00 10 00 FC 0D 00 00 09 D8 
00 FF FF 00 10 0D 22 93 00 00 01 00 00 10 00 FD 0D 00 00 28 6C 
00 FF FF 00 10 0D 22 93 00 00 01 00 00 10 00 FE 0D 00 00 1D DC 
00 FF FF 00 10 0D 22 93 00 00 01 00 00 10 00 FF 0D 00 00 16 A6 
00 FF FF 00 10 0D 22 93 00 00 01 00 00 10 01 00 0D 00 00 27 3D 
00 FF FF 00 10 0D 22 93 00 00 01 00 00 10 01 01 0D 00 00 0B 33 
00 FF FF 00 10 0D 22 93 00 00 01 00 00 10 01 02 0D 00 00 39 4A 
00 FF FF 00 10 0D 22 93 00 00 01 00 00 10 01 03 0D 00 00 0F 37 
00 FF FF 00 10 0D 22 93 00 00 01 00 00 10 01 04 0D 00 00 39 4A 
00 FF FF 00 10 0D 22 93 00 00 01 00 00 10 01 05 0D 00 00 0A 0F 
00 FF FF 00 10 0D 22 93 00 00 01 00 00 10 01 06 0D 00 00 2B 5C 
00 FF FF 00 10 0D 22 93 00 00 01 00 00 10 01 07 0D 00 00 18 2E 
00 FF FF 00 10 0D 22 93 00 00 01 00 00 10 01 08 0D 00 00 16 07 
00 FF FF 00 10 0D 22 93 00 00 01 00 00 10 01 09 0D 00 00 37 6A 
00 FF FF 00 10 0D 22 93 00 00 01 00 00 10 01 0A 0D 00 00 09 62 
00 FF FF 00 10 0D 22 93 00 00 01 00 00 10 01 0B 0D 00 00 0E 7B 
00 FF FF 00 10 0D 22 93 00 00 01 00 00 10 01 0C 0D 00 00 0C 00 
00 FF FF 00 10 0D 22 93 00 00 01 00 00 10 01 0D 0D 00 00 34 B0 
00 FF FF 00 10 0D 22 93 00 00 01 00 00 10 01 0E 0D 00 00 0B BD 
00 FF FF 00 10 0D 22 93 00 00 01 00 00 10 01 0F 0D 00 00 0A 15 
00 FF FF 00 10 0D 22 93 00 00 01 00 00 10 01 10 0D 00 00 16 6D 
00 FF FF 00 10 0D 22 93 00 00 01 00 00 10 01 11 0D 00 00 16 C3 
00 FF FF 00 10 0D 22 93 00 00 01 00 00 10 01 12 0D 00 00 2B 49 
00 FF FF 00 10 0D 22 93 00 00 01 00 00 10 01 13 0D 00 00 0A EA 
00 FF FF 00 10 0D 22 93 00 00 01 00 00 10 01 14 0D 00 00 39 35 
00 FF FF 00 10 0D 22 93 00 00 01 00 00 10 01 15 0D 00 00 0D 8E 
00 FF FF 00 10 0D 22 93 00 00 01 00 00 10 01 16 0D 00 00 1F 2E 
00 FF FF 00 10 0D 22 93 00 00 01 00 00 10 01 17 0D 00 00 12 92 
00 FF FF 00 10 0D 22 93 00 00 01 00 00 10 01 18 0D 00 00 23 FE 
00 FF FF 00 10 0D 22 93 00 00 01 00 00 10 01 19 0D 00 00 12 F7 
00 FF FF 00 10 0D 22 93 00 00 01 00 00 10 01 1A 0D 00 00 0F A7 
00 FF FF 00 10 0D 22 93 00 00 01 00 00 10 01 1B 0D 00 00 0D 2A 
00 FF FF 00 10 0D 22 93 00 00 01 00 00 10 01 1C 0D 00 00 0B D4 
00 FF FF 00 10 0D 22 93 00 00 01 00 00 10 01 1D 0D 00 00 31 34 
00 FF FF 00 10 0D 22 93 00 00 01 00 00 10 01 1E 0D 00 00 11 52 
00 FF FF 00 10 0D 22 93 00 00 01 00 00 10 01 1F 0D 00 00 14 E7 
00 FF FF 00 10 0D 22 93 00 00 01 00 00 10 01 20 0D 00 00 13 2E 
00 FF FF 00 10 0D 22 93 00 00 01 00 00 10 01 21 0D 00 00 22 1D 
00 FF FF 00 10 0D 22 93 00 00 01 00 00 10 01 22 0D 00 00 0A EB 
00 FF FF 00 10 0D 22 93 00 00 01 00 00 10 01 23 0D 00 00 14 86 
00 FF FF 00 10 0D 22 93 00 00 01 00 00 10 01 24 0D 00 00 1E C4 
00 FF FF 00 10 0D 22 93 00 00 01 00 00 10 01 25 0D 00 00 0D B7 
00 FF FF 00 10 0D 22 93 00 00 01 00 00 10 01 26 0D 00 00 0B A0 
00 FF FF 00 10 0D 22 93 00 00 01 00 00 10 01 27 0D 00 00 11 D3 
00 FF FF 00 10 0D 22 93 00 00 01 00 00 10 01 28 0D 00 00 2A 8E 
00 FF FF 00 10 0D 22 93 00 00 01 00 00 10 01 29 0D 00 00 1C 96 
00 FF FF 00 10 0D 22 93 00 00 01 00 00 10 01 2A 0D 00 00 1F 26 
00 FF FF 00 10 0D 22 93 00 00 01 00 00 10 01 2B 0D 00 00 16 4F 
00 FF FF 00 10 0D 22 93 00 00 01 00 00 10 01 2C 0D 00 00 11 06 
00 FF FF 00 10 0D 22 93 00 00 01 00 00 10 01 2D 0D 00 00 1B BE 
00 FF FF 00 10 0D 22 93 00 00 01 00 00 10 01 2E 0D 00 00 0D A4 
00 FF FF 00 10 0D 22 93 00 00 01 00 00 10 01 2F 0D 00 00 14 D9 
00 FF FF 00 10 0D 22 93 00 00 01 00 00 10 01 30 0D 00 00 11 2A 
00 FF FF 00 10 0D 22 93 00 00 01 00 00 10 01 31 0D 00 00 24 78 
00 FF FF 00 10 0D 22 93 00 00 01 00 00 10 01 32 0D 00 00 22 78 
00 FF FF 00 10 0D 22 93 00 00 01 00 00 10 01 33 0D 00 00 1B 24 
00 FF FF 00 10 0D 22 93 00 00 01 00 00 10 01 34 0D 00 00 1E 14 
00 FF FF 00 10 0D 22 93 00 00 01 00 00 10 01 35 0D 00 00 10 77 
00 FF FF 00 10 0D 22 93 00 00 01 00 00 10 01 36 0D 00 00 17 5E 
00 FF FF 00 10 0D 22 93 00 00 01 00 00 10 01 37 0D 00 00 0C 8B 
00 FF FF 00 10 0D 22 93 00 00 01 00 00 10 01 38 0D 00 00 07 14 
00 FF FF 00 10 0D 22 93 00 00 01 00 00 10 01 39 0D 00 00 12 CB 
00 FF FF 00 10 0D 22 93 00 00 01 00 00 10 01 3A 0D 00 00 23 3A 
00 FF FF 00 10 0D 22 93 00 00 01 00 00 10 01 3B 0D 00 00 0F B2 
00 FF FF 00 10 0D 22 93 00 00 01 00 00 10 01 3C 0D 00 00 14 FC 
00 FF FF 00 10 0D 22 93 00 00 01 00 00 10 01 3D 0D 00 00 1B EE 
00 FF FF 00 10 0D 22 93 00 00 01 00 00 10 01 3E 0D 00 00 0E D4 
00 FF FF 00 10 0D 22 93 00 00 01 00 00 10 01 3F 0D 00 00 13 A9 
00 FF FF 00 10 0D 22 93 00 00 01 00 00 10 01 40 0D 00 00 0B 75 
00 FF FF 00 10 0D 22 93 00 00 01 00 00 10 01 41 0D 00 00 0F 6F 
00 FF FF 00 10 0D 22 93 00 00 01 00 00 10 01 42 0D 00 00 17 8B 
00 FF FF 00 10 0D 22 93 00 00 01 00 00 10 01 43 0D 00 00 1E 6B 
00 FF FF 00 10 0D 22 93 00 00 01 00 00 10 01 44 0D 00 00 26 0F 
00 FF FF 00 10 0D 22 93 00 00 01 00 00 10 01 45 0D 00 00 13 C6 
00 FF FF 00 10 0D 22 93 00 00 01 00 00 10 01 46 0D 00 00 21 B6 
00 FF FF 00 10 0D 22 93 00 00 01 00 00 10 01 47 0D 00 00 0E B1 
00 FF FF 00 10 0D 22 93 00 00 01 00 00 10 01 48 0D 00 00 1D 82 
00 FF FF 00 10 0D 22 93 00 00 01 00 00 10 01 49 0D 00 00 0F 90 
00 FF FF 00 10 0D 22 93 00 00 01 00 00 10 01 4A 0D 00 00 16 22 
00 FF FF 00 10 0D 22 93 00 00 01 00 00 10 01 4B 0D 00 00 14 0B 
00 FF FF 00 10 0D 22 93 00 00 01 00 00 10 01 4C 0D 00 00 1C 87 
00 FF FF 00 10 0D 22 93 00 00 01 00 00 10 01 4D 0D 00 00 27 2A 
00 FF FF 00 10 0D 22 93 00 00 01 00 00 10 01 4E 0D 00 00 0F 9E 
00 FF FF 00 10 0D 22 93 00 00 01 00 00 10 01 4F 0D 00 00 26 22 
00 FF FF 00 10 0D 22 93 00 00 01 00 00 10 01 50 0D 00 00 0E 7A 
00 FF FF 00 10 0D 22 93 00 00 01 00 00 10 01 51 0D 00 00 1F 51 
00 FF FF 00 10 0D 22 93 00 00 01 00 00 10 01 52 0D 00 00 0F EA 
00 FF FF 00 10 0D 22 93 00 00 01 00 00 10 01 53 0D 00 00 14 03 
00 FF FF 00 10 0D 22 93 00 00 01 00 00 10 01 54 0D 00 00 1E E1 
00 FF FF 00 10 0D 22 93 00 00 01 00 00 10 01 55 0D 00 00 16 DA 
00 FF FF 00 10 0D 22 93 00 00 01 00 00 10 01 56 0D 00 00 22 F1 
00 FF FF 00 10 0D 22 93 00 00 01 00 00 10 01 57 0D 00 00 0E D6 
00 FF FF 00 10 0D 22 93 00 00 01 00 00 10 01 58 0D 00 00 2B F9 
00 FF FF 00 10 0D 22 93 00 00 01 00 00 10 01 59 0D 00 00 06 EC 
00 FF FF 00 10 0D 22 93 00 00 01 00 00 10 01 5A 0D 00 00 22 FC 
00 FF FF 00 10 0D 22 93 00 00 01 00 00 10 01 5B 0D 00 00 16 27 
00 FF FF 00 10 0D 22 93 00 00 01 00 00 10 01 5C 0D 00 00 12 03 
00 FF FF 00 10 0D 22 93 00 00 01 00 00 10 01 5D 0D 00 00 14 6A 
00 FF FF 00 10 0D 22 93 00 00 01 00 00 10 01 5E 0D 00 00 13 81 
00 FF FF 00 10 0D 22 93 00 00 01 00 00 10 01 5F 0D 00 00 2B 99 
00 FF FF 00 10 0D 22 93 00 00 01 00 00 10 01 60 0D 00 00 0D 33 
00 FF FF 00 10 0D 22 93 00 00 01 00 00 10 01 61 0D 00 00 34 22 
00 FF FF 00 10 0D 22 93 00 00 01 00 00 10 01 62 0D 00 00 03 0D 
00 FF FF 00 10 0D 22 93 00 00 01 00 00 10 01 63 0D 00 00 25 D8 
00 FF FF 00 10 0D 22 93 00 00 01 00 00 10 01 64 0D 00 00 0E A6 
00 FF FF 00 10 0D 22 93 00 00 01 00 00 10 01 65 0D 00 00 11 9E 
00 FF FF 00 10 0D 22 93 00 00 01 00 00 10 01 66 0D 00 00 0F 94 
00 FF FF 00 10 0D 22 93 00 00 01 00 00 10 01 67 0D 00 00 11 FA 
00 FF FF 00 10 0D 22 93 00 00 01 00 00 10 01 68 0D 00 00 18 B5 
00 FF FF 00 10 0D 22 93 00 00 01 00 00 10 01 69 0D 00 00 09 84 
00 FF FF 00 10 0D 22 93 00 00 01 00 00 10 01 6A 0D 00 00 1C A9 
00 FF FF 00 10 0D 22 93 00 00 01 00 00 10 01 6B 0D 00 00 0C 45 
00 FF FF 00 10 0D 22 93 00 00 01 00 00 10 01 6C 0D 00 00 08 7F 
00 FF FF 00 10 0D 22 93 00 00 01 00 00 10 01 6D 0D 00 00 12 1F 
00 FF FF 00 10 0D 22 93 00 00 01 00 00 10 01 6E 0D 00 00 12 D3 
00 FF FF 00 10 0D 22 93 00 00 01 00 00 10 01 6F 0D 00 00 0C D1 
00 FF FF 00 10 0D 22 93 00 00 01 00 00 10 01 70 0D 00 00 10 00 
00 FF FF 00 10 0D 22 93 00 00 01 00 00 10 01 71 0D 00 00 18 A8 
00 FF FF 00 10 0D 22 93 00 00 01 00 00 10 01 72 0D 00 00 12 1A 
00 FF FF 00 10 0D 22 93 00 00 01 00 00 10 01 73 0D 00 00 23 61 
00 FF FF 00 10 0D 22 93 00 00 01 00 00 10 01 74 0D 00 00 0C D8 
00 FF FF 00 10 0D 22 93 00 00 01 00 00 10 01 75 0D 00 00 02 AF 
00 FF FF 00 10 0D 22 93 00 00 01 00 00 10 01 76 0D 00 00 0B EE 
00 FF FF 00 10 0D 22 93 00 00 01 00 00 10 01 77 0D 00 00 1A 11 
00 FF FF 00 10 0D 22 93 00 00 01 00 00 10 01 78 0D 00 00 0E 5D 
00 FF FF 00 10 0D 22 93 00 00 01 00 00 10 01 79 0D 00 00 0D 83 
00 FF FF 00 10 0D 22 93 00 00 01 00 00 10 01 7A 0D 00 00 1C 85 
00 FF FF 00 10 0D 22 93 00 00 01 00 00 10 01 7B 0D 00 00 0C 07 
00 FF FF 00 10 0D 22 93 00 00 01 00 00 10 01 7C 0D 00 00 17 0C 
00 FF FF 00 10 0D 22 93 00 00 01 00 00 10 01 7D 0D 00 00 10 18 
00 FF FF 00 10 0D 22 93 00 00 01 00 00 10 01 7E 0D 00 00 2B C6 
00 FF FF 00 10 0D 22 93 00 00 01 00 00 10 01 7F 0D 00 00 0E 5D 
00 FF FF 00 10 0D 22 93 00 00 01 00 00 10 01 80 0D 00 00 39 4A 
00 FF FF 00 10 0D 22 93 00 00 01 00 00 10 01 81 0D 00 00 0E C7 
00 FF FF 00 10 0D 22 93 00 00 01 00 00 10 01 82 0D 00 00 09 34 
00 FF FF 00 10 0D 22 93 00 00 01 00 00 10 01 83 0D 00 00 17 A1 
00 FF FF 00 10 0D 22 93 00 00 01 00 00 10 01 84 0D 00 00 0F 98 
00 FF FF 00 10 0D 22 93 00 00 01 00 00 10 01 85 0D 00 00 20 EE 
00 FF FF 00 10 0D 22 93 00 00 01 00 00 10 01 86 0D 00 00 0F 1E 
00 FF FF 00 10 0D 22 93 00 00 01 00 00 10 01 87 0D 00 00 25 73 
00 FF FF 00 10 0D 22 93 00 00 01 00 00 10 01 88 0D 00 00 0B DA 
00 FF FF 00 10 0D 22 93 00 00 01 00 00 10 01 89 0D 00 00 19 AA 
00 FF FF 00 10 0D 22 93 00 00 01 00 00 10 01 8A 0D 00 00 0C D3 
00 FF FF 00 10 0D 22 93 00 00 01 00 00 10 01 8B 0D 00 00 16 36 
00 FF FF 00 10 0D 22 93 00 00 01 00 00 10 01 8C 0D 00 00 1A 1B 
00 FF FF 00 10 0D 22 93 00 00 01 00 00 10 01 8D 0D 00 00 0F 1D 
00 FF FF 00 10 0D 22 93 00 00 01 00 00 10 01 8E 0D 00 00 29 C0 
00 FF FF 00 10 0D 22 93 00 00 01 00 00 10 01 8F 0D 00 00 0B 78 
00 FF FF 00 10 0D 22 93 00 00 01 00 00 10 01 90 0D 00 00 1D FA 
00 FF FF 00 10 0D 22 93 00 00 01 00 00 10 01 91 0D 00 00 10 C6 
00 FF FF 00 10 0D 22 93 00 00 01 00 00 10 01 92 0D 00 00 14 24 
00 FF FF 00 10 0D 22 93 00 00 01 00 00 10 01 93 0D 00 00 0A 17 
00 FF FF 00 10 0D 22 93 00 00 01 00 00 10 01 94 0D 00 00 16 16 
00 FF FF 00 10 0D 22 93 00 00 01 00 00 10 01 95 0D 00 00 19 14 
00 FF FF 00 10 0D 22 93 00 00 01 00 00 10 01 96 0D 00 00 12 34 
00 FF FF 00 10 0D 22 93 00 00 01 00 00 10 01 97 0D 00 00 28 31 
00 FF FF 00 10 0D 22 93 00 00 01 00 00 10 01 98 0D 00 00 0B 95 
00 FF FF 00 10 0D 22 93 00 00 01 00 00 10 01 99 0D 00 00 0C 1A 
00 FF FF 00 10 0D 22 93 00 00 01 00 00 10 01 9A 0D 00 00 0C 5C 
00 FF FF 00 10 0D 22 93 00 00 01 00 00 10 01 9B 0D 00 00 16 09 
00 FF FF 00 10 0D 22 93 00 00 01 00 00 10 01 9C 0D 00 00 0A B0 
00 FF FF 00 10 0D 22 93 00 00 01 00 00 10 01 9D 0D 00 00 13 C7 
00 FF FF 00 10 0D 22 93 00 00 01 00 00 10 01 9E 0D 00 00 0F E9 
00 FF FF 00 10 0D 22 93 00 00 01 00 00 10 01 9F 0D 00 00 13 45 
00 FF FF 00 10 0D 22 93 00 00 01 00 00 10 01 A0 0D 00 00 24 67 
00 FF FF 00 10 0D 22 93 00 00 01 00 00 10 01 A1 0D 00 00 0A EA 
00 FF FF 00 10 0D 22 93 00 00 01 00 00 10 01 A2 0D 00 00 17 F4 
00 FF FF 00 10 0D 22 93 00 00 01 00 00 10 01 A3 0D 00 00 0F A5 
00 FF FF 00 10 0D 22 93 00 00 01 00 00 10 01 A4 0D 00 00 17 23 
00 FF FF 00 10 0D 22 93 00 00 01 00 00 10 01 A5 0D 00 00 13 54 
00 FF FF 00 10 0D 22 93 00 00 01 00 00 10 01 A6 0D 00 00 13 F0 
00 FF FF 00 10 0D 22 93 00 00 01 00 00 10 01 A7 0D 00 00 15 F1 
00 FF FF 00 10 0D 22 93 00 00 01 00 00 10 01 A8 0D 00 00 15 30 
00 FF FF 00 10 0D 22 93 00 00 01 00 00 10 01 A9 0D 00 00 22 6B 
00 FF FF 00 10 0D 22 93 00 00 01 00 00 10 01 AA 0D 00 00 0A AB 
00 FF FF 00 10 0D 22 93 00 00 01 00 00 10 01 AB 0D 00 00 14 CE 
00 FF FF 00 10 0D 22 93 00 00 01 00 00 10 01 AC 0D 00 00 0E 8A 
00 FF FF 00 10 0D 22 93 00 00 01 00 00 10 01 AD 0D 00 00 13 C3 
00 FF FF 00 10 0D 22 93 00 00 01 00 00 10 01 AE 0D 00 00 10 84 
00 FF FF 00 10 0D 22 93 00 00 01 00 00 10 01 AF 0D 00 00 14 DE 
00 FF FF 00 10 0D 22 93 00 00 01 00 00 10 01 B0 0D 00 00 15 65 
00 FF FF 00 10 0D 22 93 00 00 01 00 00 10 01 B1 0D 00 00 17 36 
00 FF FF 00 10 0D 22 93 00 00 01 00 00 10 01 B2 0D 00 00 23 36 
00 FF FF 00 10 0D 22 93 00 00 01 00 00 10 01 B3 0D 00 00 10 4A 
00 FF FF 00 10 0D 22 93 00 00 01 00 00 10 01 B4 0D 00 00 15 68 
00 FF FF 00 10 0D 22 93 00 00 01 00 00 10 01 B5 0D 00 00 28 9E 
00 FF FF 00 10 0D 22 93 00 00 01 00 00 10 01 B6 0D 00 00 15 2E 
00 FF FF 00 10 0D 22 93 00 00 01 00 00 10 01 B7 0D 00 00 17 3D 
00 FF FF 00 10 0D 22 93 00 00 01 00 00 10 01 B8 0D 00 00 15 0B 
00 FF FF 00 10 0D 22 93 00 00 01 00 00 10 01 B9 0D 00 00 13 5F 
00 FF FF 00 10 0D 22 93 00 00 01 00 00 10 01 BA 0D 00 00 02 36 
00 FF FF 00 10 0D 22 93 00 00 01 00 00 10 01 BB 0D 00 00 1C 7D 
00 FF FF 00 10 0D 22 93 00 00 01 00 00 10 01 BC 0D 00 00 12 0E 
00 FF FF 00 10 0D 22 93 00 00 01 00 00 10 01 BD 0D 00 00 11 BB 
00 FF FF 00 10 0D 22 93 00 00 01 00 00 10 01 BE 0D 00 00 11 07 
00 FF FF 00 10 0D 22 93 00 00 01 00 00 10 01 BF 0D 00 00 15 00 
00 FF FF 00 10 0D 22 93 00 00 01 00 00 10 01 C0 0D 00 00 1F 9B 
00 FF FF 00 10 0D 22 93 00 00 01 00 00 10 01 C1 0D 00 00 1B 9A 
00 FF FF 00 10 0D 22 93 00 00 01 00 00 10 01 C2 0D 00 00 12 B2 
00 FF FF 00 10 0D 22 93 00 00 01 00 00 10 01 C3 0D 00 00 14 27 
00 FF FF 00 10 0D 22 93 00 00 01 00 00 10 01 C4 0D 00 00 12 F2 
00 FF FF 00 10 0D 22 93 00 00 01 00 00 10 01 C5 0D 00 00 17 61 
00 FF FF 00 10 0D 22 93 00 00 01 00 00 10 01 C6 0D 00 00 0F DF 
00 FF FF 00 10 0D 22 93 00 00 01 00 00 10 01 C7 0D 00 00 15 0A 
00 FF FF 00 10 0D 22 93 00 00 01 00 00 10 01 C8 0D 00 00 19 9C 
00 FF FF 00 10 0D 22 93 00 00 01 00 00 10 01 C9 0D 00 00 1E D6 
00 FF FF 00 10 0D 22 93 00 00 01 00 00 10 01 CA 0D 00 00 09 40 
00 FF FF 00 10 0D 22 93 00 00 01 00 00 10 01 CB 0D 00 00 10 87 
00 FF FF 00 10 0D 22 93 00 00 01 00 00 10 01 CC 0D 00 00 16 32 
00 FF FF 00 10 0D 22 93 00 00 01 00 00 10 01 CD 0D 00 00 12 CE 
00 FF FF 00 10 0D 22 93 00 00 01 00 00 10 01 CE 0D 00 00 10 DA 
00 FF FF 00 10 0D 22 93 00 00 01 00 00 10 01 CF 0D 00 00 0E 02 
00 FF FF 00 10 0D 22 93 00 00 01 00 00 10 01 D0 0D 00 00 28 A9 
00 FF FF 00 10 0D 22 93 00 00 01 00 00 10 01 D1 0D 00 00 16 23 
00 FF FF 00 10 0D 22 93 00 00 01 00 00 10 01 D2 0D 00 00 20 09 
00 FF FF 00 10 0D 22 93 00 00 01 00 00 10 01 D3 0D 00 00 1C 6E 
00 FF FF 00 10 0D 22 93 00 00 01 00 00 10 01 D4 0D 00 00 10 76 
00 FF FF 00 10 0D 22 93 00 00 01 00 00 10 01 D5 0D 00 00 13 CC 
00 FF FF 00 10 0D 22 93 00 00 01 00 00 10 01 D6 0D 00 00 11 D6 
00 FF FF 00 10 0D 22 93 00 00 01 00 00 10 01 D7 0D 00 00 12 91 
00 FF FF 00 10 0D 22 93 00 00 01 00 00 10 01 D8 0D 00 00 0D F5 
00 FF FF 00 10 0D 22 93 00 00 01 00 00 10 01 D9 0D 00 00 19 62 
00 FF FF 00 10 0D 22 93 00 00 01 00 00 10 01 DA 0D 00 00 16 9E 
00 FF FF 00 10 0D 22 93 00 00 01 00 00 10 01 DB 0D 00 00 2A 95 
00 FF FF 00 10 0D 22 93 00 00 01 00 00 10 01 DC 0D 00 00 18 9F 
00 FF FF 00 10 0D 22 93 00 00 01 00 00 10 01 DD 0D 00 00 14 B1 
00 FF FF 00 10 0D 22 93 00 00 01 00 00 10 01 DE 0D 00 00 0D B8 
00 FF FF 00 10 0D 22 93 00 00 01 00 00 10 01 DF 0D 00 00 07 EA 
00 FF FF 00 10 0D 22 93 00 00 01 00 00 10 01 E0 0D 00 00 10 32 
00 FF FF 00 10 0D 22 93 00 00 01 00 00 10 01 E1 0D 00 00 0A E0 
00 FF FF 00 10 0D 22 93 00 00 01 00 00 10 01 E2 0D 00 00 15 EA 
00 FF FF 00 10 0D 22 93 00 00 01 00 00 10 01 E3 0D 00 00 10 30 
00 FF FF 00 10 0D 22 93 00 00 01 00 00 10 01 E4 0D 00 00 18 11 
00 FF FF 00 10 0D 22 93 00 00 01 00 00 10 01 E5 0D 00 00 10 59 
00 FF FF 00 10 0D 22 93 00 00 01 00 00 10 01 E6 0D 00 00 16 EB 
00 FF FF 00 10 0D 22 93 00 00 01 00 00 10 01 E7 0D 00 00 0D EF 
00 FF FF 00 10 0D 22 93 00 00 01 00 00 10 01 E8 0D 00 00 0C FC 
00 FF FF 00 10 0D 22 93 00 00 01 00 00 10 01 E9 0D 00 00 11 5A 
00 FF FF 00 10 0D 22 93 00 00 01 00 00 10 01 EA 0D 00 00 0F BB 
00 FF FF 00 10 0D 22 93 00 00 01 00 00 10 01 EB 0D 00 00 27 32 
00 FF FF 00 10 0D 22 93 00 00 01 00 00 10 01 EC 0D 00 00 14 A8 
00 FF FF 00 10 0D 22 93 00 00 01 00 00 10 01 ED 0D 00 00 1A EA 
00 FF FF 00 10 0D 22 93 00 00 01 00 00 10 01 EE 0D 00 00 16 B3 
00 FF FF 00 10 0D 22 93 00 00 01 00 00 10 01 EF 0D 00 00 15 E7 
00 FF FF 00 10 0D 22 93 00 00 01 00 00 10 01 F0 0D 00 00 12 1E 
00 FF FF 00 10 0D 22 93 00 00 01 00 00 10 01 F1 0D 00 00 12 CF 
00 FF FF 00 10 0D 22 93 00 00 01 00 00 10 01 F2 0D 00 00 16 FB 
00 FF FF 00 10 0D 22 93 00 00 01 00 00 10 01 F3 0D 00 00 14 E8 
00 FF FF 00 10 0D 22 93 00 00 01 00 00 10 01 F4 0D 00 00 29 8B 
00 FF FF 00 10 0D 22 93 00 00 01 00 00 10 01 F5 0D 00 00 10 D7 
00 FF FF 00 10 0D 22 93 00 00 01 00 00 10 01 F6 0D 00 00 21 78 
00 FF FF 00 10 0D 22 93 00 00 01 00 00 10 01 F7 0D 00 00 16 09 
00 FF FF 00 10 0D 22 93 00 00 01 00 00 10 01 F8 0D 00 00 16 BB 
00 FF FF 00 10 0D 22 93 00 00 01 00 00 10 01 F9 0D 00 00 0F 63 
00 FF FF 00 10 0D 22 93 00 00 01 00 00 10 01 FA 0D 00 00 0B A4 
00 FF FF 00 10 0D 22 93 00 00 01 00 00 10 01 FB 0D 00 00 1A DD 
00 FF FF 00 10 0D 22 93 00 00 01 00 00 10 01 FC 0D 00 00 15 68 
00 FF FF 00 10 0D 22 93 00 00 01 00 00 10 01 FD 0D 00 00 2B C4 
00 FF FF 00 10 0D 22 93 00 00 01 00 00 10 01 FE 0D 00 00 10 6E 
00 FF FF 00 10 0D 22 93 00 00 01 00 00 10 01 FF 0D 00 00 1E 8E 
00 FF FF 00 10 0D 22 93 00 00 01 00 00 10 02 00 0D 00 00 14 93 
00 FF FF 00 10 0D 22 93 00 00 01 00 00 10 02 01 0D 00 00 3B 22 
00 FF FF 00 10 0D 22 93 00 00 01 00 00 10 02 02 0D 00 00 0E 5B 
00 FF FF 00 10 0D 22 93 00 00 01 00 00 10 02 03 0D 00 00 1A F1 
00 FF FF 00 10 0D 22 93 00 00 01 00 00 10 02 04 0D 00 00 1A E2 
00 FF FF 00 10 0D 22 93 00 00 01 00 00 10 02 05 0D 00 00 1E 0C 
00 FF FF 00 10 0D 22 93 00 00 01 00 00 10 02 06 0D 00 00 26 5E 
00 FF FF 00 10 0D 22 93 00 00 01 00 00 10 02 07 0D 00 00 0F 2E 
00 FF FF 00 10 0D 22 93 00 00 01 00 00 10 02 08 0D 00 00 1B 53 
00 FF FF 00 10 0D 22 93 00 00 01 00 00 10 02 09 0D 00 00 10 DE 
00 FF FF 00 10 0D 22 93 00 00 01 00 00 10 02 0A 0D 00 00 14 B5 
00 FF FF 00 10 0D 22 93 00 00 01 00 00 10 02 0B 0D 00 00 0D 89 
00 FF FF 00 10 0D 22 93 00 00 01 00 00 10 02 0C 0D 00 00 11 32 
00 FF FF 00 10 0D 22 93 00 00 01 00 00 10 02 0D 0D 00 00 1A 0A 
00 FF FF 00 10 0D 22 93 00 00 01 00 00 10 02 0E 0D 00 00 1F F4 
00 FF FF 00 10 0D 22 93 00 00 01 00 00 10 02 0F 0D 00 00 0D 4D 
00 FF FF 00 10 0D 22 93 00 00 01 00 00 10 02 10 0D 00 00 12 15 
00 FF FF 00 10 0D 22 93 00 00 01 00 00 10 02 11 0D 00 00 16 EB 
00 FF FF 00 10 0D 22 93 00 00 01 00 00 10 02 12 0D 00 00 08 A6 
00 FF FF 00 10 0D 22 93 00 00 01 00 00 10 02 13 0D 00 00 13 41 
00 FF FF 00 10 0D 22 93 00 00 01 00 00 10 02 14 0D 00 00 0D 74 
00 FF FF 00 10 0D 22 93 00 00 01 00 00 10 02 15 0D 00 00 19 14 
00 FF FF 00 10 0D 22 93 00 00 01 00 00 10 02 16 0D 00 00 11 40 
00 FF FF 00 10 0D 22 93 00 00 01 00 00 10 02 17 0D 00 00 28 18 
00 FF FF 00 10 0D 22 93 00 00 01 00 00 10 02 18 0D 00 00 1E 0A 
00 FF FF 00 10 0D 22 93 00 00 01 00 00 10 02 19 0D 00 00 15 69 
00 FF FF 00 10 0D 22 93 00 00 01 00 00 10 02 1A 0D 00 00 18 83 
00 FF FF 00 10 0D 22 93 00 00 01 00 00 10 02 1B 0D 00 00 12 78 
00 FF FF 00 10 0D 22 93 00 00 01 00 00 10 02 1C 0D 00 00 18 16 
00 FF FF 00 10 0D 22 93 00 00 01 00 00 10 02 1D 0D 00 00 08 93 
00 FF FF 00 10 0D 22 93 00 00 01 00 00 10 02 1E 0D 00 00 24 B2 
00 FF FF 00 10 0D 22 93 00 00 01 00 00 10 02 1F 0D 00 00 13 32 
00 FF FF 00 10 0D 22 93 00 00 01 00 00 10 02 20 0D 00 00 29 5D 
00 FF FF 00 10 0D 22 93 00 00 01 00 00 10 02 21 0D 00 00 1C 8A 
00 FF FF 00 10 0D 22 93 00 00 01 00 00 10 02 22 0D 00 00 18 AB 
00 FF FF 00 10 0D 22 93 00 00 01 00 00 10 02 23 0D 00 00 16 1E 
00 FF FF 00 10 0D 22 93 00 00 01 00 00 10 02 24 0D 00 00 0E F9 
00 FF FF 00 10 0D 22 93 00 00 01 00 00 10 02 25 0D 00 00 1D B5 
00 FF FF 00 10 0D 22 93 00 00 01 00 00 10 02 26 0D 00 00 12 1C 
00 FF FF 00 10 0D 22 93 00 00 01 00 00 10 02 27 0D 00 00 02 5F 
00 FF FF 00 10 0D 22 93 00 00 01 00 00 10 02 28 0D 00 00 13 43 
00 FF FF 00 10 0D 22 93 00 00 01 00 00 10 02 29 0D 00 00 26 BE 
00 FF FF 00 10 0D 22 93 00 00 01 00 00 10 02 2A 0D 00 00 1C 36 
00 FF FF 00 10 0D 22 93 00 00 01 00 00 10 02 2B 0D 00 00 16 F2 
00 FF FF 00 10 0D 22 93 00 00 01 00 00 10 02 2C 0D 00 00 14 ED 
00 FF FF 00 10 0D 22 93 00 00 01 00 00 10 02 2D 0D 00 00 14 54 
00 FF FF 00 10 0D 22 93 00 00 01 00 00 10 02 2E 0D 00 00 04 8C 
00 FF FF 00 10 0D 22 93 00 00 01 00 00 10 02 2F 0D 00 00 1A 62 
00 FF FF 00 10 0D 22 93 00 00 01 00 00 10 02 30 0D 00 00 22 78 
00 FF FF 00 10 0D 22 93 00 00 01 00 00 10 02 31 0D 00 00 10 4A 
00 FF FF 00 10 0D 22 93 00 00 01 00 00 10 02 32 0D 00 00 20 03 
00 FF FF 00 10 0D 22 93 00 00 01 00 00 10 02 33 0D 00 00 19 09 
00 FF FF 00 10 0D 22 93 00 00 01 00 00 10 02 34 0D 00 00 15 7C 
00 FF FF 00 10 0D 22 93 00 00 01 00 00 10 02 35 0D 00 00 0F 68 
00 FF FF 00 10 0D 22 93 00 00 01 00 00 10 02 36 0D 00 00 18 1A 
00 FF FF 00 10 0D 22 93 00 00 01 00 00 10 02 37 0D 00 00 1D 0F 
00 FF FF 00 10 0D 22 93 00 00 01 00 00 10 02 38 0D 00 00 1C 76 
00 FF FF 00 10 0D 22 93 00 00 01 00 00 10 02 39 0D 00 00 2A 8E 
00 FF FF 00 10 0D 22 93 00 00 01 00 00 10 02 3A 0D 00 00 0F EF 
00 FF FF 00 10 0D 22 93 00 00 01 00 00 10 02 3B 0D 00 00 1D EB 
00 FF FF 00 10 0D 22 93 00 00 01 00 00 10 02 3C 0D 00 00 15 9C 
00 FF FF 00 10 0D 22 93 00 00 01 00 00 10 02 3D 0D 00 00 1A 69 
00 FF FF 00 10 0D 22 93 00 00 01 00 00 10 02 3E 0D 00 00 0D C4 
00 FF FF 00 10 0D 22 93 00 00 01 00 00 10 02 3F 0D 00 00 10 A9 
00 FF FF 00 10 0D 22 93 00 00 01 00 00 10 02 40 0D 00 00 19 46 
00 FF FF 00 10 0D 22 93 00 00 01 00 00 10 02 41 0D 00 00 1B BB 
00 FF FF 00 10 0D 22 93 00 00 01 00 00 10 02 42 0D 00 00 2C DB 
00 FF FF 00 10 0D 22 93 00 00 01 00 00 10 02 43 0D 00 00 0E 37 
00 FF FF 00 10 0D 22 93 00 00 01 00 00 10 02 44 0D 00 00 20 48 
00 FF FF 00 10 0D 22 93 00 00 01 00 00 10 02 45 0D 00 00 12 EF 
00 FF FF 00 10 0D 22 93 00 00 01 00 00 10 02 46 0D 00 00 19 A1 
00 FF FF 00 10 0D 22 93 00 00 01 00 00 10 02 47 0D 00 00 07 BA 
00 FF FF 00 10 0D 22 93 00 00 01 00 00 10 02 48 0D 00 00 15 26 
00 FF FF 00 10 0D 22 93 00 00 01 00 00 10 02 49 0D 00 00 17 62 
00 FF FF 00 10 0D 22 93 00 00 01 00 00 10 02 4A 0D 00 00 19 1D 
00 FF FF 00 10 0D 22 93 00 00 01 00 00 10 02 4B 0D 00 00 2C 49 
00 FF FF 00 10 0D 22 93 00 00 01 00 00 10 02 4C 0D 00 00 10 6F 
00 FF FF 00 10 0D 22 93 00 00 01 00 00 10 02 4D 0D 00 00 20 18 
00 FF FF 00 10 0D 22 93 00 00 01 00 00 10 02 4E 0D 00 00 13 43 
00 FF FF 00 10 0D 22 93 00 00 01 00 00 10 02 4F 0D 00 00 17 B9 
00 FF FF 00 10 0D 22 93 00 00 01 00 00 10 02 50 0D 00 00 10 4E 
00 FF FF 00 10 0D 22 93 00 00 01 00 00 10 02 51 0D 00 00 15 BF 
00 FF FF 00 10 0D 22 93 00 00 01 00 00 10 02 52 0D 00 00 14 86 
00 FF FF 00 10 0D 22 93 00 00 01 00 00 10 02 53 0D 00 00 19 2A 
00 FF FF 00 10 0D 22 93 00 00 01 00 00 10 02 54 0D 00 00 0E 30 
00 FF FF 00 10 0D 22 93 00 00 01 00 00 10 02 55 0D 00 00 13 62 
00 FF FF 00 10 0D 22 93 00 00 01 00 00 10 02 56 0D 00 00 1C F6 
00 FF FF 00 10 0D 22 93 00 00 01 00 00 10 02 57 0D 00 00 11 6F 
00 FF FF 00 10 0D 22 93 00 00 01 00 00 10 02 58 0D 00 00 16 F3 
00 FF FF 00 10 0D 22 93 00 00 01 00 00 10 02 59 0D 00 00 13 5B 
00 FF FF 00 10 0D 22 93 00 00 01 00 00 10 02 5A 0D 00 00 1A B0 
00 FF FF 00 10 0D 22 93 00 00 01 00 00 10 02 5B 0D 00 00 18 93 
00 FF FF 00 10 0D 22 93 00 00 01 00 00 10 02 5C 0D 00 00 0E 1B 
00 FF FF 00 10 0D 22 93 00 00 01 00 00 10 02 5D 0D 00 00 20 04 
00 FF FF 00 10 0D 22 93 00 00 01 00 00 10 02 5E 0D 00 00 17 3D 
00 FF FF 00 10 0D 22 93 00 00 01 00 00 10 02 5F 0D 00 00 1A E2 
00 FF FF 00 10 0D 22 93 00 00 01 00 00 10 02 60 0D 00 00 15 3D 
00 FF FF 00 10 0D 22 93 00 00 01 00 00 10 02 61 0D 00 00 17 5A 
00 FF FF 00 10 0D 22 93 00 00 01 00 00 10 02 62 0D 00 00 17 63 
00 FF FF 00 10 0D 22 93 00 00 01 00 00 10 02 63 0D 00 00 18 4B 
00 FF FF 00 10 0D 22 93 00 00 01 00 00 10 02 64 0D 00 00 19 D7 
00 FF FF 00 10 0D 22 93 00 00 01 00 00 10 02 65 0D 00 00 18 87 
00 FF FF 00 10 0D 22 93 00 00 01 00 00 10 02 66 0D 00 00 1A 21 
00 FF FF 00 10 0D 22 93 00 00 01 00 00 10 02 67 0D 00 00 1A 61 
00 FF FF 00 10 0D 22 93 00 00 01 00 00 10 02 68 0D 00 00 17 97 
00 FF FF 00 10 0D 22 93 00 00 01 00 00 10 02 69 0D 00 00 16 46 
00 FF FF 00 10 0D 22 93 00 00 01 00 00 10 02 6A 0D 00 00 13 83 
00 FF FF 00 10 0D 22 93 00 00 01 00 00 10 02 6B 0D 00 00 09 94 
00 FF FF 00 10 0D 22 93 00 00 01 00 00 10 02 6C 0D 00 00 1A 44 
00 FF FF 00 10 0D 22 93 00 00 01 00 00 10 02 6D 0D 00 00 10 51 
00 FF FF 00 10 0D 22 93 00 00 01 00 00 10 02 6E 0D 00 00 12 3C 
00 FF FF 00 10 0D 22 93 00 00 01 00 00 10 02 6F 0D 00 00 01 F6 
00 FF FF 00 10 0D 22 93 00 00 01 00 00 10 02 70 0D 00 00 07 76 
00 FF FF 00 10 0D 22 93 00 00 01 00 00 10 02 71 0D 00 00 03 A9 
00 FF FF 00 10 0D 22 93 00 00 01 00 00 10 02 72 0D 00 00 17 C2 
00 FF FF 00 10 0D 22 93 00 00 01 00 00 10 02 73 0D 00 00 08 F4 
00 FF FF 00 10 0D 22 93 00 00 01 00 00 10 02 74 0D 00 00 20 14 
00 FF FF 00 10 0D 22 93 00 00 01 00 00 10 02 75 0D 00 00 14 B2 
00 FF FF 00 10 0D 22 93 00 00 01 00 00 10 02 76 0D 00 00 11 0C 
00 FF FF 00 10 0D 22 93 00 00 01 00 00 10 02 77 0D 00 00 17 4D 
00 FF FF 00 10 0D 22 93 00 00 01 00 00 10 02 78 0D 00 00 11 30 
00 FF FF 00 10 0D 22 93 00 00 01 00 00 10 02 79 0D 00 00 10 A2 
00 FF FF 00 10 0D 22 93 00 00 01 00 00 10 02 7A 0D 00 00 0B DC 
00 FF FF 00 10 0D 22 93 00 00 01 00 00 10 02 7B 0D 00 00 18 C3 
00 FF FF 00 10 0D 22 93 00 00 01 00 00 10 02 7C 0D 00 00 0D 7F 
00 FF FF 00 10 0D 22 93 00 00 01 00 00 10 02 7D 0D 00 00 29 26 
00 FF FF 00 10 0D 22 93 00 00 01 00 00 10 02 7E 0D 00 00 05 63 
00 FF FF 00 10 0D 22 93 00 00 01 00 00 10 02 7F 0D 00 00 0F A0 
00 FF FF 00 10 0D 22 93 00 00 01 00 00 10 02 80 0D 00 00 18 8D 
00 FF FF 00 10 0D 22 93 00 00 01 00 00 10 02 81 0D 00 00 07 31 
00 FF FF 00 10 0D 22 93 00 00 01 00 00 10 02 82 0D 00 00 18 E3 
00 FF FF 00 10 0D 22 93 00 00 01 00 00 10 02 83 0D 00 00 10 35 
00 FF FF 00 10 0D 22 93 00 00 01 00 00 10 02 84 0D 00 00 1A C1 
00 FF FF 00 10 0D 22 93 00 00 01 00 00 10 02 85 0D 00 00 0B 5D 
00 FF FF 00 10 0D 22 93 00 00 01 00 00 10 02 86 0D 00 00 1A 86 
00 FF FF 00 10 0D 22 93 00 00 01 00 00 10 02 87 0D 00 00 10 AB 
00 FF FF 00 10 0D 22 93 00 00 01 00 00 10 02 88 0D 00 00 14 06 
00 FF FF 00 10 0D 22 93 00 00 01 00 00 10 02 89 0D 00 00 17 6A 
00 FF FF 00 10 0D 22 93 00 00 01 00 00 10 02 8A 0D 00 00 0C 5B 
00 FF FF 00 10 0D 22 93 00 00 01 00 00 10 02 8B 0D 00 00 0E F3 
00 FF FF 00 10 0D 22 93 00 00 01 00 00 10 02 8C 0D 00 00 10 3B 
00 FF FF 00 10 0D 22 93 00 00 01 00 00 10 02 8D 0D 00 00 1E 02 
00 FF FF 00 10 0D 22 93 00 00 01 00 00 10 02 8E 0D 00 00 08 37 
00 FF FF 00 10 0D 22 93 00 00 01 00 00 10 02 8F 0D 00 00 22 61 
00 FF FF 00 10 0D 22 93 00 00 01 00 00 10 02 90 0D 00 00 10 5F 
00 FF FF 00 10 0D 22 93 00 00 01 00 00 10 02 91 0D 00 00 15 4A 
00 FF FF 00 10 0D 22 93 00 00 01 00 00 10 02 92 0D 00 00 13 EA 
00 FF FF 00 10 0D 22 93 00 00 01 00 00 10 02 93 0D 00 00 0B 67 
00 FF FF 00 10 0D 22 93 00 00 01 00 00 10 02 94 0D 00 00 1D 87 
00 FF FF 00 10 0D 22 93 00 00 01 00 00 10 02 95 0D 00 00 0B 17 
00 FF FF 00 10 0D 22 93 00 00 01 00 00 10 02 96 0D 00 00 23 4D 
00 FF FF 00 10 0D 22 93 00 00 01 00 00 10 02 97 0D 00 00 0C 03 
00 FF FF 00 10 0D 22 93 00 00 01 00 00 10 02 98 0D 00 00 22 1A 
00 FF FF 00 10 0D 22 93 00 00 01 00 00 10 02 99 0D 00 00 12 7B 
00 FF FF 00 10 0D 22 93 00 00 01 00 00 10 02 9A 0D 00 00 15 E1 
00 FF FF 00 10 0D 22 93 00 00 01 00 00 10 02 9B 0D 00 00 11 9E 
00 FF FF 00 10 0D 22 93 00 00 01 00 00 10 02 9C 0D 00 00 0C 00 
00 FF FF 00 10 0D 22 93 00 00 01 00 00 10 02 9D 0D 00 00 1E 87 
00 FF FF 00 10 0D 22 93 00 00 01 00 00 10 02 9E 0D 00 00 0D 81 
00 FF FF 00 10 0D 22 93 00 00 01 00 00 10 02 9F 0D 00 00 28 96 
00 FF FF 00 10 0D 22 93 00 00 01 00 00 10 02 A0 0D 00 00 0C 2B 
00 FF FF 00 10 0D 22 93 00 00 01 00 00 10 02 A1 0D 00 00 1D 79 
00 FF FF 00 10 0D 22 93 00 00 01 00 00 10 02 A2 0D 00 00 10 AA 
00 FF FF 00 10 0D 22 93 00 00 01 00 00 10 02 A3 0D 00 00 14 34 
00 FF FF 00 10 0D 22 93 00 00 01 00 00 10 02 A4 0D 00 00 0E AE 
00 FF FF 00 10 0D 22 93 00 00 01 00 00 10 02 A5 0D 00 00 0D 52 
00 FF FF 00 10 0D 22 93 00 00 01 00 00 10 02 A6 0D 00 00 1E 9F 
00 FF FF 00 10 0D 22 93 00 00 01 00 00 10 02 A7 0D 00 00 0D A3 
00 FF FF 00 10 0D 22 93 00 00 01 00 00 10 02 A8 0D 00 00 22 C4 
00 FF FF 00 10 0D 22 93 00 00 01 00 00 10 02 A9 0D 00 00 0E 51 
00 FF FF 00 10 0D 22 93 00 00 01 00 00 10 02 AA 0D 00 00 1C 5C 
00 FF FF 00 10 0D 22 93 00 00 01 00 00 10 02 AB 0D 00 00 10 66 
00 FF FF 00 10 0D 22 93 00 00 01 00 00 10 02 AC 0D 00 00 12 EA 
00 FF FF 00 10 0D 22 93 00 00 01 00 00 10 02 AD 0D 00 00 0C B8 
00 FF FF 00 10 0D 22 93 00 00 01 00 00 10 02 AE 0D 00 00 0F 76 
00 FF FF 00 10 0D 22 93 00 00 01 00 00 10 02 AF 0D 00 00 1D 3B 
00 FF FF 00 10 0D 22 93 00 00 01 00 00 10 02 B0 0D 00 00 0F A1 
00 FF FF 00 10 0D 22 93 00 00 01 00 00 10 02 B1 0D 00 00 24 DB 
00 FF FF 00 10 0D 22 93 00 00 01 00 00 10 02 B2 0D 00 00 04 7B 
00 FF FF 00 10 0D 22 93 00 00 01 00 00 10 02 B3 0D 00 00 1B 4A 
00 FF FF 00 10 0D 22 93 00 00 01 00 00 10 02 B4 0D 00 00 13 02 
00 FF FF 00 10 0D 22 93 00 00 01 00 00 10 02 B5 0D 00 00 09 70 
00 FF FF 00 10 0D 22 93 00 00 01 00 00 10 02 B6 0D 00 00 0C DC 
00 FF FF 00 10 0D 22 93 00 00 01 00 00 10 02 B7 0D 00 00 10 8A 
00 FF FF 00 10 0D 22 93 00 00 01 00 00 10 02 B8 0D 00 00 18 DA 
00 FF FF 00 10 0D 22 93 00 00 01 00 00 10 02 B9 0D 00 00 12 D6 
00 FF FF 00 10 0D 22 93 00 00 01 00 00 10 02 BA 0D 00 00 22 52 
00 FF FF 00 10 0D 22 93 00 00 01 00 00 10 02 BB 0D 00 00 08 C0 
00 FF FF 00 10 0D 22 93 00 00 01 00 00 10 02 BC 0D 00 00 17 22 
00 FF FF 00 10 0D 22 93 00 00 01 00 00 10 02 BD 0D 00 00 11 28 
00 FF FF 00 10 0D 22 93 00 00 01 00 00 10 02 BE 0D 00 00 11 1C 
00 FF FF 00 10 0D 22 93 00 00 01 00 00 10 02 BF 0D 00 00 10 27 
00 FF FF 00 10 0D 22 93 00 00 01 00 00 10 02 C0 0D 00 00 12 73 
00 FF FF 00 10 0D 22 93 00 00 01 00 00 10 02 C1 0D 00 00 15 C7 
00 FF FF 00 10 0D 22 93 00 00 01 00 00 10 02 C2 0D 00 00 0F E7 
00 FF FF 00 10 0D 22 93 00 00 01 00 00 10 02 C3 0D 00 00 1D 31 
00 FF FF 00 10 0D 22 93 00 00 01 00 00 10 02 C4 0D 00 00 0D DB 
00 FF FF 00 10 0D 22 93 00 00 01 00 00 10 02 C5 0D 00 00 14 C7 
00 FF FF 00 10 0D 22 93 00 00 01 00 00 10 02 C6 0D 00 00 11 5E 
00 FF FF 00 10 0D 22 93 00 00 01 00 00 10 02 C7 0D 00 00 10 F5 
00 FF FF 00 10 0D 22 93 00 00 01 00 00 10 02 C8 0D 00 00 13 07 
00 FF FF 00 10 0D 22 93 00 00 01 00 00 10 02 C9 0D 00 00 10 11 
00 FF FF 00 10 0D 22 93 00 00 01 00 00 10 02 CA 0D 00 00 15 5B 
00 FF FF 00 10 0D 22 93 00 00 01 00 00 10 02 CB 0D 00 00 0C 4A 
00 FF FF 00 10 0D 22 93 00 00 01 00 00 10 02 CC 0D 00 00 19 AD 
00 FF FF 00 10 0D 22 93 00 00 01 00 00 10 02 CD 0D 00 00 11 12 
00 FF FF 00 10 0D 22 93 00 00 01 00 00 10 02 CE 0D 00 00 15 81 
00 FF FF 00 10 0D 22 93 00 00 01 00 00 10 02 CF 0D 00 00 14 07 
00 FF FF 00 10 0D 22 93 00 00 01 00 00 10 02 D0 0D 00 00 11 11 
00 FF FF 00 10 0D 22 93 00 00 01 00 00 10 02 D1 0D 00 00 16 70 
00 FF FF 00 10 0D 22 93 00 00 01 00 00 10 02 D2 0D 00 00 13 1D 
00 FF FF 00 10 0D 22 93 00 00 01 00 00 10 02 D3 0D 00 00 13 5C 
00 FF FF 00 10 0D 22 93 00 00 01 00 00 10 02 D4 0D 00 00 0E EF 
00 FF FF 00 10 0D 22 93 00 00 01 00 00 10 02 D5 0D 00 00 18 A1 
00 FF FF 00 10 0D 22 93 00 00 01 00 00 10 02 D6 0D 00 00 10 4B 
00 FF FF 00 10 0D 22 93 00 00 01 00 00 10 02 D7 0D 00 00 12 E2 
00 FF FF 00 10 0D 22 93 00 00 01 00 00 10 02 D8 0D 00 00 14 12 
00 FF FF 00 10 0D 22 93 00 00 01 00 00 10 02 D9 0D 00 00 0A BA 
00 FF FF 00 10 0D 22 93 00 00 01 00 00 10 02 DA 0D 00 00 0D E6 
00 FF FF 00 10 0D 22 93 00 00 01 00 00 10 02 DB 0D 00 00 0F 6E 
00 FF FF 00 10 0D 22 93 00 00 01 00 00 10 02 DC 0D 00 00 07 0E 
00 FF FF 00 10 0D 22 93 00 00 01 00 00 10 02 DD 0D 00 00 0E 64 
00 FF FF 00 10 0D 22 93 00 00 01 00 00 10 02 DE 0D 00 00 0D 12 
00 FF FF 00 10 0D 22 93 00 00 01 00 00 10 02 DF 0D 00 00 0D 04 
00 FF FF 00 10 0D 22 93 00 00 01 00 00 10 02 E0 0D 00 00 0C D2 
00 FF FF 00 10 0D 22 93 00 00 01 00 00 10 02 E1 0D 00 00 16 1F 
00 FF FF 00 10 0D 22 93 00 00 01 00 00 10 02 E2 0D 00 00 11 43 
00 FF FF 00 10 0D 22 93 00 00 01 00 00 10 02 E3 0D 00 00 11 13 
00 FF FF 00 10 0D 22 93 00 00 01 00 00 10 02 E4 0D 00 00 11 49 
00 FF FF 00 10 0D 22 93 00 00 01 00 00 10 02 E5 0D 00 00 0B 08 
00 FF FF 00 10 0D 22 93 00 00 01 00 00 10 02 E6 0D 00 00 0E 76 
00 FF FF 00 10 0D 22 93 00 00 01 00 00 10 02 E7 0D 00 00 0E 1F 
00 FF FF 00 10 0D 22 93 00 00 01 00 00 10 02 E8 0D 00 00 14 B8 
00 FF FF 00 10 0D 22 93 00 00 01 00 00 10 02 E9 0D 00 00 0D 29 
00 FF FF 00 10 0D 22 93 00 00 01 00 00 10 02 EA 0D 00 00 1E C9 
00 FF FF 00 10 0D 22 93 00 00 01 00 00 10 02 EB 0D 00 00 11 2A 
00 FF FF 00 10 0D 22 93 00 00 01 00 00 10 02 EC 0D 00 00 14 8D 
00 FF FF 00 10 0D 22 93 00 00 01 00 00 10 02 ED 0D 00 00 0E 57 
00 FF FF 00 10 0D 22 93 00 00 01 00 00 10 02 EE 0D 00 00 0D 89 
00 FF FF 00 10 0D 22 93 00 00 01 00 00 10 02 EF 0D 00 00 0D 26 
00 FF FF 00 10 0D 22 93 00 00 01 00 00 10 02 F0 0D 00 00 14 47 
00 FF FF 00 10 0D 22 93 00 00 01 00 00 10 02 F1 0D 00 00 14 1D 
00 FF FF 00 10 0D 22 93 00 00 01 00 00 10 02 F2 0D 00 00 0C 13 
00 FF FF 00 10 0D 22 93 00 00 01 00 00 10 02 F3 0D 00 00 14 91 
00 FF FF 00 10 0D 22 93 00 00 01 00 00 10 02 F4 0D 00 00 07 48 
00 FF FF 00 10 0D 22 93 00 00 01 00 00 10 02 F5 0D 00 00 15 42 
00 FF FF 00 10 0D 22 93 00 00 01 00 00 10 02 F6 0D 00 00 0B 34 
00 FF FF 00 10 0D 22 93 00 00 01 00 00 10 02 F7 0D 00 00 0B 2B 
00 FF FF 00 10 0D 22 93 00 00 01 00 00 10 02 F8 0D 00 00 0E 3F 
00 FF FF 00 10 0D 22 93 00 00 01 00 00 10 02 F9 0D 00 00 10 2B 
00 FF FF 00 10 0D 22 93 00 00 01 00 00 10 02 FA 0D 00 00 16 4E 
00 FF FF 00 10 0D 22 93 00 00 01 00 00 10 02 FB 0D 00 00 0B AC 
00 FF FF 00 10 0D 22 93 00 00 01 00 00 10 02 FC 0D 00 00 24 2D 
00 FF FF 00 10 0D 22 93 00 00 01 00 00 10 02 FD 0D 00 00 15 3E 
00 FF FF 00 10 0D 22 93 00 00 01 00 00 10 02 FE 0D 00 00 17 62 
00 FF FF 00 10 0D 22 93 00 00 01 00 00 10 02 FF 0D 00 00 0C 5B 
00 FF FF 00 10 0D 22 93 00 00 01 00 00 10 03 00 0D 00 00 2F 9E 
00 FF FF 00 10 0D 22 93 00 00 01 00 00 10 03 01 0D 00 00 12 AA 
00 FF FF 00 10 0D 22 93 00 00 01 00 00 10 03 02 0D 00 00 1B 93 
00 FF FF 00 10 0D 22 93 00 00 01 00 00 10 03 03 0D 00 00 1B 23 
00 FF FF 00 10 0D 22 93 00 00 01 00 00 10 03 04 0D 00 00 10 76 
00 FF FF 00 10 0D 22 93 00 00 01 00 00 10 03 05 0D 00 00 24 7C 
00 FF FF 00 10 0D 22 93 00 00 01 00 00 10 03 06 0D 00 00 11 DA 
00 FF FF 00 10 0D 22 93 00 00 01 00 00 10 03 07 0D 00 00 18 AD 
00 FF FF 00 10 0D 22 93 00 00 01 00 00 10 03 08 0D 00 00 04 80 
00 FF FF 00 10 0D 22 93 00 00 01 00 00 10 03 09 0D 00 00 1C F1 
00 FF FF 00 10 0D 22 93 00 00 01 00 00 10 03 0A 0D 00 00 0D FC 
00 FF FF 00 10 0D 22 93 00 00 01 00 00 10 03 0B 0D 00 00 1F 58 
00 FF FF 00 10 0D 22 93 00 00 01 00 00 10 03 0C 0D 00 00 17 9A 
00 FF FF 00 10 0D 22 93 00 00 01 00 00 10 03 0D 0D 00 00 0F C3 
00 FF FF 00 10 0D 22 93 00 00 01 00 00 10 03 0E 0D 00 00 33 3D 
00 FF FF 00 10 0D 22 93 00 00 01 00 00 10 03 0F 0D 00 00 0F 63 
00 FF FF 00 10 0D 22 93 00 00 01 00 00 10 03 10 0D 00 00 08 70 
00 FF FF 00 10 0D 22 93 00 00 01 00 00 10 03 11 0D 00 00 0D 6C 
00 FF FF 00 10 0D 22 93 00 00 01 00 00 10 03 12 0D 00 00 1E 95 
00 FF FF 00 10 0D 22 93 00 00 01 00 00 10 03 13 0D 00 00 0C 4B 
00 FF FF 00 10 0D 22 93 00 00 01 00 00 10 03 14 0D 00 00 26 0E 
00 FF FF 00 10 0D 22 93 00 00 01 00 00 10 03 15 0D 00 00 13 FB 
00 FF FF 00 10 0D 22 93 00 00 01 00 00 10 03 16 0D 00 00 0F E7 
00 FF FF 00 10 0D 22 93 00 00 01 00 00 10 03 17 0D 00 00 36 A4 
00 FF FF 00 10 0D 22 93 00 00 01 00 00 10 03 18 0D 00 00 0C F3 
00 FF FF 00 10 0D 22 93 00 00 01 00 00 10 03 19 0D 00 00 39 4A 
00 FF FF 00 10 0D 22 93 00 00 01 00 00 10 03 1A 0D 00 00 0F 1A 
00 FF FF 00 10 0D 22 93 00 00 01 00 00 10 03 1B 0D 00 00 0D 2F 
00 FF FF 00 10 0D 22 93 00 00 01 00 00 10 03 1C 0D 00 00 0B 9C 
00 FF FF 00 10 0D 22 93 00 00 01 00 00 10 03 1D 0D 00 00 18 42 
00 FF FF 00 10 0D 22 93 00 00 01 00 00 10 03 1E 0D 00 00 13 B4 
00 FF FF 00 10 0D 22 93 00 00 01 00 00 10 03 1F 0D 00 00 06 6D 
00 FF FF 00 10 0D 22 93 00 00 01 00 00 10 03 20 0D 00 00 13 DD 
