00 FF FF 00 10 0D 22 93 00 00 02 00 00 10 00 83 0C 00 00 0C 71 
00 FF FF 00 10 0D 22 93 00 00 02 00 00 10 00 84 0C 00 00 06 B0 
00 FF FF 00 10 0D 22 93 00 00 02 00 00 10 00 85 0C 00 00 06 BB 
00 FF FF 00 10 0D 22 93 00 00 02 00 00 10 00 87 0C 00 00 05 3F 
00 FF FF 00 10 0D 22 93 00 00 02 00 00 10 00 88 0C 00 00 09 AA 
00 FF FF 00 10 0D 22 93 00 00 02 00 00 10 00 89 0C 00 00 0A 1B 
00 FF FF 00 10 0D 22 93 00 00 02 00 00 10 00 8A 0C 00 00 0D CB 
00 FF FF 00 10 0D 22 93 00 00 02 00 00 10 00 8B 0C 00 00 05 D2 
00 FF FF 00 10 0D 22 93 00 00 02 00 00 10 00 8C 0C 00 00 1E 56 
00 FF FF 00 10 0D 22 93 00 00 02 00 00 10 00 8D 0C 00 00 06 92 
00 FF FF 00 10 0D 22 93 00 00 02 00 00 10 00 8E 0C 00 00 08 02 
00 FF FF 00 10 0D 22 93 00 00 02 00 00 10 00 8F 0C 00 00 04 85 
00 FF FF 00 10 0D 22 93 00 00 02 00 00 10 00 90 0C 00 00 0A 8A 
00 FF FF 00 10 0D 22 93 00 00 02 00 00 10 00 91 0C 00 00 04 2F 
00 FF FF 00 10 0D 22 93 00 00 02 00 00 10 00 92 0C 00 00 05 4D 
00 FF FF 00 10 0D 22 93 00 00 02 00 00 10 00 93 0C 00 00 0C 96 
00 FF FF 00 10 0D 22 93 00 00 02 00 00 10 00 94 0C 00 00 07 7C 
00 FF FF 00 10 0D 22 93 00 00 02 00 00 10 00 95 0C 00 00 06 26 
00 FF FF 00 10 0D 22 93 00 00 02 00 00 10 00 96 0C 00 00 09 BF 
00 FF FF 00 10 0D 22 93 00 00 02 00 00 10 00 97 0C 00 00 07 63 
00 FF FF 00 10 0D 22 93 00 00 02 00 00 10 00 98 0C 00 00 04 2D 
00 FF FF 00 10 0D 22 93 00 00 02 00 00 10 00 99 0C 00 00 09 0A 
00 FF FF 00 10 0D 22 93 00 00 02 00 00 10 00 9A 0C 00 00 07 91 
00 FF FF 00 10 0D 22 93 00 00 02 00 00 10 00 9B 0C 00 00 0A 80 
00 FF FF 00 10 0D 22 93 00 00 02 00 00 10 00 9C 0C 00 00 0F E8 
00 FF FF 00 10 0D 22 93 00 00 02 00 00 10 00 9D 0C 00 00 09 FA 
00 FF FF 00 10 0D 22 93 00 00 02 00 00 10 00 9E 0C 00 00 0F DD 
00 FF FF 00 10 0D 22 93 00 00 02 00 00 10 00 9F 0C 00 00 0C 8E 
00 FF FF 00 10 0D 22 93 00 00 02 00 00 10 00 A0 0C 00 00 08 E4 
00 FF FF 00 10 0D 22 93 00 00 02 00 00 10 00 A1 0C 00 00 09 13 
00 FF FF 00 10 0D 22 93 00 00 02 00 00 10 00 A2 0C 00 00 04 E8 
00 FF FF 00 10 0D 22 93 00 00 02 00 00 10 00 A3 0C 00 00 0D AB 
00 FF FF 00 10 0D 22 93 00 00 02 00 00 10 00 A4 0C 00 00 09 F6 
00 FF FF 00 10 0D 22 93 00 00 02 00 00 10 00 A5 0C 00 00 18 DD 
00 FF FF 00 10 0D 22 93 00 00 02 00 00 10 00 A6 0C 00 00 0D 3E 
00 FF FF 00 10 0D 22 93 00 00 02 00 00 10 00 A7 0C 00 00 0C 8F 
00 FF FF 00 10 0D 22 93 00 00 02 00 00 10 00 A8 0C 00 00 0A 19 
00 FF FF 00 10 0D 22 93 00 00 02 00 00 10 00 A9 0C 00 00 08 BF 
00 FF FF 00 10 0D 22 93 00 00 02 00 00 10 00 AA 0C 00 00 0A 5B 
00 FF FF 00 10 0D 22 93 00 00 02 00 00 10 00 AB 0C 00 00 0E 9B 
00 FF FF 00 10 0D 22 93 00 00 02 00 00 10 00 AC 0C 00 00 08 D5 
00 FF FF 00 10 0D 22 93 00 00 02 00 00 10 00 AD 0C 00 00 0F FC 
00 FF FF 00 10 0D 22 93 00 00 02 00 00 10 00 AE 0C 00 00 0E D5 
00 FF FF 00 10 0D 22 93 00 00 02 00 00 10 00 AF 0C 00 00 0B 56 
00 FF FF 00 10 0D 22 93 00 00 02 00 00 10 00 B0 0C 00 00 07 AD 
00 FF FF 00 10 0D 22 93 00 00 02 00 00 10 00 B1 0C 00 00 0E 3F 
00 FF FF 00 10 0D 22 93 00 00 02 00 00 10 00 B2 0C 00 00 0D 18 
00 FF FF 00 10 0D 22 93 00 00 02 00 00 10 00 B3 0C 00 00 09 AE 
00 FF FF 00 10 0D 22 93 00 00 02 00 00 10 00 B4 0C 00 00 09 02 
00 FF FF 00 10 0D 22 93 00 00 02 00 00 10 00 B5 0C 00 00 00 7D 
00 FF FF 00 10 0D 22 93 00 00 02 00 00 10 00 B6 0C 00 00 02 0B 
00 FF FF 00 10 0D 22 93 00 00 02 00 00 10 00 B7 0C 00 00 08 D6 
00 FF FF 00 10 0D 22 93 00 00 02 00 00 10 00 B8 0C 00 00 0D 7D 
00 FF FF 00 10 0D 22 93 00 00 02 00 00 10 00 B9 0C 00 00 0C A1 
00 FF FF 00 10 0D 22 93 00 00 02 00 00 10 00 BA 0C 00 00 0B 20 
00 FF FF 00 10 0D 22 93 00 00 02 00 00 10 00 BB 0C 00 00 06 EC 
00 FF FF 00 10 0D 22 93 00 00 02 00 00 10 00 BC 0C 00 00 07 CD 
00 FF FF 00 10 0D 22 93 00 00 02 00 00 10 00 BD 0C 00 00 04 34 
00 FF FF 00 10 0D 22 93 00 00 02 00 00 10 00 BE 0C 00 00 03 B0 
00 FF FF 00 10 0D 22 93 00 00 02 00 00 10 00 BF 0C 00 00 04 19 
00 FF FF 00 10 0D 22 93 00 00 02 00 00 10 00 C0 0C 00 00 04 4D 
00 FF FF 00 10 0D 22 93 00 00 02 00 00 10 00 C1 0C 00 00 02 FF 
00 FF FF 00 10 0D 22 93 00 00 02 00 00 10 00 C2 0C 00 00 08 D9 
00 FF FF 00 10 0D 22 93 00 00 02 00 00 10 00 C3 0C 00 00 08 DF 
00 FF FF 00 10 0D 22 93 00 00 02 00 00 10 00 C4 0C 00 00 07 D7 
00 FF FF 00 10 0D 22 93 00 00 02 00 00 10 00 C5 0C 00 00 05 35 
00 FF FF 00 10 0D 22 93 00 00 02 00 00 10 00 C6 0C 00 00 06 15 
00 FF FF 00 10 0D 22 93 00 00 02 00 00 10 00 C7 0C 00 00 0D 97 
00 FF FF 00 10 0D 22 93 00 00 02 00 00 10 00 C8 0C 00 00 0B 98 
00 FF FF 00 10 0D 22 93 00 00 02 00 00 10 00 C9 0C 00 00 0B 3C 
00 FF FF 00 10 0D 22 93 00 00 02 00 00 10 00 CA 0C 00 00 13 7B 
00 FF FF 00 10 0D 22 93 00 00 02 00 00 10 00 CB 0C 00 00 09 F1 
00 FF FF 00 10 0D 22 93 00 00 02 00 00 10 00 CC 0C 00 00 07 F8 
00 FF FF 00 10 0D 22 93 00 00 02 00 00 10 00 CD 0C 00 00 04 BF 
00 FF FF 00 10 0D 22 93 00 00 02 00 00 10 00 CE 0C 00 00 03 B0 
00 FF FF 00 10 0D 22 93 00 00 02 00 00 10 00 CF 0C 00 00 01 96 
00 FF FF 00 10 0D 22 93 00 00 02 00 00 10 00 D0 0C 00 00 08 22 
00 FF FF 00 10 0D 22 93 00 00 02 00 00 10 00 D1 0C 00 00 08 5B 
00 FF FF 00 10 0D 22 93 00 00 02 00 00 10 00 D2 0C 00 00 06 76 
00 FF FF 00 10 0D 22 93 00 00 02 00 00 10 00 D3 0C 00 00 08 E1 
00 FF FF 00 10 0D 22 93 00 00 02 00 00 10 00 D4 0C 00 00 04 C3 
00 FF FF 00 10 0D 22 93 00 00 02 00 00 10 00 D5 0C 00 00 15 30 
00 FF FF 00 10 0D 22 93 00 00 02 00 00 10 00 D6 0C 00 00 05 F1 
00 FF FF 00 10 0D 22 93 00 00 02 00 00 10 00 D7 0C 00 00 03 4F 
00 FF FF 00 10 0D 22 93 00 00 02 00 00 10 00 D8 0C 00 00 01 65 
00 FF FF 00 10 0D 22 93 00 00 02 00 00 10 00 D9 0C 00 00 03 12 
00 FF FF 00 10 0D 22 93 00 00 02 00 00 10 00 DA 0C 00 00 03 86 
00 FF FF 00 10 0D 22 93 00 00 02 00 00 10 00 DB 0C 00 00 03 7F 
00 FF FF 00 10 0D 22 93 00 00 02 00 00 10 00 DC 0C 00 00 03 BD 
00 FF FF 00 10 0D 22 93 00 00 02 00 00 10 00 DD 0C 00 00 05 4E 
00 FF FF 00 10 0D 22 93 00 00 02 00 00 10 00 DE 0C 00 00 02 F7 
00 FF FF 00 10 0D 22 93 00 00 02 00 00 10 00 DF 0C 00 00 0B 04 
00 FF FF 00 10 0D 22 93 00 00 02 00 00 10 00 E0 0C 00 00 04 0D 
00 FF FF 00 10 0D 22 93 00 00 02 00 00 10 00 E1 0C 00 00 05 A7 
00 FF FF 00 10 0D 22 93 00 00 02 00 00 10 00 E2 0C 00 00 04 D6 
00 FF FF 00 10 0D 22 93 00 00 02 00 00 10 00 E3 0C 00 00 07 33 
00 FF FF 00 10 0D 22 93 00 00 02 00 00 10 00 E4 0C 00 00 05 9A 
00 FF FF 00 10 0D 22 93 00 00 02 00 00 10 00 E5 0C 00 00 03 19 
00 FF FF 00 10 0D 22 93 00 00 02 00 00 10 00 E6 0C 00 00 0C 13 
00 FF FF 00 10 0D 22 93 00 00 02 00 00 10 00 E7 0C 00 00 06 E5 
00 FF FF 00 10 0D 22 93 00 00 02 00 00 10 00 E8 0C 00 00 0D 50 
00 FF FF 00 10 0D 22 93 00 00 02 00 00 10 00 E9 0C 00 00 0A 4D 
00 FF FF 00 10 0D 22 93 00 00 02 00 00 10 00 EA 0C 00 00 04 09 
00 FF FF 00 10 0D 22 93 00 00 02 00 00 10 00 EB 0C 00 00 03 4A 
00 FF FF 00 10 0D 22 93 00 00 02 00 00 10 00 EC 0C 00 00 0C 09 
00 FF FF 00 10 0D 22 93 00 00 02 00 00 10 00 ED 0C 00 00 07 0C 
00 FF FF 00 10 0D 22 93 00 00 02 00 00 10 00 EE 0C 00 00 0A 2D 
00 FF FF 00 10 0D 22 93 00 00 02 00 00 10 00 EF 0C 00 00 0A 1E 
00 FF FF 00 10 0D 22 93 00 00 02 00 00 10 00 F0 0C 00 00 0B B5 
00 FF FF 00 10 0D 22 93 00 00 02 00 00 10 00 F1 0C 00 00 03 3B 
00 FF FF 00 10 0D 22 93 00 00 02 00 00 10 00 F2 0C 00 00 0B 12 
00 FF FF 00 10 0D 22 93 00 00 02 00 00 10 00 F3 0C 00 00 03 50 
00 FF FF 00 10 0D 22 93 00 00 02 00 00 10 00 F4 0C 00 00 05 CB 
00 FF FF 00 10 0D 22 93 00 00 02 00 00 10 00 F5 0C 00 00 02 90 
00 FF FF 00 10 0D 22 93 00 00 02 00 00 10 00 F6 0C 00 00 03 B4 
00 FF FF 00 10 0D 22 93 00 00 02 00 00 10 00 F7 0C 00 00 03 06 
00 FF FF 00 10 0D 22 93 00 00 02 00 00 10 00 F8 0C 00 00 06 F5 
00 FF FF 00 10 0D 22 93 00 00 02 00 00 10 00 F9 0C 00 00 12 CA 
00 FF FF 00 10 0D 22 93 00 00 02 00 00 10 00 FA 0C 00 00 02 24 
00 FF FF 00 10 0D 22 93 00 00 02 00 00 10 00 FB 0C 00 00 04 BF 
00 FF FF 00 10 0D 22 93 00 00 02 00 00 10 00 FC 0C 00 00 03 39 
00 FF FF 00 10 0D 22 93 00 00 02 00 00 10 00 FD 0C 00 00 06 06 
00 FF FF 00 10 0D 22 93 00 00 02 00 00 10 00 FE 0C 00 00 03 38 
00 FF FF 00 10 0D 22 93 00 00 02 00 00 10 00 FF 0C 00 00 04 BA 
00 FF FF 00 10 0D 22 93 00 00 02 00 00 10 01 00 0C 00 00 04 BF 
00 FF FF 00 10 0D 22 93 00 00 02 00 00 10 01 01 0C 00 00 04 87 
00 FF FF 00 10 0D 22 93 00 00 02 00 00 10 01 02 0C 00 00 02 AB 
00 FF FF 00 10 0D 22 93 00 00 02 00 00 10 01 03 0C 00 00 04 39 
00 FF FF 00 10 0D 22 93 00 00 02 00 00 10 01 04 0C 00 00 09 B9 
00 FF FF 00 10 0D 22 93 00 00 02 00 00 10 01 05 0C 00 00 05 2E 
00 FF FF 00 10 0D 22 93 00 00 02 00 00 10 01 06 0C 00 00 04 FC 
00 FF FF 00 10 0D 22 93 00 00 02 00 00 10 01 07 0C 00 00 08 A0 
00 FF FF 00 10 0D 22 93 00 00 02 00 00 10 01 08 0C 00 00 04 0F 
00 FF FF 00 10 0D 22 93 00 00 02 00 00 10 01 09 0C 00 00 02 C3 
00 FF FF 00 10 0D 22 93 00 00 02 00 00 10 01 0A 0C 00 00 03 1D 
00 FF FF 00 10 0D 22 93 00 00 02 00 00 10 01 0B 0C 00 00 04 00 
00 FF FF 00 10 0D 22 93 00 00 02 00 00 10 01 0C 0C 00 00 0E A3 
00 FF FF 00 10 0D 22 93 00 00 02 00 00 10 01 0D 0C 00 00 04 00 
00 FF FF 00 10 0D 22 93 00 00 02 00 00 10 01 0E 0C 00 00 0B 06 
00 FF FF 00 10 0D 22 93 00 00 02 00 00 10 01 0F 0C 00 00 0D 9F 
00 FF FF 00 10 0D 22 93 00 00 02 00 00 10 01 10 0C 00 00 06 CF 
00 FF FF 00 10 0D 22 93 00 00 02 00 00 10 01 11 0C 00 00 09 11 
00 FF FF 00 10 0D 22 93 00 00 02 00 00 10 01 12 0C 00 00 07 89 
00 FF FF 00 10 0D 22 93 00 00 02 00 00 10 01 13 0C 00 00 03 19 
00 FF FF 00 10 0D 22 93 00 00 02 00 00 10 01 14 0C 00 00 04 A8 
00 FF FF 00 10 0D 22 93 00 00 02 00 00 10 01 15 0C 00 00 05 18 
00 FF FF 00 10 0D 22 93 00 00 02 00 00 10 01 16 0C 00 00 02 6B 
00 FF FF 00 10 0D 22 93 00 00 02 00 00 10 01 17 0C 00 00 0D 07 
00 FF FF 00 10 0D 22 93 00 00 02 00 00 10 01 18 0C 00 00 18 15 
00 FF FF 00 10 0D 22 93 00 00 02 00 00 10 01 19 0C 00 00 03 D9 
00 FF FF 00 10 0D 22 93 00 00 02 00 00 10 01 1A 0C 00 00 05 2F 
00 FF FF 00 10 0D 22 93 00 00 02 00 00 10 01 1B 0C 00 00 07 A6 
00 FF FF 00 10 0D 22 93 00 00 02 00 00 10 01 1C 0C 00 00 04 B1 
00 FF FF 00 10 0D 22 93 00 00 02 00 00 10 01 1D 0C 00 00 05 ED 
00 FF FF 00 10 0D 22 93 00 00 02 00 00 10 01 1E 0C 00 00 03 6D 
00 FF FF 00 10 0D 22 93 00 00 02 00 00 10 01 1F 0C 00 00 05 F9 
00 FF FF 00 10 0D 22 93 00 00 02 00 00 10 01 20 0C 00 00 15 96 
00 FF FF 00 10 0D 22 93 00 00 02 00 00 10 01 21 0C 00 00 19 4F 
00 FF FF 00 10 0D 22 93 00 00 02 00 00 10 01 22 0C 00 00 0C E0 
00 FF FF 00 10 0D 22 93 00 00 02 00 00 10 01 23 0C 00 00 0A 64 
00 FF FF 00 10 0D 22 93 00 00 02 00 00 10 01 24 0C 00 00 0A 95 
00 FF FF 00 10 0D 22 93 00 00 02 00 00 10 01 25 0C 00 00 09 78 
00 FF FF 00 10 0D 22 93 00 00 02 00 00 10 01 26 0C 00 00 0C 2B 
00 FF FF 00 10 0D 22 93 00 00 02 00 00 10 01 27 0C 00 00 0C 3C 
00 FF FF 00 10 0D 22 93 00 00 02 00 00 10 01 28 0C 00 00 0F 93 
00 FF FF 00 10 0D 22 93 00 00 02 00 00 10 01 29 0C 00 00 1A 42 
00 FF FF 00 10 0D 22 93 00 00 02 00 00 10 01 2A 0C 00 00 0E 12 
00 FF FF 00 10 0D 22 93 00 00 02 00 00 10 01 2B 0C 00 00 09 FC 
00 FF FF 00 10 0D 22 93 00 00 02 00 00 10 01 2C 0C 00 00 07 BF 
00 FF FF 00 10 0D 22 93 00 00 02 00 00 10 01 2D 0C 00 00 01 89 
00 FF FF 00 10 0D 22 93 00 00 02 00 00 10 01 2E 0C 00 00 0B 4C 
00 FF FF 00 10 0D 22 93 00 00 02 00 00 10 01 2F 0C 00 00 0F AA 
00 FF FF 00 10 0D 22 93 00 00 02 00 00 10 01 30 0C 00 00 09 0D 
00 FF FF 00 10 0D 22 93 00 00 02 00 00 10 01 31 0C 00 00 0D 73 
00 FF FF 00 10 0D 22 93 00 00 02 00 00 10 01 32 0C 00 00 0D A8 
00 FF FF 00 10 0D 22 93 00 00 02 00 00 10 01 33 0C 00 00 09 64 
00 FF FF 00 10 0D 22 93 00 00 02 00 00 10 01 34 0C 00 00 06 50 
00 FF FF 00 10 0D 22 93 00 00 02 00 00 10 01 35 0C 00 00 09 7F 
00 FF FF 00 10 0D 22 93 00 00 02 00 00 10 01 36 0C 00 00 0B 3A 
00 FF FF 00 10 0D 22 93 00 00 02 00 00 10 01 37 0C 00 00 00 DF 
00 FF FF 00 10 0D 22 93 00 00 02 00 00 10 01 38 0C 00 00 0C DA 
00 FF FF 00 10 0D 22 93 00 00 02 00 00 10 01 39 0C 00 00 0A D3 
00 FF FF 00 10 0D 22 93 00 00 02 00 00 10 01 3A 0C 00 00 10 78 
00 FF FF 00 10 0D 22 93 00 00 02 00 00 10 01 3B 0C 00 00 06 AA 
00 FF FF 00 10 0D 22 93 00 00 02 00 00 10 01 3C 0C 00 00 04 3D 
00 FF FF 00 10 0D 22 93 00 00 02 00 00 10 01 3D 0C 00 00 06 55 
00 FF FF 00 10 0D 22 93 00 00 02 00 00 10 01 3E 0C 00 00 02 87 
00 FF FF 00 10 0D 22 93 00 00 02 00 00 10 01 3F 0C 00 00 06 EF 
00 FF FF 00 10 0D 22 93 00 00 02 00 00 10 01 40 0C 00 00 10 76 
00 FF FF 00 10 0D 22 93 00 00 02 00 00 10 01 41 0C 00 00 10 66 
00 FF FF 00 10 0D 22 93 00 00 02 00 00 10 01 42 0C 00 00 07 EF 
00 FF FF 00 10 0D 22 93 00 00 02 00 00 10 01 43 0C 00 00 08 89 
00 FF FF 00 10 0D 22 93 00 00 02 00 00 10 01 44 0C 00 00 08 19 
00 FF FF 00 10 0D 22 93 00 00 02 00 00 10 01 45 0C 00 00 07 50 
00 FF FF 00 10 0D 22 93 00 00 02 00 00 10 01 46 0C 00 00 09 E0 
00 FF FF 00 10 0D 22 93 00 00 02 00 00 10 01 47 0C 00 00 09 F9 
00 FF FF 00 10 0D 22 93 00 00 02 00 00 10 01 48 0C 00 00 0C 3B 
00 FF FF 00 10 0D 22 93 00 00 02 00 00 10 01 49 0C 00 00 0C 07 
00 FF FF 00 10 0D 22 93 00 00 02 00 00 10 01 4A 0C 00 00 05 D1 
00 FF FF 00 10 0D 22 93 00 00 02 00 00 10 01 4B 0C 00 00 05 49 
00 FF FF 00 10 0D 22 93 00 00 02 00 00 10 01 4C 0C 00 00 07 4E 
00 FF FF 00 10 0D 22 93 00 00 02 00 00 10 01 4D 0C 00 00 04 F4 
00 FF FF 00 10 0D 22 93 00 00 02 00 00 10 01 4E 0C 00 00 08 EE 
00 FF FF 00 10 0D 22 93 00 00 02 00 00 10 01 4F 0C 00 00 03 B5 
00 FF FF 00 10 0D 22 93 00 00 02 00 00 10 01 50 0C 00 00 0A 9D 
00 FF FF 00 10 0D 22 93 00 00 02 00 00 10 01 51 0C 00 00 06 49 
00 FF FF 00 10 0D 22 93 00 00 02 00 00 10 01 52 0C 00 00 02 C9 
00 FF FF 00 10 0D 22 93 00 00 02 00 00 10 01 53 0C 00 00 16 9B 
00 FF FF 00 10 0D 22 93 00 00 02 00 00 10 01 54 0C 00 00 0A E6 
00 FF FF 00 10 0D 22 93 00 00 02 00 00 10 01 55 0C 00 00 04 F3 
00 FF FF 00 10 0D 22 93 00 00 02 00 00 10 01 56 0C 00 00 0B A8 
00 FF FF 00 10 0D 22 93 00 00 02 00 00 10 01 57 0C 00 00 0C F4 
00 FF FF 00 10 0D 22 93 00 00 02 00 00 10 01 58 0C 00 00 11 1E 
00 FF FF 00 10 0D 22 93 00 00 02 00 00 10 01 59 0C 00 00 08 CF 
00 FF FF 00 10 0D 22 93 00 00 02 00 00 10 01 5A 0C 00 00 11 58 
00 FF FF 00 10 0D 22 93 00 00 02 00 00 10 01 5B 0C 00 00 0C A3 
00 FF FF 00 10 0D 22 93 00 00 02 00 00 10 01 5C 0C 00 00 09 77 
00 FF FF 00 10 0D 22 93 00 00 02 00 00 10 01 5D 0C 00 00 0C 4E 
00 FF FF 00 10 0D 22 93 00 00 02 00 00 10 01 5E 0C 00 00 08 99 
00 FF FF 00 10 0D 22 93 00 00 02 00 00 10 01 5F 0C 00 00 1F E4 
00 FF FF 00 10 0D 22 93 00 00 02 00 00 10 01 60 0C 00 00 16 5F 
00 FF FF 00 10 0D 22 93 00 00 02 00 00 10 01 61 0C 00 00 0C 2E 
00 FF FF 00 10 0D 22 93 00 00 02 00 00 10 01 62 0C 00 00 07 B5 
00 FF FF 00 10 0D 22 93 00 00 02 00 00 10 01 63 0C 00 00 11 F5 
00 FF FF 00 10 0D 22 93 00 00 02 00 00 10 01 64 0C 00 00 09 9C 
00 FF FF 00 10 0D 22 93 00 00 02 00 00 10 01 65 0C 00 00 0B 93 
00 FF FF 00 10 0D 22 93 00 00 02 00 00 10 01 66 0C 00 00 0D 2C 
00 FF FF 00 10 0D 22 93 00 00 02 00 00 10 01 67 0C 00 00 0B 70 
00 FF FF 00 10 0D 22 93 00 00 02 00 00 10 01 68 0C 00 00 0E D4 
00 FF FF 00 10 0D 22 93 00 00 02 00 00 10 01 69 0C 00 00 0C AB 
00 FF FF 00 10 0D 22 93 00 00 02 00 00 10 01 6A 0C 00 00 09 8D 
00 FF FF 00 10 0D 22 93 00 00 02 00 00 10 01 6B 0C 00 00 04 F9 
00 FF FF 00 10 0D 22 93 00 00 02 00 00 10 01 6C 0C 00 00 0D 16 
00 FF FF 00 10 0D 22 93 00 00 02 00 00 10 01 6D 0C 00 00 10 5F 
00 FF FF 00 10 0D 22 93 00 00 02 00 00 10 01 6E 0C 00 00 07 42 
00 FF FF 00 10 0D 22 93 00 00 02 00 00 10 01 6F 0C 00 00 03 14 
00 FF FF 00 10 0D 22 93 00 00 02 00 00 10 01 70 0C 00 00 0A 7A 
00 FF FF 00 10 0D 22 93 00 00 02 00 00 10 01 71 0C 00 00 02 C4 
00 FF FF 00 10 0D 22 93 00 00 02 00 00 10 01 72 0C 00 00 07 11 
00 FF FF 00 10 0D 22 93 00 00 02 00 00 10 01 73 0C 00 00 06 37 
00 FF FF 00 10 0D 22 93 00 00 02 00 00 10 01 74 0C 00 00 0D D2 
00 FF FF 00 10 0D 22 93 00 00 02 00 00 10 01 75 0C 00 00 05 F6 
00 FF FF 00 10 0D 22 93 00 00 02 00 00 10 01 76 0C 00 00 04 BB 
00 FF FF 00 10 0D 22 93 00 00 02 00 00 10 01 77 0C 00 00 04 23 
00 FF FF 00 10 0D 22 93 00 00 02 00 00 10 01 78 0C 00 00 11 FF 
00 FF FF 00 10 0D 22 93 00 00 02 00 00 10 01 79 0C 00 00 09 0B 
00 FF FF 00 10 0D 22 93 00 00 02 00 00 10 01 7A 0C 00 00 08 DE 
00 FF FF 00 10 0D 22 93 00 00 02 00 00 10 01 7B 0C 00 00 07 9E 
00 FF FF 00 10 0D 22 93 00 00 02 00 00 10 01 7C 0C 00 00 06 0F 
00 FF FF 00 10 0D 22 93 00 00 02 00 00 10 01 7D 0C 00 00 05 49 
00 FF FF 00 10 0D 22 93 00 00 02 00 00 10 01 7E 0C 00 00 09 95 
00 FF FF 00 10 0D 22 93 00 00 02 00 00 10 01 7F 0C 00 00 0B 1E 
00 FF FF 00 10 0D 22 93 00 00 02 00 00 10 01 80 0C 00 00 0A 83 
00 FF FF 00 10 0D 22 93 00 00 02 00 00 10 01 81 0C 00 00 0A 42 
00 FF FF 00 10 0D 22 93 00 00 02 00 00 10 01 82 0C 00 00 0D B2 
00 FF FF 00 10 0D 22 93 00 00 02 00 00 10 01 83 0C 00 00 08 6A 
00 FF FF 00 10 0D 22 93 00 00 02 00 00 10 01 84 0C 00 00 0F C6 
00 FF FF 00 10 0D 22 93 00 00 02 00 00 10 01 85 0C 00 00 04 DA 
00 FF FF 00 10 0D 22 93 00 00 02 00 00 10 01 86 0C 00 00 0C 2C 
00 FF FF 00 10 0D 22 93 00 00 02 00 00 10 01 87 0C 00 00 0E D1 
00 FF FF 00 10 0D 22 93 00 00 02 00 00 10 01 88 0C 00 00 0D 7B 
00 FF FF 00 10 0D 22 93 00 00 02 00 00 10 01 89 0C 00 00 0B 16 
00 FF FF 00 10 0D 22 93 00 00 02 00 00 10 01 8A 0C 00 00 0D 05 
00 FF FF 00 10 0D 22 93 00 00 02 00 00 10 01 8B 0C 00 00 09 56 
00 FF FF 00 10 0D 22 93 00 00 02 00 00 10 01 8C 0C 00 00 08 BF 
00 FF FF 00 10 0D 22 93 00 00 02 00 00 10 01 8D 0C 00 00 0A D3 
00 FF FF 00 10 0D 22 93 00 00 02 00 00 10 01 8E 0C 00 00 0C BA 
00 FF FF 00 10 0D 22 93 00 00 02 00 00 10 01 8F 0C 00 00 0D 19 
00 FF FF 00 10 0D 22 93 00 00 02 00 00 10 01 90 0C 00 00 0E 01 
00 FF FF 00 10 0D 22 93 00 00 02 00 00 10 01 91 0C 00 00 10 4B 
00 FF FF 00 10 0D 22 93 00 00 02 00 00 10 01 92 0C 00 00 0C 6A 
00 FF FF 00 10 0D 22 93 00 00 02 00 00 10 01 93 0C 00 00 0D 02 
00 FF FF 00 10 0D 22 93 00 00 02 00 00 10 01 94 0C 00 00 0C E3 
00 FF FF 00 10 0D 22 93 00 00 02 00 00 10 01 95 0C 00 00 0B 4D 
00 FF FF 00 10 0D 22 93 00 00 02 00 00 10 01 97 0C 00 00 0C C6 
00 FF FF 00 10 0D 22 93 00 00 02 00 00 10 01 98 0C 00 00 0C 62 
00 FF FF 00 10 0D 22 93 00 00 02 00 00 10 01 99 0C 00 00 0E 11 
00 FF FF 00 10 0D 22 93 00 00 02 00 00 10 01 9A 0C 00 00 18 12 
00 FF FF 00 10 0D 22 93 00 00 02 00 00 10 01 9B 0C 00 00 16 8E 
00 FF FF 00 10 0D 22 93 00 00 02 00 00 10 01 9C 0C 00 00 15 AB 
00 FF FF 00 10 0D 22 93 00 00 02 00 00 10 01 9D 0C 00 00 0A B7 
00 FF FF 00 10 0D 22 93 00 00 02 00 00 10 01 9E 0C 00 00 09 EB 
00 FF FF 00 10 0D 22 93 00 00 02 00 00 10 01 9F 0C 00 00 0D DD 
00 FF FF 00 10 0D 22 93 00 00 02 00 00 10 01 A0 0C 00 00 0D DE 
00 FF FF 00 10 0D 22 93 00 00 02 00 00 10 01 A1 0C 00 00 0B AA 
00 FF FF 00 10 0D 22 93 00 00 02 00 00 10 01 A2 0C 00 00 11 EE 
00 FF FF 00 10 0D 22 93 00 00 02 00 00 10 01 A3 0C 00 00 1D AA 
00 FF FF 00 10 0D 22 93 00 00 02 00 00 10 01 A4 0C 00 00 11 6F 
00 FF FF 00 10 0D 22 93 00 00 02 00 00 10 01 A5 0C 00 00 05 AF 
00 FF FF 00 10 0D 22 93 00 00 02 00 00 10 01 A6 0C 00 00 0C 18 
00 FF FF 00 10 0D 22 93 00 00 02 00 00 10 01 A7 0C 00 00 0C B5 
00 FF FF 00 10 0D 22 93 00 00 02 00 00 10 01 A8 0C 00 00 0E E7 
00 FF FF 00 10 0D 22 93 00 00 02 00 00 10 01 A9 0C 00 00 07 FF 
00 FF FF 00 10 0D 22 93 00 00 02 00 00 10 01 AA 0C 00 00 0A 4E 
00 FF FF 00 10 0D 22 93 00 00 02 00 00 10 01 AB 0C 00 00 10 30 
00 FF FF 00 10 0D 22 93 00 00 02 00 00 10 01 AC 0C 00 00 13 F1 
00 FF FF 00 10 0D 22 93 00 00 02 00 00 10 01 AD 0C 00 00 15 2F 
00 FF FF 00 10 0D 22 93 00 00 02 00 00 10 01 AE 0C 00 00 0D FE 
00 FF FF 00 10 0D 22 93 00 00 02 00 00 10 01 AF 0C 00 00 04 B0 
00 FF FF 00 10 0D 22 93 00 00 02 00 00 10 01 B0 0C 00 00 0B C3 
00 FF FF 00 10 0D 22 93 00 00 02 00 00 10 01 B1 0C 00 00 09 24 
00 FF FF 00 10 0D 22 93 00 00 02 00 00 10 01 B2 0C 00 00 13 33 
00 FF FF 00 10 0D 22 93 00 00 02 00 00 10 01 B3 0C 00 00 0B 5A 
00 FF FF 00 10 0D 22 93 00 00 02 00 00 10 01 B4 0C 00 00 0B 40 
00 FF FF 00 10 0D 22 93 00 00 02 00 00 10 01 B5 0C 00 00 18 32 
00 FF FF 00 10 0D 22 93 00 00 02 00 00 10 01 B6 0C 00 00 03 DA 
00 FF FF 00 10 0D 22 93 00 00 02 00 00 10 01 B7 0C 00 00 09 15 
00 FF FF 00 10 0D 22 93 00 00 02 00 00 10 01 B8 0C 00 00 1A 17 
00 FF FF 00 10 0D 22 93 00 00 02 00 00 10 01 B9 0C 00 00 0B 12 
00 FF FF 00 10 0D 22 93 00 00 02 00 00 10 01 BA 0C 00 00 0F EB 
00 FF FF 00 10 0D 22 93 00 00 02 00 00 10 01 BB 0C 00 00 0B 98 
00 FF FF 00 10 0D 22 93 00 00 02 00 00 10 01 BC 0C 00 00 0D 99 
00 FF FF 00 10 0D 22 93 00 00 02 00 00 10 01 BD 0C 00 00 01 CD 
00 FF FF 00 10 0D 22 93 00 00 02 00 00 10 01 BE 0C 00 00 11 9D 
00 FF FF 00 10 0D 22 93 00 00 02 00 00 10 01 BF 0C 00 00 10 76 
00 FF FF 00 10 0D 22 93 00 00 02 00 00 10 01 C0 0C 00 00 11 A3 
00 FF FF 00 10 0D 22 93 00 00 02 00 00 10 01 C1 0C 00 00 0E FE 
00 FF FF 00 10 0D 22 93 00 00 02 00 00 10 01 C2 0C 00 00 09 37 
00 FF FF 00 10 0D 22 93 00 00 02 00 00 10 01 C3 0C 00 00 0A E0 
00 FF FF 00 10 0D 22 93 00 00 02 00 00 10 01 C4 0C 00 00 0D D8 
00 FF FF 00 10 0D 22 93 00 00 02 00 00 10 01 C5 0C 00 00 18 81 
00 FF FF 00 10 0D 22 93 00 00 02 00 00 10 01 C6 0C 00 00 15 E9 
00 FF FF 00 10 0D 22 93 00 00 02 00 00 10 01 C7 0C 00 00 16 D6 
00 FF FF 00 10 0D 22 93 00 00 02 00 00 10 01 C8 0C 00 00 08 75 
00 FF FF 00 10 0D 22 93 00 00 02 00 00 10 01 C9 0C 00 00 0B 4A 
00 FF FF 00 10 0D 22 93 00 00 02 00 00 10 01 CA 0C 00 00 0A ED 
00 FF FF 00 10 0D 22 93 00 00 02 00 00 10 01 CB 0C 00 00 0D 93 
00 FF FF 00 10 0D 22 93 00 00 02 00 00 10 01 CC 0C 00 00 0E 30 
00 FF FF 00 10 0D 22 93 00 00 02 00 00 10 01 CD 0C 00 00 03 6F 
00 FF FF 00 10 0D 22 93 00 00 02 00 00 10 01 CE 0C 00 00 1F 09 
00 FF FF 00 10 0D 22 93 00 00 02 00 00 10 01 CF 0C 00 00 1D CD 
00 FF FF 00 10 0D 22 93 00 00 02 00 00 10 01 D0 0C 00 00 0E 11 
00 FF FF 00 10 0D 22 93 00 00 02 00 00 10 01 D1 0C 00 00 0D AB 
00 FF FF 00 10 0D 22 93 00 00 02 00 00 10 01 D2 0C 00 00 14 4E 
00 FF FF 00 10 0D 22 93 00 00 02 00 00 10 01 D3 0C 00 00 0B B5 
00 FF FF 00 10 0D 22 93 00 00 02 00 00 10 01 D4 0C 00 00 09 B9 
00 FF FF 00 10 0D 22 93 00 00 02 00 00 10 01 D5 0C 00 00 04 90 
00 FF FF 00 10 0D 22 93 00 00 02 00 00 10 01 D6 0C 00 00 0B 76 
00 FF FF 00 10 0D 22 93 00 00 02 00 00 10 01 D7 0C 00 00 0C 68 
00 FF FF 00 10 0D 22 93 00 00 02 00 00 10 01 D8 0C 00 00 0D 4D 
00 FF FF 00 10 0D 22 93 00 00 02 00 00 10 01 D9 0C 00 00 12 65 
00 FF FF 00 10 0D 22 93 00 00 02 00 00 10 01 DA 0C 00 00 0D BC 
00 FF FF 00 10 0D 22 93 00 00 02 00 00 10 01 DB 0C 00 00 0E 2A 
00 FF FF 00 10 0D 22 93 00 00 02 00 00 10 01 DC 0C 00 00 0D C1 
00 FF FF 00 10 0D 22 93 00 00 02 00 00 10 01 DD 0C 00 00 09 52 
00 FF FF 00 10 0D 22 93 00 00 02 00 00 10 01 DE 0C 00 00 07 09 
00 FF FF 00 10 0D 22 93 00 00 02 00 00 10 01 E0 0C 00 00 10 D0 
00 FF FF 00 10 0D 22 93 00 00 02 00 00 10 01 E1 0C 00 00 13 5C 
00 FF FF 00 10 0D 22 93 00 00 02 00 00 10 01 E2 0C 00 00 08 5F 
00 FF FF 00 10 0D 22 93 00 00 02 00 00 10 01 E3 0C 00 00 10 EE 
00 FF FF 00 10 0D 22 93 00 00 02 00 00 10 01 E4 0C 00 00 0A AD 
00 FF FF 00 10 0D 22 93 00 00 02 00 00 10 01 E5 0C 00 00 09 2D 
00 FF FF 00 10 0D 22 93 00 00 02 00 00 10 01 E6 0C 00 00 0D C5 
00 FF FF 00 10 0D 22 93 00 00 02 00 00 10 01 E7 0C 00 00 0D 37 
00 FF FF 00 10 0D 22 93 00 00 02 00 00 10 01 E8 0C 00 00 0B 5C 
00 FF FF 00 10 0D 22 93 00 00 02 00 00 10 01 E9 0C 00 00 0D 33 
00 FF FF 00 10 0D 22 93 00 00 02 00 00 10 01 EA 0C 00 00 04 F8 
00 FF FF 00 10 0D 22 93 00 00 02 00 00 10 01 EB 0C 00 00 0C 1F 
00 FF FF 00 10 0D 22 93 00 00 02 00 00 10 01 EC 0C 00 00 0C 74 
00 FF FF 00 10 0D 22 93 00 00 02 00 00 10 01 ED 0C 00 00 06 A5 
00 FF FF 00 10 0D 22 93 00 00 02 00 00 10 01 EE 0C 00 00 03 97 
00 FF FF 00 10 0D 22 93 00 00 02 00 00 10 01 EF 0C 00 00 0B 0D 
00 FF FF 00 10 0D 22 93 00 00 02 00 00 10 01 F0 0C 00 00 0E 79 
00 FF FF 00 10 0D 22 93 00 00 02 00 00 10 01 F1 0C 00 00 0F 8F 
00 FF FF 00 10 0D 22 93 00 00 02 00 00 10 01 F2 0C 00 00 13 AD 
00 FF FF 00 10 0D 22 93 00 00 02 00 00 10 01 F3 0C 00 00 11 CE 
00 FF FF 00 10 0D 22 93 00 00 02 00 00 10 01 F4 0C 00 00 09 45 
00 FF FF 00 10 0D 22 93 00 00 02 00 00 10 01 F5 0C 00 00 01 BF 
00 FF FF 00 10 0D 22 93 00 00 02 00 00 10 01 F6 0C 00 00 09 36 
00 FF FF 00 10 0D 22 93 00 00 02 00 00 10 01 F7 0C 00 00 08 B6 
00 FF FF 00 10 0D 22 93 00 00 02 00 00 10 01 F8 0C 00 00 0C 53 
00 FF FF 00 10 0D 22 93 00 00 02 00 00 10 01 F9 0C 00 00 0F F8 
00 FF FF 00 10 0D 22 93 00 00 02 00 00 10 01 FA 0C 00 00 18 E9 
00 FF FF 00 10 0D 22 93 00 00 02 00 00 10 01 FB 0C 00 00 0E C7 
00 FF FF 00 10 0D 22 93 00 00 02 00 00 10 01 FC 0C 00 00 13 86 
00 FF FF 00 10 0D 22 93 00 00 02 00 00 10 01 FD 0C 00 00 09 26 
00 FF FF 00 10 0D 22 93 00 00 02 00 00 10 01 FE 0C 00 00 08 A2 
00 FF FF 00 10 0D 22 93 00 00 02 00 00 10 01 FF 0C 00 00 06 E5 
00 FF FF 00 10 0D 22 93 00 00 02 00 00 10 02 00 0C 00 00 07 4D 
00 FF FF 00 10 0D 22 93 00 00 02 00 00 10 02 01 0C 00 00 0C D1 
00 FF FF 00 10 0D 22 93 00 00 02 00 00 10 02 02 0C 00 00 0F 7E 
00 FF FF 00 10 0D 22 93 00 00 02 00 00 10 02 03 0C 00 00 0F DD 
00 FF FF 00 10 0D 22 93 00 00 02 00 00 10 02 04 0C 00 00 0B 5C 
00 FF FF 00 10 0D 22 93 00 00 02 00 00 10 02 05 0C 00 00 0F 46 
00 FF FF 00 10 0D 22 93 00 00 02 00 00 10 02 06 0C 00 00 0D A8 
00 FF FF 00 10 0D 22 93 00 00 02 00 00 10 02 07 0C 00 00 0C 96 
00 FF FF 00 10 0D 22 93 00 00 02 00 00 10 02 08 0C 00 00 0C 63 
00 FF FF 00 10 0D 22 93 00 00 02 00 00 10 02 09 0C 00 00 04 B6 
00 FF FF 00 10 0D 22 93 00 00 02 00 00 10 02 0A 0C 00 00 0B 24 
00 FF FF 00 10 0D 22 93 00 00 02 00 00 10 02 0B 0C 00 00 13 23 
00 FF FF 00 10 0D 22 93 00 00 02 00 00 10 02 0C 0C 00 00 11 7C 
00 FF FF 00 10 0D 22 93 00 00 02 00 00 10 02 0D 0C 00 00 0C AD 
00 FF FF 00 10 0D 22 93 00 00 02 00 00 10 02 0E 0C 00 00 09 78 
00 FF FF 00 10 0D 22 93 00 00 02 00 00 10 02 0F 0C 00 00 0E 66 
00 FF FF 00 10 0D 22 93 00 00 02 00 00 10 02 10 0C 00 00 0A 6F 
00 FF FF 00 10 0D 22 93 00 00 02 00 00 10 02 11 0C 00 00 12 FB 
00 FF FF 00 10 0D 22 93 00 00 02 00 00 10 02 12 0C 00 00 10 4D 
00 FF FF 00 10 0D 22 93 00 00 02 00 00 10 02 13 0C 00 00 0F 4D 
00 FF FF 00 10 0D 22 93 00 00 02 00 00 10 02 14 0C 00 00 0B C9 
00 FF FF 00 10 0D 22 93 00 00 02 00 00 10 02 15 0C 00 00 04 D2 
00 FF FF 00 10 0D 22 93 00 00 02 00 00 10 02 16 0C 00 00 05 C9 
00 FF FF 00 10 0D 22 93 00 00 02 00 00 10 02 17 0C 00 00 0A 26 
00 FF FF 00 10 0D 22 93 00 00 02 00 00 10 02 18 0C 00 00 09 1B 
00 FF FF 00 10 0D 22 93 00 00 02 00 00 10 02 19 0C 00 00 05 25 
00 FF FF 00 10 0D 22 93 00 00 02 00 00 10 02 1A 0C 00 00 07 DB 
00 FF FF 00 10 0D 22 93 00 00 02 00 00 10 02 1B 0C 00 00 04 64 
00 FF FF 00 10 0D 22 93 00 00 02 00 00 10 02 1C 0C 00 00 08 34 
00 FF FF 00 10 0D 22 93 00 00 02 00 00 10 02 1D 0C 00 00 0A E1 
00 FF FF 00 10 0D 22 93 00 00 02 00 00 10 02 1E 0C 00 00 06 A5 
00 FF FF 00 10 0D 22 93 00 00 02 00 00 10 02 1F 0C 00 00 04 EB 
00 FF FF 00 10 0D 22 93 00 00 02 00 00 10 02 20 0C 00 00 11 4D 
00 FF FF 00 10 0D 22 93 00 00 02 00 00 10 02 21 0C 00 00 0B B8 
00 FF FF 00 10 0D 22 93 00 00 02 00 00 10 02 22 0C 00 00 0E 28 
00 FF FF 00 10 0D 22 93 00 00 02 00 00 10 02 23 0C 00 00 0B 9A 
00 FF FF 00 10 0D 22 93 00 00 02 00 00 10 02 24 0C 00 00 06 2E 
00 FF FF 00 10 0D 22 93 00 00 02 00 00 10 02 25 0C 00 00 0C 91 
00 FF FF 00 10 0D 22 93 00 00 02 00 00 10 02 26 0C 00 00 05 73 
00 FF FF 00 10 0D 22 93 00 00 02 00 00 10 02 27 0C 00 00 05 90 
00 FF FF 00 10 0D 22 93 00 00 02 00 00 10 02 28 0C 00 00 11 23 
00 FF FF 00 10 0D 22 93 00 00 02 00 00 10 02 29 0C 00 00 07 AD 
00 FF FF 00 10 0D 22 93 00 00 02 00 00 10 02 2A 0C 00 00 05 2C 
00 FF FF 00 10 0D 22 93 00 00 02 00 00 10 02 2B 0C 00 00 0D D3 
00 FF FF 00 10 0D 22 93 00 00 02 00 00 10 02 2C 0C 00 00 13 37 
00 FF FF 00 10 0D 22 93 00 00 02 00 00 10 02 2D 0C 00 00 10 44 
00 FF FF 00 10 0D 22 93 00 00 02 00 00 10 02 2E 0C 00 00 10 B6 
00 FF FF 00 10 0D 22 93 00 00 02 00 00 10 02 2F 0C 00 00 0F 04 
00 FF FF 00 10 0D 22 93 00 00 02 00 00 10 02 30 0C 00 00 0B 62 
00 FF FF 00 10 0D 22 93 00 00 02 00 00 10 02 31 0C 00 00 0C FB 
00 FF FF 00 10 0D 22 93 00 00 02 00 00 10 02 32 0C 00 00 09 FA 
00 FF FF 00 10 0D 22 93 00 00 02 00 00 10 02 33 0C 00 00 0A A2 
00 FF FF 00 10 0D 22 93 00 00 02 00 00 10 02 34 0C 00 00 0A 16 
00 FF FF 00 10 0D 22 93 00 00 02 00 00 10 02 35 0C 00 00 15 DE 
00 FF FF 00 10 0D 22 93 00 00 02 00 00 10 02 36 0C 00 00 11 C6 
00 FF FF 00 10 0D 22 93 00 00 02 00 00 10 02 37 0C 00 00 02 91 
00 FF FF 00 10 0D 22 93 00 00 02 00 00 10 02 38 0C 00 00 07 00 
00 FF FF 00 10 0D 22 93 00 00 02 00 00 10 02 39 0C 00 00 0E 7B 
00 FF FF 00 10 0D 22 93 00 00 02 00 00 10 02 3A 0C 00 00 08 AA 
00 FF FF 00 10 0D 22 93 00 00 02 00 00 10 02 3B 0C 00 00 09 96 
00 FF FF 00 10 0D 22 93 00 00 02 00 00 10 02 3C 0C 00 00 0A 70 
00 FF FF 00 10 0D 22 93 00 00 02 00 00 10 02 3D 0C 00 00 0B A5 
00 FF FF 00 10 0D 22 93 00 00 02 00 00 10 02 3E 0C 00 00 0E 35 
00 FF FF 00 10 0D 22 93 00 00 02 00 00 10 02 3F 0C 00 00 08 64 
00 FF FF 00 10 0D 22 93 00 00 02 00 00 10 02 40 0C 00 00 13 93 
00 FF FF 00 10 0D 22 93 00 00 02 00 00 10 02 41 0C 00 00 10 84 
00 FF FF 00 10 0D 22 93 00 00 02 00 00 10 02 42 0C 00 00 02 C9 
00 FF FF 00 10 0D 22 93 00 00 02 00 00 10 02 43 0C 00 00 11 E5 
00 FF FF 00 10 0D 22 93 00 00 02 00 00 10 02 44 0C 00 00 0A 0D 
00 FF FF 00 10 0D 22 93 00 00 02 00 00 10 02 45 0C 00 00 04 BE 
00 FF FF 00 10 0D 22 93 00 00 02 00 00 10 02 46 0C 00 00 05 33 
00 FF FF 00 10 0D 22 93 00 00 02 00 00 10 02 47 0C 00 00 04 A3 
00 FF FF 00 10 0D 22 93 00 00 02 00 00 10 02 48 0C 00 00 05 B1 
00 FF FF 00 10 0D 22 93 00 00 02 00 00 10 02 49 0C 00 00 0A 79 
00 FF FF 00 10 0D 22 93 00 00 02 00 00 10 02 4A 0C 00 00 0E B7 
00 FF FF 00 10 0D 22 93 00 00 02 00 00 10 02 4B 0C 00 00 0C E2 
00 FF FF 00 10 0D 22 93 00 00 02 00 00 10 02 4C 0C 00 00 06 EC 
00 FF FF 00 10 0D 22 93 00 00 02 00 00 10 02 4D 0C 00 00 07 1C 
00 FF FF 00 10 0D 22 93 00 00 02 00 00 10 02 4E 0C 00 00 02 43 
00 FF FF 00 10 0D 22 93 00 00 02 00 00 10 02 4F 0C 00 00 0E E8 
00 FF FF 00 10 0D 22 93 00 00 02 00 00 10 02 50 0C 00 00 0B 30 
00 FF FF 00 10 0D 22 93 00 00 02 00 00 10 02 51 0C 00 00 0F 50 
00 FF FF 00 10 0D 22 93 00 00 02 00 00 10 02 52 0C 00 00 0D 47 
00 FF FF 00 10 0D 22 93 00 00 02 00 00 10 02 53 0C 00 00 11 F8 
00 FF FF 00 10 0D 22 93 00 00 02 00 00 10 02 54 0C 00 00 0A 68 
00 FF FF 00 10 0D 22 93 00 00 02 00 00 10 02 55 0C 00 00 0C 6A 
00 FF FF 00 10 0D 22 93 00 00 02 00 00 10 02 56 0C 00 00 0B 09 
00 FF FF 00 10 0D 22 93 00 00 02 00 00 10 02 57 0C 00 00 0A 57 
00 FF FF 00 10 0D 22 93 00 00 02 00 00 10 02 58 0C 00 00 0F B1 
00 FF FF 00 10 0D 22 93 00 00 02 00 00 10 02 5A 0C 00 00 0B 5D 
00 FF FF 00 10 0D 22 93 00 00 02 00 00 10 02 5B 0C 00 00 15 8B 
00 FF FF 00 10 0D 22 93 00 00 02 00 00 10 02 5C 0C 00 00 0E 83 
00 FF FF 00 10 0D 22 93 00 00 02 00 00 10 02 5D 0C 00 00 0A 00 
00 FF FF 00 10 0D 22 93 00 00 02 00 00 10 02 5E 0C 00 00 08 8C 
00 FF FF 00 10 0D 22 93 00 00 02 00 00 10 02 5F 0C 00 00 08 85 
00 FF FF 00 10 0D 22 93 00 00 02 00 00 10 02 60 0C 00 00 07 09 
00 FF FF 00 10 0D 22 93 00 00 02 00 00 10 02 61 0C 00 00 09 C4 
00 FF FF 00 10 0D 22 93 00 00 02 00 00 10 02 62 0C 00 00 0C 41 
00 FF FF 00 10 0D 22 93 00 00 02 00 00 10 02 63 0C 00 00 17 9B 
00 FF FF 00 10 0D 22 93 00 00 02 00 00 10 02 64 0C 00 00 1D CF 
00 FF FF 00 10 0D 22 93 00 00 02 00 00 10 02 65 0C 00 00 18 FE 
00 FF FF 00 10 0D 22 93 00 00 02 00 00 10 02 66 0C 00 00 0D EF 
00 FF FF 00 10 0D 22 93 00 00 02 00 00 10 02 67 0C 00 00 05 A0 
00 FF FF 00 10 0D 22 93 00 00 02 00 00 10 02 68 0C 00 00 0A 83 
00 FF FF 00 10 0D 22 93 00 00 02 00 00 10 02 69 0C 00 00 05 26 
00 FF FF 00 10 0D 22 93 00 00 02 00 00 10 02 6A 0C 00 00 05 4D 
00 FF FF 00 10 0D 22 93 00 00 02 00 00 10 02 6B 0C 00 00 07 F3 
00 FF FF 00 10 0D 22 93 00 00 02 00 00 10 02 6C 0C 00 00 08 34 
00 FF FF 00 10 0D 22 93 00 00 02 00 00 10 02 6D 0C 00 00 0F 31 
00 FF FF 00 10 0D 22 93 00 00 02 00 00 10 02 6E 0C 00 00 08 13 
00 FF FF 00 10 0D 22 93 00 00 02 00 00 10 02 6F 0C 00 00 09 4F 
00 FF FF 00 10 0D 22 93 00 00 02 00 00 10 02 70 0C 00 00 07 CC 
00 FF FF 00 10 0D 22 93 00 00 02 00 00 10 02 71 0C 00 00 0C 33 
00 FF FF 00 10 0D 22 93 00 00 02 00 00 10 02 72 0C 00 00 12 22 
00 FF FF 00 10 0D 22 93 00 00 02 00 00 10 02 73 0C 00 00 1A B4 
00 FF FF 00 10 0D 22 93 00 00 02 00 00 10 02 74 0C 00 00 19 3E 
00 FF FF 00 10 0D 22 93 00 00 02 00 00 10 02 75 0C 00 00 07 32 
00 FF FF 00 10 0D 22 93 00 00 02 00 00 10 02 76 0C 00 00 06 83 
00 FF FF 00 10 0D 22 93 00 00 02 00 00 10 02 77 0C 00 00 0F 03 
00 FF FF 00 10 0D 22 93 00 00 02 00 00 10 02 78 0C 00 00 05 F4 
00 FF FF 00 10 0D 22 93 00 00 02 00 00 10 02 79 0C 00 00 0C A3 
00 FF FF 00 10 0D 22 93 00 00 02 00 00 10 02 7A 0C 00 00 0A 5E 
00 FF FF 00 10 0D 22 93 00 00 02 00 00 10 02 7B 0C 00 00 0B 2E 
00 FF FF 00 10 0D 22 93 00 00 02 00 00 10 02 7C 0C 00 00 0A EC 
00 FF FF 00 10 0D 22 93 00 00 02 00 00 10 02 7D 0C 00 00 11 34 
00 FF FF 00 10 0D 22 93 00 00 02 00 00 10 02 7E 0C 00 00 06 6B 
00 FF FF 00 10 0D 22 93 00 00 02 00 00 10 02 7F 0C 00 00 0E 63 
00 FF FF 00 10 0D 22 93 00 00 02 00 00 10 02 80 0C 00 00 08 73 
00 FF FF 00 10 0D 22 93 00 00 02 00 00 10 02 81 0C 00 00 07 A0 
00 FF FF 00 10 0D 22 93 00 00 02 00 00 10 02 82 0C 00 00 09 37 
00 FF FF 00 10 0D 22 93 00 00 02 00 00 10 02 83 0C 00 00 0B EF 
00 FF FF 00 10 0D 22 93 00 00 02 00 00 10 02 84 0C 00 00 04 14 
00 FF FF 00 10 0D 22 93 00 00 02 00 00 10 02 85 0C 00 00 0F 5F 
00 FF FF 00 10 0D 22 93 00 00 02 00 00 10 02 86 0C 00 00 08 70 
00 FF FF 00 10 0D 22 93 00 00 02 00 00 10 02 87 0C 00 00 0C 67 
00 FF FF 00 10 0D 22 93 00 00 02 00 00 10 02 88 0C 00 00 09 75 
00 FF FF 00 10 0D 22 93 00 00 02 00 00 10 02 89 0C 00 00 0A 44 
00 FF FF 00 10 0D 22 93 00 00 02 00 00 10 02 8A 0C 00 00 0A A9 
00 FF FF 00 10 0D 22 93 00 00 02 00 00 10 02 8B 0C 00 00 0A BB 
00 FF FF 00 10 0D 22 93 00 00 02 00 00 10 02 8C 0C 00 00 0A 93 
00 FF FF 00 10 0D 22 93 00 00 02 00 00 10 02 8D 0C 00 00 0B 48 
00 FF FF 00 10 0D 22 93 00 00 02 00 00 10 02 8E 0C 00 00 17 33 
00 FF FF 00 10 0D 22 93 00 00 02 00 00 10 02 8F 0C 00 00 0F 87 
00 FF FF 00 10 0D 22 93 00 00 02 00 00 10 02 90 0C 00 00 0C E5 
00 FF FF 00 10 0D 22 93 00 00 02 00 00 10 02 91 0C 00 00 0A F5 
00 FF FF 00 10 0D 22 93 00 00 02 00 00 10 02 92 0C 00 00 18 1B 
00 FF FF 00 10 0D 22 93 00 00 02 00 00 10 02 93 0C 00 00 14 F8 
00 FF FF 00 10 0D 22 93 00 00 02 00 00 10 02 94 0C 00 00 09 2C 
00 FF FF 00 10 0D 22 93 00 00 02 00 00 10 02 95 0C 00 00 04 96 
00 FF FF 00 10 0D 22 93 00 00 02 00 00 10 02 96 0C 00 00 1B 0B 
00 FF FF 00 10 0D 22 93 00 00 02 00 00 10 02 97 0C 00 00 09 9F 
00 FF FF 00 10 0D 22 93 00 00 02 00 00 10 02 98 0C 00 00 0F 2D 
00 FF FF 00 10 0D 22 93 00 00 02 00 00 10 02 99 0C 00 00 12 96 
00 FF FF 00 10 0D 22 93 00 00 02 00 00 10 02 9A 0C 00 00 0C 17 
00 FF FF 00 10 0D 22 93 00 00 02 00 00 10 02 9B 0C 00 00 0A C6 
00 FF FF 00 10 0D 22 93 00 00 02 00 00 10 02 9C 0C 00 00 0C BB 
00 FF FF 00 10 0D 22 93 00 00 02 00 00 10 02 9D 0C 00 00 12 1E 
00 FF FF 00 10 0D 22 93 00 00 02 00 00 10 02 9E 0C 00 00 01 AA 
00 FF FF 00 10 0D 22 93 00 00 02 00 00 10 02 9F 0C 00 00 03 57 
00 FF FF 00 10 0D 22 93 00 00 02 00 00 10 02 A0 0C 00 00 0A A7 
00 FF FF 00 10 0D 22 93 00 00 02 00 00 10 02 A1 0C 00 00 14 3B 
00 FF FF 00 10 0D 22 93 00 00 02 00 00 10 02 A2 0C 00 00 14 58 
00 FF FF 00 10 0D 22 93 00 00 02 00 00 10 02 A3 0C 00 00 0C 25 
00 FF FF 00 10 0D 22 93 00 00 02 00 00 10 02 A4 0C 00 00 17 33 
00 FF FF 00 10 0D 22 93 00 00 02 00 00 10 02 A5 0C 00 00 0F 0D 
00 FF FF 00 10 0D 22 93 00 00 02 00 00 10 02 A6 0C 00 00 0C C5 
00 FF FF 00 10 0D 22 93 00 00 02 00 00 10 02 A7 0C 00 00 12 0B 
00 FF FF 00 10 0D 22 93 00 00 02 00 00 10 02 A8 0C 00 00 05 8C 
00 FF FF 00 10 0D 22 93 00 00 02 00 00 10 02 A9 0C 00 00 11 91 
00 FF FF 00 10 0D 22 93 00 00 02 00 00 10 02 AA 0C 00 00 0C 1C 
00 FF FF 00 10 0D 22 93 00 00 02 00 00 10 02 AB 0C 00 00 12 64 
00 FF FF 00 10 0D 22 93 00 00 02 00 00 10 02 AC 0C 00 00 14 82 
00 FF FF 00 10 0D 22 93 00 00 02 00 00 10 02 AD 0C 00 00 11 DA 
00 FF FF 00 10 0D 22 93 00 00 02 00 00 10 02 AE 0C 00 00 0B EB 
00 FF FF 00 10 0D 22 93 00 00 02 00 00 10 02 AF 0C 00 00 08 4C 
00 FF FF 00 10 0D 22 93 00 00 02 00 00 10 02 B0 0C 00 00 09 05 
00 FF FF 00 10 0D 22 93 00 00 02 00 00 10 02 B1 0C 00 00 0E 33 
00 FF FF 00 10 0D 22 93 00 00 02 00 00 10 02 B2 0C 00 00 14 4E 
00 FF FF 00 10 0D 22 93 00 00 02 00 00 10 02 B3 0C 00 00 0F DA 
00 FF FF 00 10 0D 22 93 00 00 02 00 00 10 02 B4 0C 00 00 11 B2 
00 FF FF 00 10 0D 22 93 00 00 02 00 00 10 02 B5 0C 00 00 11 3C 
00 FF FF 00 10 0D 22 93 00 00 02 00 00 10 02 B6 0C 00 00 0C A0 
00 FF FF 00 10 0D 22 93 00 00 02 00 00 10 02 B7 0C 00 00 06 D9 
00 FF FF 00 10 0D 22 93 00 00 02 00 00 10 02 B8 0C 00 00 0C D0 
00 FF FF 00 10 0D 22 93 00 00 02 00 00 10 02 B9 0C 00 00 0D 06 
00 FF FF 00 10 0D 22 93 00 00 02 00 00 10 02 BA 0C 00 00 0C 53 
00 FF FF 00 10 0D 22 93 00 00 02 00 00 10 02 BB 0C 00 00 0E BF 
00 FF FF 00 10 0D 22 93 00 00 02 00 00 10 02 BC 0C 00 00 15 72 
00 FF FF 00 10 0D 22 93 00 00 02 00 00 10 02 BD 0C 00 00 01 B0 
00 FF FF 00 10 0D 22 93 00 00 02 00 00 10 02 BE 0C 00 00 0B BD 
00 FF FF 00 10 0D 22 93 00 00 02 00 00 10 02 BF 0C 00 00 01 16 
00 FF FF 00 10 0D 22 93 00 00 02 00 00 10 02 C0 0C 00 00 0D FE 
00 FF FF 00 10 0D 22 93 00 00 02 00 00 10 02 C1 0C 00 00 0C 2B 
00 FF FF 00 10 0D 22 93 00 00 02 00 00 10 02 C2 0C 00 00 0D 17 
00 FF FF 00 10 0D 22 93 00 00 02 00 00 10 02 C3 0C 00 00 0E DA 
00 FF FF 00 10 0D 22 93 00 00 02 00 00 10 02 C4 0C 00 00 13 93 
00 FF FF 00 10 0D 22 93 00 00 02 00 00 10 02 C5 0C 00 00 10 43 
00 FF FF 00 10 0D 22 93 00 00 02 00 00 10 02 C6 0C 00 00 19 3A 
00 FF FF 00 10 0D 22 93 00 00 02 00 00 10 02 C7 0C 00 00 10 34 
00 FF FF 00 10 0D 22 93 00 00 02 00 00 10 02 C8 0C 00 00 0C C1 
00 FF FF 00 10 0D 22 93 00 00 02 00 00 10 02 C9 0C 00 00 06 F3 
00 FF FF 00 10 0D 22 93 00 00 02 00 00 10 02 CA 0C 00 00 0B BB 
00 FF FF 00 10 0D 22 93 00 00 02 00 00 10 02 CB 0C 00 00 0A 34 
00 FF FF 00 10 0D 22 93 00 00 02 00 00 10 02 CC 0C 00 00 0F 7E 
00 FF FF 00 10 0D 22 93 00 00 02 00 00 10 02 CD 0C 00 00 1A 45 
00 FF FF 00 10 0D 22 93 00 00 02 00 00 10 02 CE 0C 00 00 03 E5 
00 FF FF 00 10 0D 22 93 00 00 02 00 00 10 02 CF 0C 00 00 14 D2 
00 FF FF 00 10 0D 22 93 00 00 02 00 00 10 02 D0 0C 00 00 08 92 
00 FF FF 00 10 0D 22 93 00 00 02 00 00 10 02 D1 0C 00 00 14 53 
00 FF FF 00 10 0D 22 93 00 00 02 00 00 10 02 D2 0C 00 00 0A 30 
00 FF FF 00 10 0D 22 93 00 00 02 00 00 10 02 D3 0C 00 00 0C F1 
00 FF FF 00 10 0D 22 93 00 00 02 00 00 10 02 D4 0C 00 00 0C 09 
00 FF FF 00 10 0D 22 93 00 00 02 00 00 10 02 D5 0C 00 00 11 EB 
00 FF FF 00 10 0D 22 93 00 00 02 00 00 10 02 D6 0C 00 00 12 D4 
00 FF FF 00 10 0D 22 93 00 00 02 00 00 10 02 D7 0C 00 00 19 14 
00 FF FF 00 10 0D 22 93 00 00 02 00 00 10 02 D8 0C 00 00 1B F9 
00 FF FF 00 10 0D 22 93 00 00 02 00 00 10 02 D9 0C 00 00 0D FD 
00 FF FF 00 10 0D 22 93 00 00 02 00 00 10 02 DA 0C 00 00 09 74 
00 FF FF 00 10 0D 22 93 00 00 02 00 00 10 02 DB 0C 00 00 0C 48 
00 FF FF 00 10 0D 22 93 00 00 02 00 00 10 02 DC 0C 00 00 0D B7 
00 FF FF 00 10 0D 22 93 00 00 02 00 00 10 02 DD 0C 00 00 0D 0C 
00 FF FF 00 10 0D 22 93 00 00 02 00 00 10 02 DE 0C 00 00 1B 73 
00 FF FF 00 10 0D 22 93 00 00 02 00 00 10 02 DF 0C 00 00 21 CC 
00 FF FF 00 10 0D 22 93 00 00 02 00 00 10 02 E0 0C 00 00 16 3D 
00 FF FF 00 10 0D 22 93 00 00 02 00 00 10 02 E1 0C 00 00 0D 03 
00 FF FF 00 10 0D 22 93 00 00 02 00 00 10 02 E2 0C 00 00 0A 28 
00 FF FF 00 10 0D 22 93 00 00 02 00 00 10 02 E3 0C 00 00 0E 37 
00 FF FF 00 10 0D 22 93 00 00 02 00 00 10 02 E4 0C 00 00 0A 91 
00 FF FF 00 10 0D 22 93 00 00 02 00 00 10 02 E5 0C 00 00 0C B2 
00 FF FF 00 10 0D 22 93 00 00 02 00 00 10 02 E6 0C 00 00 18 97 
00 FF FF 00 10 0D 22 93 00 00 02 00 00 10 02 E7 0C 00 00 1D DE 
00 FF FF 00 10 0D 22 93 00 00 02 00 00 10 02 E8 0C 00 00 1E A5 
00 FF FF 00 10 0D 22 93 00 00 02 00 00 10 02 E9 0C 00 00 0A 1C 
00 FF FF 00 10 0D 22 93 00 00 02 00 00 10 02 EA 0C 00 00 0A 3F 
00 FF FF 00 10 0D 22 93 00 00 02 00 00 10 02 EB 0C 00 00 08 ED 
00 FF FF 00 10 0D 22 93 00 00 02 00 00 10 02 EC 0C 00 00 09 1C 
00 FF FF 00 10 0D 22 93 00 00 02 00 00 10 02 ED 0C 00 00 08 15 
00 FF FF 00 10 0D 22 93 00 00 02 00 00 10 02 EE 0C 00 00 01 EE 
00 FF FF 00 10 0D 22 93 00 00 02 00 00 10 02 EF 0C 00 00 1D 57 
00 FF FF 00 10 0D 22 93 00 00 02 00 00 10 02 F0 0C 00 00 0F 7B 
00 FF FF 00 10 0D 22 93 00 00 02 00 00 10 02 F1 0C 00 00 16 DF 
00 FF FF 00 10 0D 22 93 00 00 02 00 00 10 02 F2 0C 00 00 0A CA 
00 FF FF 00 10 0D 22 93 00 00 02 00 00 10 02 F3 0C 00 00 0E B4 
00 FF FF 00 10 0D 22 93 00 00 02 00 00 10 02 F4 0C 00 00 0E 81 
00 FF FF 00 10 0D 22 93 00 00 02 00 00 10 02 F5 0C 00 00 0A 42 
00 FF FF 00 10 0D 22 93 00 00 02 00 00 10 02 F6 0C 00 00 11 29 
00 FF FF 00 10 0D 22 93 00 00 02 00 00 10 02 F7 0C 00 00 11 79 
00 FF FF 00 10 0D 22 93 00 00 02 00 00 10 02 F8 0C 00 00 19 E8 
00 FF FF 00 10 0D 22 93 00 00 02 00 00 10 02 F9 0C 00 00 1C 2E 
00 FF FF 00 10 0D 22 93 00 00 02 00 00 10 02 FA 0C 00 00 13 CB 
00 FF FF 00 10 0D 22 93 00 00 02 00 00 10 02 FB 0C 00 00 08 E1 
00 FF FF 00 10 0D 22 93 00 00 02 00 00 10 02 FC 0C 00 00 05 4F 
00 FF FF 00 10 0D 22 93 00 00 02 00 00 10 02 FD 0C 00 00 0C 76 
00 FF FF 00 10 0D 22 93 00 00 02 00 00 10 02 FE 0C 00 00 0C 6C 
00 FF FF 00 10 0D 22 93 00 00 02 00 00 10 02 FF 0C 00 00 09 49 
00 FF FF 00 10 0D 22 93 00 00 02 00 00 10 03 00 0C 00 00 13 DA 
00 FF FF 00 10 0D 22 93 00 00 02 00 00 10 03 01 0C 00 00 10 44 
00 FF FF 00 10 0D 22 93 00 00 02 00 00 10 03 02 0C 00 00 11 0B 
00 FF FF 00 10 0D 22 93 00 00 02 00 00 10 03 03 0C 00 00 0B 57 
00 FF FF 00 10 0D 22 93 00 00 02 00 00 10 03 04 0C 00 00 09 D5 
00 FF FF 00 10 0D 22 93 00 00 02 00 00 10 03 05 0C 00 00 01 E4 
00 FF FF 00 10 0D 22 93 00 00 02 00 00 10 03 06 0C 00 00 0A CD 
00 FF FF 00 10 0D 22 93 00 00 02 00 00 10 03 07 0C 00 00 0D F6 
00 FF FF 00 10 0D 22 93 00 00 02 00 00 10 03 08 0C 00 00 10 98 
00 FF FF 00 10 0D 22 93 00 00 02 00 00 10 03 09 0C 00 00 19 F7 
00 FF FF 00 10 0D 22 93 00 00 02 00 00 10 03 0A 0C 00 00 1A B5 
00 FF FF 00 10 0D 22 93 00 00 02 00 00 10 03 0B 0C 00 00 0F B2 
00 FF FF 00 10 0D 22 93 00 00 02 00 00 10 03 0C 0C 00 00 09 36 
00 FF FF 00 10 0D 22 93 00 00 02 00 00 10 03 0D 0C 00 00 08 20 
00 FF FF 00 10 0D 22 93 00 00 02 00 00 10 03 0E 0C 00 00 04 BB 
00 FF FF 00 10 0D 22 93 00 00 02 00 00 10 03 0F 0C 00 00 07 29 
00 FF FF 00 10 0D 22 93 00 00 02 00 00 10 03 10 0C 00 00 0D 9F 
00 FF FF 00 10 0D 22 93 00 00 02 00 00 10 03 11 0C 00 00 09 BD 
00 FF FF 00 10 0D 22 93 00 00 02 00 00 10 03 12 0C 00 00 0E C3 
00 FF FF 00 10 0D 22 93 00 00 02 00 00 10 03 13 0C 00 00 16 B6 
00 FF FF 00 10 0D 22 93 00 00 02 00 00 10 03 14 0C 00 00 12 63 
00 FF FF 00 10 0D 22 93 00 00 02 00 00 10 03 15 0C 00 00 09 B7 
00 FF FF 00 10 0D 22 93 00 00 02 00 00 10 03 16 0C 00 00 0D 14 
00 FF FF 00 10 0D 22 93 00 00 02 00 00 10 03 17 0C 00 00 07 C3 
00 FF FF 00 10 0D 22 93 00 00 02 00 00 10 03 18 0C 00 00 1A 2B 
00 FF FF 00 10 0D 22 93 00 00 02 00 00 10 03 19 0C 00 00 11 CB 
00 FF FF 00 10 0D 22 93 00 00 02 00 00 10 03 1A 0C 00 00 1D 28 
00 FF FF 00 10 0D 22 93 00 00 02 00 00 10 03 1B 0C 00 00 16 EC 
00 FF FF 00 10 0D 22 93 00 00 02 00 00 10 03 1C 0C 00 00 13 92 
00 FF FF 00 10 0D 22 93 00 00 02 00 00 10 03 1E 0C 00 00 14 67 
00 FF FF 00 10 0D 22 93 00 00 02 00 00 10 03 1F 0C 00 00 0D 93 
00 FF FF 00 10 0D 22 93 00 00 02 00 00 10 03 20 0C 00 00 0C C7 
00 FF FF 00 10 0D 22 93 00 00 02 00 00 10 03 21 0C 00 00 0D 84 
00 FF FF 00 10 0D 22 93 00 00 02 00 00 10 03 22 0C 00 00 12 42 
00 FF FF 00 10 0D 22 93 00 00 02 00 00 10 03 23 0C 00 00 16 43 
00 FF FF 00 10 0D 22 93 00 00 02 00 00 10 03 24 0C 00 00 0C 12 
00 FF FF 00 10 0D 22 93 00 00 02 00 00 10 03 25 0C 00 00 0E 4A 
00 FF FF 00 10 0D 22 93 00 00 02 00 00 10 03 26 0C 00 00 1B 2B 
00 FF FF 00 10 0D 22 93 00 00 02 00 00 10 03 27 0C 00 00 13 53 
00 FF FF 00 10 0D 22 93 00 00 02 00 00 10 03 28 0C 00 00 11 33 
00 FF FF 00 10 0D 22 93 00 00 02 00 00 10 03 29 0C 00 00 09 F2 
00 FF FF 00 10 0D 22 93 00 00 02 00 00 10 03 2A 0C 00 00 11 BD 
00 FF FF 00 10 0D 22 93 00 00 02 00 00 10 03 2B 0C 00 00 0F 1E 
00 FF FF 00 10 0D 22 93 00 00 02 00 00 10 03 2C 0C 00 00 1B C6 
00 FF FF 00 10 0D 22 93 00 00 02 00 00 10 03 2D 0C 00 00 12 34 
00 FF FF 00 10 0D 22 93 00 00 02 00 00 10 03 2E 0C 00 00 05 D3 
00 FF FF 00 10 0D 22 93 00 00 02 00 00 10 03 2F 0C 00 00 0D 5D 
00 FF FF 00 10 0D 22 93 00 00 02 00 00 10 03 30 0C 00 00 0F 39 
00 FF FF 00 10 0D 22 93 00 00 02 00 00 10 03 31 0C 00 00 03 8E 
00 FF FF 00 10 0D 22 93 00 00 02 00 00 10 03 32 0C 00 00 0B 77 
00 FF FF 00 10 0D 22 93 00 00 02 00 00 10 03 33 0C 00 00 13 3E 
00 FF FF 00 10 0D 22 93 00 00 02 00 00 10 03 34 0C 00 00 19 0E 
00 FF FF 00 10 0D 22 93 00 00 02 00 00 10 03 35 0C 00 00 09 DA 
00 FF FF 00 10 0D 22 93 00 00 02 00 00 10 03 36 0C 00 00 0C 63 
00 FF FF 00 10 0D 22 93 00 00 02 00 00 10 03 37 0C 00 00 08 6E 
00 FF FF 00 10 0D 22 93 00 00 02 00 00 10 03 38 0C 00 00 08 BD 
00 FF FF 00 10 0D 22 93 00 00 02 00 00 10 03 39 0C 00 00 0B 20 
00 FF FF 00 10 0D 22 93 00 00 02 00 00 10 03 3A 0C 00 00 09 C2 
00 FF FF 00 10 0D 22 93 00 00 02 00 00 10 03 3B 0C 00 00 10 57 
00 FF FF 00 10 0D 22 93 00 00 02 00 00 10 03 3C 0C 00 00 15 8F 
00 FF FF 00 10 0D 22 93 00 00 02 00 00 10 03 3D 0C 00 00 16 BF 
00 FF FF 00 10 0D 22 93 00 00 02 00 00 10 03 3E 0C 00 00 13 94 
00 FF FF 00 10 0D 22 93 00 00 02 00 00 10 03 3F 0C 00 00 0F 4F 
00 FF FF 00 10 0D 22 93 00 00 02 00 00 10 03 40 0C 00 00 08 62 
00 FF FF 00 10 0D 22 93 00 00 02 00 00 10 03 41 0C 00 00 0C 1C 
00 FF FF 00 10 0D 22 93 00 00 02 00 00 10 03 42 0C 00 00 0D 73 
00 FF FF 00 10 0D 22 93 00 00 02 00 00 10 03 43 0C 00 00 0C 95 
00 FF FF 00 10 0D 22 93 00 00 02 00 00 10 03 44 0C 00 00 15 5A 
00 FF FF 00 10 0D 22 93 00 00 02 00 00 10 03 45 0C 00 00 27 0E 
00 FF FF 00 10 0D 22 93 00 00 02 00 00 10 03 46 0C 00 00 0B 2C 
00 FF FF 00 10 0D 22 93 00 00 02 00 00 10 03 47 0C 00 00 0C 82 
00 FF FF 00 10 0D 22 93 00 00 02 00 00 10 03 48 0C 00 00 0D 4B 
00 FF FF 00 10 0D 22 93 00 00 02 00 00 10 03 49 0C 00 00 0E AF 
00 FF FF 00 10 0D 22 93 00 00 02 00 00 10 03 4A 0C 00 00 0E 3A 
00 FF FF 00 10 0D 22 93 00 00 02 00 00 10 03 4B 0C 00 00 07 77 
00 FF FF 00 10 0D 22 93 00 00 02 00 00 10 03 4C 0C 00 00 09 D4 
00 FF FF 00 10 0D 22 93 00 00 02 00 00 10 03 4D 0C 00 00 1C 5D 
00 FF FF 00 10 0D 22 93 00 00 02 00 00 10 03 4E 0C 00 00 1B 08 
00 FF FF 00 10 0D 22 93 00 00 02 00 00 10 03 4F 0C 00 00 10 8B 
00 FF FF 00 10 0D 22 93 00 00 02 00 00 10 03 50 0C 00 00 0B 0C 
00 FF FF 00 10 0D 22 93 00 00 02 00 00 10 03 51 0C 00 00 0D 12 
00 FF FF 00 10 0D 22 93 00 00 02 00 00 10 03 52 0C 00 00 0D 9F 
00 FF FF 00 10 0D 22 93 00 00 02 00 00 10 03 53 0C 00 00 0C 4E 
00 FF FF 00 10 0D 22 93 00 00 02 00 00 10 03 54 0C 00 00 0D C8 
00 FF FF 00 10 0D 22 93 00 00 02 00 00 10 03 55 0C 00 00 13 A2 
00 FF FF 00 10 0D 22 93 00 00 02 00 00 10 03 56 0C 00 00 16 88 
00 FF FF 00 10 0D 22 93 00 00 02 00 00 10 03 57 0C 00 00 1A 4E 
00 FF FF 00 10 0D 22 93 00 00 02 00 00 10 03 58 0C 00 00 0A EC 
00 FF FF 00 10 0D 22 93 00 00 02 00 00 10 03 59 0C 00 00 0E E3 
00 FF FF 00 10 0D 22 93 00 00 02 00 00 10 03 5A 0C 00 00 07 27 
00 FF FF 00 10 0D 22 93 00 00 02 00 00 10 03 5B 0C 00 00 0A 4C 
00 FF FF 00 10 0D 22 93 00 00 02 00 00 10 03 5C 0C 00 00 06 E0 
00 FF FF 00 10 0D 22 93 00 00 02 00 00 10 03 5D 0C 00 00 08 8C 
00 FF FF 00 10 0D 22 93 00 00 02 00 00 10 03 5E 0C 00 00 0A D3 
00 FF FF 00 10 0D 22 93 00 00 02 00 00 10 03 5F 0C 00 00 0B F7 
00 FF FF 00 10 0D 22 93 00 00 02 00 00 10 03 60 0C 00 00 0F 0B 
00 FF FF 00 10 0D 22 93 00 00 02 00 00 10 03 61 0C 00 00 0E 23 
00 FF FF 00 10 0D 22 93 00 00 02 00 00 10 03 62 0C 00 00 09 DF 
00 FF FF 00 10 0D 22 93 00 00 02 00 00 10 03 63 0C 00 00 0A C8 
00 FF FF 00 10 0D 22 93 00 00 02 00 00 10 03 64 0C 00 00 08 B7 
00 FF FF 00 10 0D 22 93 00 00 02 00 00 10 03 65 0C 00 00 0B 47 
00 FF FF 00 10 0D 22 93 00 00 02 00 00 10 03 66 0C 00 00 07 8A 
00 FF FF 00 10 0D 22 93 00 00 02 00 00 10 03 67 0C 00 00 0B C0 
00 FF FF 00 10 0D 22 93 00 00 02 00 00 10 03 68 0C 00 00 0F 07 
00 FF FF 00 10 0D 22 93 00 00 02 00 00 10 03 69 0C 00 00 12 BA 
00 FF FF 00 10 0D 22 93 00 00 02 00 00 10 03 6A 0C 00 00 09 85 
00 FF FF 00 10 0D 22 93 00 00 02 00 00 10 03 6B 0C 00 00 0A 69 
00 FF FF 00 10 0D 22 93 00 00 02 00 00 10 03 6C 0C 00 00 0C 35 
00 FF FF 00 10 0D 22 93 00 00 02 00 00 10 03 6D 0C 00 00 08 97 
00 FF FF 00 10 0D 22 93 00 00 02 00 00 10 03 6E 0C 00 00 09 C5 
00 FF FF 00 10 0D 22 93 00 00 02 00 00 10 03 6F 0C 00 00 0E 28 
00 FF FF 00 10 0D 22 93 00 00 02 00 00 10 03 70 0C 00 00 08 1C 
00 FF FF 00 10 0D 22 93 00 00 02 00 00 10 03 71 0C 00 00 0F 51 
00 FF FF 00 10 0D 22 93 00 00 02 00 00 10 03 72 0C 00 00 10 36 
00 FF FF 00 10 0D 22 93 00 00 02 00 00 10 03 73 0C 00 00 0F B1 
00 FF FF 00 10 0D 22 93 00 00 02 00 00 10 03 74 0C 00 00 0F 4E 
00 FF FF 00 10 0D 22 93 00 00 02 00 00 10 03 75 0C 00 00 0B 2A 
00 FF FF 00 10 0D 22 93 00 00 02 00 00 10 03 76 0C 00 00 12 07 
00 FF FF 00 10 0D 22 93 00 00 02 00 00 10 03 78 0C 00 00 0A 5F 
00 FF FF 00 10 0D 22 93 00 00 02 00 00 10 03 79 0C 00 00 0E 21 
00 FF FF 00 10 0D 22 93 00 00 02 00 00 10 03 7A 0C 00 00 0D 5B 
00 FF FF 00 10 0D 22 93 00 00 02 00 00 10 03 7B 0C 00 00 0A 96 
00 FF FF 00 10 0D 22 93 00 00 02 00 00 10 03 7C 0C 00 00 13 D9 
00 FF FF 00 10 0D 22 93 00 00 02 00 00 10 03 7D 0C 00 00 07 93 
00 FF FF 00 10 0D 22 93 00 00 02 00 00 10 03 7E 0C 00 00 05 CC 
00 FF FF 00 10 0D 22 93 00 00 02 00 00 10 03 7F 0C 00 00 07 90 
00 FF FF 00 10 0D 22 93 00 00 02 00 00 10 03 80 0C 00 00 0C 52 
00 FF FF 00 10 0D 22 93 00 00 02 00 00 10 03 81 0C 00 00 07 5B 
00 FF FF 00 10 0D 22 93 00 00 02 00 00 10 03 82 0C 00 00 0B 33 
00 FF FF 00 10 0D 22 93 00 00 02 00 00 10 03 83 0C 00 00 08 FC 
00 FF FF 00 10 0D 22 93 00 00 02 00 00 10 03 84 0C 00 00 12 4D 
00 FF FF 00 10 0D 22 93 00 00 02 00 00 10 03 85 0C 00 00 00 58 
00 FF FF 00 10 0D 22 93 00 00 02 00 00 10 03 86 0C 00 00 0A CA 
00 FF FF 00 10 0D 22 93 00 00 02 00 00 10 03 87 0C 00 00 02 78 
00 FF FF 00 10 0D 22 93 00 00 02 00 00 10 03 88 0C 00 00 0B 21 
00 FF FF 00 10 0D 22 93 00 00 02 00 00 10 03 89 0C 00 00 0C 40 
00 FF FF 00 10 0D 22 93 00 00 02 00 00 10 03 8A 0C 00 00 15 BF 
00 FF FF 00 10 0D 22 93 00 00 02 00 00 10 03 8B 0C 00 00 12 91 
00 FF FF 00 10 0D 22 93 00 00 02 00 00 10 03 8C 0C 00 00 0A CE 
00 FF FF 00 10 0D 22 93 00 00 02 00 00 10 03 8D 0C 00 00 1B 47 
00 FF FF 00 10 0D 22 93 00 00 02 00 00 10 03 8E 0C 00 00 10 D1 
00 FF FF 00 10 0D 22 93 00 00 02 00 00 10 03 8F 0C 00 00 04 1E 
00 FF FF 00 10 0D 22 93 00 00 02 00 00 10 03 90 0C 00 00 09 8F 
00 FF FF 00 10 0D 22 93 00 00 02 00 00 10 03 91 0C 00 00 0B 4F 
00 FF FF 00 10 0D 22 93 00 00 02 00 00 10 03 92 0C 00 00 0B EA 
00 FF FF 00 10 0D 22 93 00 00 02 00 00 10 03 93 0C 00 00 12 1F 
00 FF FF 00 10 0D 22 93 00 00 02 00 00 10 03 94 0C 00 00 07 D0 
00 FF FF 00 10 0D 22 93 00 00 02 00 00 10 03 95 0C 00 00 0D 7E 
00 FF FF 00 10 0D 22 93 00 00 02 00 00 10 03 96 0C 00 00 0E D0 
00 FF FF 00 10 0D 22 93 00 00 02 00 00 10 03 97 0C 00 00 0D CF 
00 FF FF 00 10 0D 22 93 00 00 02 00 00 10 03 98 0C 00 00 0A 1D 
00 FF FF 00 10 0D 22 93 00 00 02 00 00 10 03 99 0C 00 00 0A 91 
00 FF FF 00 10 0D 22 93 00 00 02 00 00 10 03 9A 0C 00 00 08 E9 
00 FF FF 00 10 0D 22 93 00 00 02 00 00 10 03 9B 0C 00 00 08 E5 
00 FF FF 00 10 0D 22 93 00 00 02 00 00 10 03 9C 0C 00 00 0E 6E 
00 FF FF 00 10 0D 22 93 00 00 02 00 00 10 03 9D 0C 00 00 04 E3 
00 FF FF 00 10 0D 22 93 00 00 02 00 00 10 03 9E 0C 00 00 0B 4F 
00 FF FF 00 10 0D 22 93 00 00 02 00 00 10 03 9F 0C 00 00 05 D5 
00 FF FF 00 10 0D 22 93 00 00 02 00 00 10 03 A0 0C 00 00 04 14 
00 FF FF 00 10 0D 22 93 00 00 02 00 00 10 03 A1 0C 00 00 04 15 
00 FF FF 00 10 0D 22 93 00 00 02 00 00 10 03 A2 0C 00 00 0B 02 
00 FF FF 00 10 0D 22 93 00 00 02 00 00 10 03 A3 0C 00 00 05 AD 
00 FF FF 00 10 0D 22 93 00 00 02 00 00 10 03 A4 0C 00 00 08 6A 
00 FF FF 00 10 0D 22 93 00 00 02 00 00 10 03 A5 0C 00 00 05 2D 
00 FF FF 00 10 0D 22 93 00 00 02 00 00 10 03 A6 0C 00 00 0C 8B 
00 FF FF 00 10 0D 22 93 00 00 02 00 00 10 03 A7 0C 00 00 03 94 
00 FF FF 00 10 0D 22 93 00 00 02 00 00 10 03 A8 0C 00 00 07 E4 
00 FF FF 00 10 0D 22 93 00 00 02 00 00 10 03 A9 0C 00 00 07 EF 
00 FF FF 00 10 0D 22 93 00 00 02 00 00 10 03 AA 0C 00 00 05 58 
00 FF FF 00 10 0D 22 93 00 00 02 00 00 10 03 AB 0C 00 00 07 3B 
00 FF FF 00 10 0D 22 93 00 00 02 00 00 10 03 AC 0C 00 00 0D 91 
00 FF FF 00 10 0D 22 93 00 00 02 00 00 10 03 AD 0C 00 00 05 97 
00 FF FF 00 10 0D 22 93 00 00 02 00 00 10 03 AE 0C 00 00 0E 65 
00 FF FF 00 10 0D 22 93 00 00 02 00 00 10 03 AF 0C 00 00 08 F7 
00 FF FF 00 10 0D 22 93 00 00 02 00 00 10 03 B0 0C 00 00 06 35 
00 FF FF 00 10 0D 22 93 00 00 02 00 00 10 03 B1 0C 00 00 0C 29 
00 FF FF 00 10 0D 22 93 00 00 02 00 00 10 03 B2 0C 00 00 05 EE 
00 FF FF 00 10 0D 22 93 00 00 02 00 00 10 03 B3 0C 00 00 01 B7 
00 FF FF 00 10 0D 22 93 00 00 02 00 00 10 03 B4 0C 00 00 03 97 
00 FF FF 00 10 0D 22 93 00 00 02 00 00 10 03 B5 0C 00 00 03 F7 
00 FF FF 00 10 0D 22 93 00 00 02 00 00 10 03 B6 0C 00 00 03 82 
00 FF FF 00 10 0D 22 93 00 00 02 00 00 10 03 B7 0C 00 00 07 D6 
00 FF FF 00 10 0D 22 93 00 00 02 00 00 10 03 B8 0C 00 00 0C 80 
00 FF FF 00 10 0D 22 93 00 00 02 00 00 10 03 B9 0C 00 00 04 79 
00 FF FF 00 10 0D 22 93 00 00 02 00 00 10 03 BA 0C 00 00 09 32 
00 FF FF 00 10 0D 22 93 00 00 02 00 00 10 03 BB 0C 00 00 09 CC 
00 FF FF 00 10 0D 22 93 00 00 02 00 00 10 03 BC 0C 00 00 06 6D 
00 FF FF 00 10 0D 22 93 00 00 02 00 00 10 03 BD 0C 00 00 13 D1 
00 FF FF 00 10 0D 22 93 00 00 02 00 00 10 03 BE 0C 00 00 07 21 
00 FF FF 00 10 0D 22 93 00 00 02 00 00 10 03 BF 0C 00 00 09 2C 
00 FF FF 00 10 0D 22 93 00 00 02 00 00 10 03 C0 0C 00 00 0A 87 
00 FF FF 00 10 0D 22 93 00 00 02 00 00 10 03 C1 0C 00 00 09 3F 
00 FF FF 00 10 0D 22 93 00 00 02 00 00 10 03 C2 0C 00 00 08 EF 
00 FF FF 00 10 0D 22 93 00 00 02 00 00 10 03 C3 0C 00 00 06 06 
00 FF FF 00 10 0D 22 93 00 00 02 00 00 10 03 C4 0C 00 00 07 9D 
00 FF FF 00 10 0D 22 93 00 00 02 00 00 10 03 C5 0C 00 00 14 B3 
00 FF FF 00 10 0D 22 93 00 00 02 00 00 10 03 C6 0C 00 00 0C E0 
00 FF FF 00 10 0D 22 93 00 00 02 00 00 10 03 C7 0C 00 00 0B 21 
00 FF FF 00 10 0D 22 93 00 00 02 00 00 10 03 C8 0C 00 00 09 13 
00 FF FF 00 10 0D 22 93 00 00 02 00 00 10 03 C9 0C 00 00 10 45 
00 FF FF 00 10 0D 22 93 00 00 02 00 00 10 03 CA 0C 00 00 0F 3A 
00 FF FF 00 10 0D 22 93 00 00 02 00 00 10 03 CB 0C 00 00 07 C1 
00 FF FF 00 10 0D 22 93 00 00 02 00 00 10 03 CC 0C 00 00 07 4C 
00 FF FF 00 10 0D 22 93 00 00 02 00 00 10 03 CD 0C 00 00 15 4B 
00 FF FF 00 10 0D 22 93 00 00 02 00 00 10 03 CE 0C 00 00 13 55 
00 FF FF 00 10 0D 22 93 00 00 02 00 00 10 03 CF 0C 00 00 11 36 
00 FF FF 00 10 0D 22 93 00 00 02 00 00 10 03 D0 0C 00 00 10 65 
00 FF FF 00 10 0D 22 93 00 00 02 00 00 10 03 D1 0C 00 00 08 A3 
00 FF FF 00 10 0D 22 93 00 00 02 00 00 10 03 D2 0C 00 00 0F D5 
00 FF FF 00 10 0D 22 93 00 00 02 00 00 10 03 D3 0C 00 00 09 72 
00 FF FF 00 10 0D 22 93 00 00 02 00 00 10 03 D4 0C 00 00 09 D9 
00 FF FF 00 10 0D 22 93 00 00 02 00 00 10 03 D5 0C 00 00 0B 25 
00 FF FF 00 10 0D 22 93 00 00 02 00 00 10 03 D6 0C 00 00 0D 8E 
00 FF FF 00 10 0D 22 93 00 00 02 00 00 10 03 D7 0C 00 00 10 31 
00 FF FF 00 10 0D 22 93 00 00 02 00 00 10 03 D8 0C 00 00 0D BD 
00 FF FF 00 10 0D 22 93 00 00 02 00 00 10 03 D9 0C 00 00 0E A2 
00 FF FF 00 10 0D 22 93 00 00 02 00 00 10 03 DA 0C 00 00 08 C6 
00 FF FF 00 10 0D 22 93 00 00 02 00 00 10 03 DB 0C 00 00 07 38 
00 FF FF 00 10 0D 22 93 00 00 02 00 00 10 03 DC 0C 00 00 0F 84 
00 FF FF 00 10 0D 22 93 00 00 02 00 00 10 03 DD 0C 00 00 08 28 
00 FF FF 00 10 0D 22 93 00 00 02 00 00 10 03 DE 0C 00 00 12 7A 
00 FF FF 00 10 0D 22 93 00 00 02 00 00 10 03 DF 0C 00 00 1A A2 
00 FF FF 00 10 0D 22 93 00 00 02 00 00 10 03 E0 0C 00 00 0C 92 
00 FF FF 00 10 0D 22 93 00 00 02 00 00 10 03 E1 0C 00 00 05 AE 
00 FF FF 00 10 0D 22 93 00 00 02 00 00 10 03 E2 0C 00 00 08 A9 
00 FF FF 00 10 0D 22 93 00 00 02 00 00 10 03 E3 0C 00 00 08 E3 
00 FF FF 00 10 0D 22 93 00 00 02 00 00 10 03 E4 0C 00 00 07 8F 
00 FF FF 00 10 0D 22 93 00 00 02 00 00 10 03 E5 0C 00 00 01 1D 
00 FF FF 00 10 0D 22 93 00 00 02 00 00 10 03 E6 0C 00 00 13 AC 
00 FF FF 00 10 0D 22 93 00 00 02 00 00 10 03 E7 0C 00 00 11 7B 
00 FF FF 00 10 0D 22 93 00 00 02 00 00 10 03 E8 0C 00 00 16 DB 
00 FF FF 00 10 0D 22 93 00 00 02 00 00 10 03 E9 0C 00 00 0E D5 
00 FF FF 00 10 0D 22 93 00 00 02 00 00 10 03 EA 0C 00 00 07 A7 
00 FF FF 00 10 0D 22 93 00 00 02 00 00 10 03 EB 0C 00 00 03 07 
00 FF FF 00 10 0D 22 93 00 00 02 00 00 10 03 EC 0C 00 00 0E 43 
00 FF FF 00 10 0D 22 93 00 00 02 00 00 10 03 ED 0C 00 00 09 57 
00 FF FF 00 10 0D 22 93 00 00 02 00 00 10 03 EE 0C 00 00 11 40 
00 FF FF 00 10 0D 22 93 00 00 02 00 00 10 03 EF 0C 00 00 02 CA 
00 FF FF 00 10 0D 22 93 00 00 02 00 00 10 03 F0 0C 00 00 19 D0 
00 FF FF 00 10 0D 22 93 00 00 02 00 00 10 03 F1 0C 00 00 0F 02 
00 FF FF 00 10 0D 22 93 00 00 02 00 00 10 03 F2 0C 00 00 09 0B 
00 FF FF 00 10 0D 22 93 00 00 02 00 00 10 03 F3 0C 00 00 0B E9 
00 FF FF 00 10 0D 22 93 00 00 02 00 00 10 03 F4 0C 00 00 07 30 
00 FF FF 00 10 0D 22 93 00 00 02 00 00 10 03 F5 0C 00 00 02 A9 
00 FF FF 00 10 0D 22 93 00 00 02 00 00 10 03 F6 0C 00 00 0F CE 
00 FF FF 00 10 0D 22 93 00 00 02 00 00 10 03 F7 0C 00 00 01 02 
00 FF FF 00 10 0D 22 93 00 00 02 00 00 10 03 F8 0C 00 00 0C 40 
00 FF FF 00 10 0D 22 93 00 00 02 00 00 10 03 F9 0C 00 00 13 9A 
00 FF FF 00 10 0D 22 93 00 00 02 00 00 10 03 FA 0C 00 00 0B 20 
00 FF FF 00 10 0D 22 93 00 00 02 00 00 10 03 FB 0C 00 00 04 45 
00 FF FF 00 10 0D 22 93 00 00 02 00 00 10 03 FC 0C 00 00 0B 44 
00 FF FF 00 10 0D 22 93 00 00 02 00 00 10 03 FD 0C 00 00 0B C3 
00 FF FF 00 10 0D 22 93 00 00 02 00 00 10 03 FE 0C 00 00 06 36 
00 FF FF 00 10 0D 22 93 00 00 02 00 00 10 03 FF 0C 00 00 08 05 
00 FF FF 00 10 0D 22 93 00 00 02 00 00 10 04 00 0C 00 00 19 7C 
00 FF FF 00 10 0D 22 93 00 00 02 00 00 10 04 01 0C 00 00 07 8B 
00 FF FF 00 10 0D 22 93 00 00 02 00 00 10 04 02 0C 00 00 08 A9 
00 FF FF 00 10 0D 22 93 00 00 02 00 00 10 04 03 0C 00 00 02 6A 
00 FF FF 00 10 0D 22 93 00 00 02 00 00 10 04 04 0C 00 00 08 5D 
00 FF FF 00 10 0D 22 93 00 00 02 00 00 10 04 05 0C 00 00 04 F7 
00 FF FF 00 10 0D 22 93 00 00 02 00 00 10 04 06 0C 00 00 05 60 
00 FF FF 00 10 0D 22 93 00 00 02 00 00 10 04 07 0C 00 00 04 ED 
00 FF FF 00 10 0D 22 93 00 00 02 00 00 10 04 08 0C 00 00 0A FC 
00 FF FF 00 10 0D 22 93 00 00 02 00 00 10 04 09 0C 00 00 0D 2D 
00 FF FF 00 10 0D 22 93 00 00 02 00 00 10 04 0A 0C 00 00 0E A2 
00 FF FF 00 10 0D 22 93 00 00 02 00 00 10 04 0B 0C 00 00 08 C7 
00 FF FF 00 10 0D 22 93 00 00 02 00 00 10 04 0C 0C 00 00 06 E7 
00 FF FF 00 10 0D 22 93 00 00 02 00 00 10 04 0D 0C 00 00 07 67 
00 FF FF 00 10 0D 22 93 00 00 02 00 00 10 04 0E 0C 00 00 07 27 
00 FF FF 00 10 0D 22 93 00 00 02 00 00 10 04 0F 0C 00 00 07 68 
00 FF FF 00 10 0D 22 93 00 00 02 00 00 10 04 10 0C 00 00 10 47 
00 FF FF 00 10 0D 22 93 00 00 02 00 00 10 04 11 0C 00 00 15 5E 
00 FF FF 00 10 0D 22 93 00 00 02 00 00 10 04 12 0C 00 00 02 F9 
00 FF FF 00 10 0D 22 93 00 00 02 00 00 10 04 13 0C 00 00 08 1A 
00 FF FF 00 10 0D 22 93 00 00 02 00 00 10 04 14 0C 00 00 05 40 
00 FF FF 00 10 0D 22 93 00 00 02 00 00 10 04 15 0C 00 00 0B EF 
00 FF FF 00 10 0D 22 93 00 00 02 00 00 10 04 16 0C 00 00 06 F5 
00 FF FF 00 10 0D 22 93 00 00 02 00 00 10 04 17 0C 00 00 09 3D 
00 FF FF 00 10 0D 22 93 00 00 02 00 00 10 04 18 0C 00 00 06 F1 
00 FF FF 00 10 0D 22 93 00 00 02 00 00 10 04 19 0C 00 00 09 C1 
00 FF FF 00 10 0D 22 93 00 00 02 00 00 10 04 1A 0C 00 00 0A 00 
00 FF FF 00 10 0D 22 93 00 00 02 00 00 10 04 1B 0C 00 00 0C D9 
00 FF FF 00 10 0D 22 93 00 00 02 00 00 10 04 1C 0C 00 00 0C 90 
00 FF FF 00 10 0D 22 93 00 00 02 00 00 10 04 1D 0C 00 00 05 AA 
00 FF FF 00 10 0D 22 93 00 00 02 00 00 10 04 1E 0C 00 00 08 3C 
00 FF FF 00 10 0D 22 93 00 00 02 00 00 10 04 1F 0C 00 00 04 75 
00 FF FF 00 10 0D 22 93 00 00 02 00 00 10 04 20 0C 00 00 0E 72 
00 FF FF 00 10 0D 22 93 00 00 02 00 00 10 04 21 0C 00 00 0B 64 
00 FF FF 00 10 0D 22 93 00 00 02 00 00 10 04 22 0C 00 00 0F EA 
00 FF FF 00 10 0D 22 93 00 00 02 00 00 10 04 23 0C 00 00 0F E0 
00 FF FF 00 10 0D 22 93 00 00 02 00 00 10 04 24 0C 00 00 06 79 
00 FF FF 00 10 0D 22 93 00 00 02 00 00 10 04 25 0C 00 00 0B D5 
00 FF FF 00 10 0D 22 93 00 00 02 00 00 10 04 26 0C 00 00 06 FA 
00 FF FF 00 10 0D 22 93 00 00 02 00 00 10 04 27 0C 00 00 05 AE 
00 FF FF 00 10 0D 22 93 00 00 02 00 00 10 04 28 0C 00 00 06 37 
00 FF FF 00 10 0D 22 93 00 00 02 00 00 10 04 29 0C 00 00 10 08 
00 FF FF 00 10 0D 22 93 00 00 02 00 00 10 04 2A 0C 00 00 17 42 
00 FF FF 00 10 0D 22 93 00 00 02 00 00 10 04 2B 0C 00 00 0C F2 
00 FF FF 00 10 0D 22 93 00 00 02 00 00 10 04 2C 0C 00 00 0C 53 
00 FF FF 00 10 0D 22 93 00 00 02 00 00 10 04 2D 0C 00 00 0C 75 
00 FF FF 00 10 0D 22 93 00 00 02 00 00 10 04 2E 0C 00 00 04 1B 
00 FF FF 00 10 0D 22 93 00 00 02 00 00 10 04 2F 0C 00 00 05 48 
00 FF FF 00 10 0D 22 93 00 00 02 00 00 10 04 30 0C 00 00 08 C6 
00 FF FF 00 10 0D 22 93 00 00 02 00 00 10 04 31 0C 00 00 08 1B 
00 FF FF 00 10 0D 22 93 00 00 02 00 00 10 04 32 0C 00 00 09 DA 
00 FF FF 00 10 0D 22 93 00 00 02 00 00 10 04 33 0C 00 00 0C 27 
00 FF FF 00 10 0D 22 93 00 00 02 00 00 10 04 34 0C 00 00 06 81 
00 FF FF 00 10 0D 22 93 00 00 02 00 00 10 04 35 0C 00 00 0A 10 
00 FF FF 00 10 0D 22 93 00 00 02 00 00 10 04 36 0C 00 00 07 5D 
00 FF FF 00 10 0D 22 93 00 00 02 00 00 10 04 37 0C 00 00 08 B0 
00 FF FF 00 10 0D 22 93 00 00 02 00 00 10 04 38 0C 00 00 06 A3 
00 FF FF 00 10 0D 22 93 00 00 02 00 00 10 04 39 0C 00 00 0C 5D 
00 FF FF 00 10 0D 22 93 00 00 02 00 00 10 04 3A 0C 00 00 0B 14 
00 FF FF 00 10 0D 22 93 00 00 02 00 00 10 04 3B 0C 00 00 07 E1 
00 FF FF 00 10 0D 22 93 00 00 02 00 00 10 04 3C 0C 00 00 1B 54 
00 FF FF 00 10 0D 22 93 00 00 02 00 00 10 04 3D 0C 00 00 14 17 
00 FF FF 00 10 0D 22 93 00 00 02 00 00 10 04 3E 0C 00 00 0A 83 
00 FF FF 00 10 0D 22 93 00 00 02 00 00 10 04 3F 0C 00 00 0B 4A 
00 FF FF 00 10 0D 22 93 00 00 02 00 00 10 04 40 0C 00 00 0A EA 
00 FF FF 00 10 0D 22 93 00 00 02 00 00 10 04 41 0C 00 00 06 E6 
00 FF FF 00 10 0D 22 93 00 00 02 00 00 10 04 42 0C 00 00 06 E7 
00 FF FF 00 10 0D 22 93 00 00 02 00 00 10 04 43 0C 00 00 06 11 
00 FF FF 00 10 0D 22 93 00 00 02 00 00 10 04 44 0C 00 00 18 61 
00 FF FF 00 10 0D 22 93 00 00 02 00 00 10 04 45 0C 00 00 17 BA 
00 FF FF 00 10 0D 22 93 00 00 02 00 00 10 04 46 0C 00 00 12 39 
00 FF FF 00 10 0D 22 93 00 00 02 00 00 10 04 47 0C 00 00 0F 13 
00 FF FF 00 10 0D 22 93 00 00 02 00 00 10 04 48 0C 00 00 0A DE 
00 FF FF 00 10 0D 22 93 00 00 02 00 00 10 04 49 0C 00 00 0B 43 
00 FF FF 00 10 0D 22 93 00 00 02 00 00 10 04 4A 0C 00 00 0B A3 
00 FF FF 00 10 0D 22 93 00 00 02 00 00 10 04 4B 0C 00 00 08 48 
00 FF FF 00 10 0D 22 93 00 00 02 00 00 10 04 4C 0C 00 00 08 F1 
00 FF FF 00 10 0D 22 93 00 00 02 00 00 10 04 4D 0C 00 00 0B C2 
00 FF FF 00 10 0D 22 93 00 00 02 00 00 10 04 4E 0C 00 00 0D 7C 
00 FF FF 00 10 0D 22 93 00 00 02 00 00 10 04 4F 0C 00 00 0C 1B 
00 FF FF 00 10 0D 22 93 00 00 02 00 00 10 04 50 0C 00 00 0C 3C 
00 FF FF 00 10 0D 22 93 00 00 02 00 00 10 04 51 0C 00 00 0A 18 
00 FF FF 00 10 0D 22 93 00 00 02 00 00 10 04 52 0C 00 00 09 9F 
00 FF FF 00 10 0D 22 93 00 00 02 00 00 10 04 53 0C 00 00 0A 1B 
00 FF FF 00 10 0D 22 93 00 00 02 00 00 10 04 54 0C 00 00 09 2F 
00 FF FF 00 10 0D 22 93 00 00 02 00 00 10 04 55 0C 00 00 07 3A 
00 FF FF 00 10 0D 22 93 00 00 02 00 00 10 04 56 0C 00 00 14 DC 
00 FF FF 00 10 0D 22 93 00 00 02 00 00 10 04 57 0C 00 00 0A 80 
00 FF FF 00 10 0D 22 93 00 00 02 00 00 10 04 58 0C 00 00 0D E9 
00 FF FF 00 10 0D 22 93 00 00 02 00 00 10 04 59 0C 00 00 0E 59 
00 FF FF 00 10 0D 22 93 00 00 02 00 00 10 04 5A 0C 00 00 0B C0 
00 FF FF 00 10 0D 22 93 00 00 02 00 00 10 04 5B 0C 00 00 0C DD 
00 FF FF 00 10 0D 22 93 00 00 02 00 00 10 04 5C 0C 00 00 06 99 
00 FF FF 00 10 0D 22 93 00 00 02 00 00 10 04 5D 0C 00 00 10 00 
00 FF FF 00 10 0D 22 93 00 00 02 00 00 10 04 5E 0C 00 00 0D 15 
00 FF FF 00 10 0D 22 93 00 00 02 00 00 10 04 5F 0C 00 00 0F DE 
00 FF FF 00 10 0D 22 93 00 00 02 00 00 10 04 60 0C 00 00 0B 6A 
00 FF FF 00 10 0D 22 93 00 00 02 00 00 10 04 61 0C 00 00 0A B3 
00 FF FF 00 10 0D 22 93 00 00 02 00 00 10 04 62 0C 00 00 0B 27 
00 FF FF 00 10 0D 22 93 00 00 02 00 00 10 04 63 0C 00 00 10 8B 
00 FF FF 00 10 0D 22 93 00 00 02 00 00 10 04 64 0C 00 00 0A FD 
00 FF FF 00 10 0D 22 93 00 00 02 00 00 10 04 65 0C 00 00 0D 64 
00 FF FF 00 10 0D 22 93 00 00 02 00 00 10 04 66 0C 00 00 0C 26 
00 FF FF 00 10 0D 22 93 00 00 02 00 00 10 04 67 0C 00 00 1E 55 
00 FF FF 00 10 0D 22 93 00 00 02 00 00 10 04 68 0C 00 00 0F 48 
00 FF FF 00 10 0D 22 93 00 00 02 00 00 10 04 69 0C 00 00 08 0C 
00 FF FF 00 10 0D 22 93 00 00 02 00 00 10 04 6A 0C 00 00 0E 11 
00 FF FF 00 10 0D 22 93 00 00 02 00 00 10 04 6B 0C 00 00 09 AB 
00 FF FF 00 10 0D 22 93 00 00 02 00 00 10 04 6C 0C 00 00 08 B4 
00 FF FF 00 10 0D 22 93 00 00 02 00 00 10 04 6D 0C 00 00 08 CF 
00 FF FF 00 10 0D 22 93 00 00 02 00 00 10 04 6E 0C 00 00 10 47 
00 FF FF 00 10 0D 22 93 00 00 02 00 00 10 04 6F 0C 00 00 09 F3 
00 FF FF 00 10 0D 22 93 00 00 02 00 00 10 04 70 0C 00 00 0C F1 
00 FF FF 00 10 0D 22 93 00 00 02 00 00 10 04 71 0C 00 00 0F 3C 
00 FF FF 00 10 0D 22 93 00 00 02 00 00 10 04 72 0C 00 00 0A CA 
00 FF FF 00 10 0D 22 93 00 00 02 00 00 10 04 73 0C 00 00 16 64 
00 FF FF 00 10 0D 22 93 00 00 02 00 00 10 04 74 0C 00 00 06 EE 
00 FF FF 00 10 0D 22 93 00 00 02 00 00 10 04 75 0C 00 00 09 73 
00 FF FF 00 10 0D 22 93 00 00 02 00 00 10 04 76 0C 00 00 03 8A 
00 FF FF 00 10 0D 22 93 00 00 02 00 00 10 04 77 0C 00 00 12 C0 
00 FF FF 00 10 0D 22 93 00 00 02 00 00 10 04 78 0C 00 00 11 1F 
00 FF FF 00 10 0D 22 93 00 00 02 00 00 10 04 79 0C 00 00 14 8F 
00 FF FF 00 10 0D 22 93 00 00 02 00 00 10 04 7A 0C 00 00 0D BF 
00 FF FF 00 10 0D 22 93 00 00 02 00 00 10 04 7B 0C 00 00 0B 22 
00 FF FF 00 10 0D 22 93 00 00 02 00 00 10 04 7C 0C 00 00 08 06 
00 FF FF 00 10 0D 22 93 00 00 02 00 00 10 04 7D 0C 00 00 07 26 
00 FF FF 00 10 0D 22 93 00 00 02 00 00 10 04 7E 0C 00 00 07 C5 
00 FF FF 00 10 0D 22 93 00 00 02 00 00 10 04 7F 0C 00 00 0B 94 
00 FF FF 00 10 0D 22 93 00 00 02 00 00 10 04 80 0C 00 00 0D CF 
00 FF FF 00 10 0D 22 93 00 00 02 00 00 10 04 81 0C 00 00 1A BE 
00 FF FF 00 10 0D 22 93 00 00 02 00 00 10 04 82 0C 00 00 10 66 
00 FF FF 00 10 0D 22 93 00 00 02 00 00 10 04 83 0C 00 00 09 B9 
00 FF FF 00 10 0D 22 93 00 00 02 00 00 10 04 84 0C 00 00 09 C2 
00 FF FF 00 10 0D 22 93 00 00 02 00 00 10 04 85 0C 00 00 0E E4 
00 FF FF 00 10 0D 22 93 00 00 02 00 00 10 04 86 0C 00 00 09 8B 
00 FF FF 00 10 0D 22 93 00 00 02 00 00 10 04 87 0C 00 00 0C 83 
00 FF FF 00 10 0D 22 93 00 00 02 00 00 10 04 88 0C 00 00 17 B4 
00 FF FF 00 10 0D 22 93 00 00 02 00 00 10 04 89 0C 00 00 0E 0F 
00 FF FF 00 10 0D 22 93 00 00 02 00 00 10 04 8A 0C 00 00 0E D3 
00 FF FF 00 10 0D 22 93 00 00 02 00 00 10 04 8B 0C 00 00 0E 16 
00 FF FF 00 10 0D 22 93 00 00 02 00 00 10 04 8C 0C 00 00 05 0D 
00 FF FF 00 10 0D 22 93 00 00 02 00 00 10 04 8D 0C 00 00 07 2C 
00 FF FF 00 10 0D 22 93 00 00 02 00 00 10 04 8E 0C 00 00 06 78 
00 FF FF 00 10 0D 22 93 00 00 02 00 00 10 04 8F 0C 00 00 07 67 
00 FF FF 00 10 0D 22 93 00 00 02 00 00 10 04 90 0C 00 00 0B 65 
00 FF FF 00 10 0D 22 93 00 00 02 00 00 10 04 91 0C 00 00 13 51 
00 FF FF 00 10 0D 22 93 00 00 02 00 00 10 04 92 0C 00 00 13 AB 
00 FF FF 00 10 0D 22 93 00 00 02 00 00 10 04 93 0C 00 00 0E 46 
00 FF FF 00 10 0D 22 93 00 00 02 00 00 10 04 94 0C 00 00 0D 04 
00 FF FF 00 10 0D 22 93 00 00 02 00 00 10 04 95 0C 00 00 07 9A 
00 FF FF 00 10 0D 22 93 00 00 02 00 00 10 04 96 0C 00 00 07 2E 
00 FF FF 00 10 0D 22 93 00 00 02 00 00 10 04 97 0C 00 00 07 4A 
00 FF FF 00 10 0D 22 93 00 00 02 00 00 10 04 98 0C 00 00 0A 51 
00 FF FF 00 10 0D 22 93 00 00 02 00 00 10 04 99 0C 00 00 14 53 
00 FF FF 00 10 0D 22 93 00 00 02 00 00 10 04 9A 0C 00 00 0B AC 
00 FF FF 00 10 0D 22 93 00 00 02 00 00 10 04 9B 0C 00 00 12 08 
00 FF FF 00 10 0D 22 93 00 00 02 00 00 10 04 9C 0C 00 00 09 D3 
00 FF FF 00 10 0D 22 93 00 00 02 00 00 10 04 9D 0C 00 00 07 64 
00 FF FF 00 10 0D 22 93 00 00 02 00 00 10 04 9E 0C 00 00 0A D0 
00 FF FF 00 10 0D 22 93 00 00 02 00 00 10 04 9F 0C 00 00 05 D1 
00 FF FF 00 10 0D 22 93 00 00 02 00 00 10 04 A0 0C 00 00 0A 9F 
00 FF FF 00 10 0D 22 93 00 00 02 00 00 10 04 A1 0C 00 00 0A 2A 
00 FF FF 00 10 0D 22 93 00 00 02 00 00 10 04 A2 0C 00 00 0F 63 
00 FF FF 00 10 0D 22 93 00 00 02 00 00 10 04 A3 0C 00 00 0D D8 
00 FF FF 00 10 0D 22 93 00 00 02 00 00 10 04 A4 0C 00 00 0F DC 
00 FF FF 00 10 0D 22 93 00 00 02 00 00 10 04 A5 0C 00 00 16 3D 
00 FF FF 00 10 0D 22 93 00 00 02 00 00 10 04 A6 0C 00 00 02 83 
00 FF FF 00 10 0D 22 93 00 00 02 00 00 10 04 A7 0C 00 00 0A 58 
00 FF FF 00 10 0D 22 93 00 00 02 00 00 10 04 A8 0C 00 00 11 93 
00 FF FF 00 10 0D 22 93 00 00 02 00 00 10 04 A9 0C 00 00 0D D6 
00 FF FF 00 10 0D 22 93 00 00 02 00 00 10 04 AA 0C 00 00 0A 8B 
00 FF FF 00 10 0D 22 93 00 00 02 00 00 10 04 AB 0C 00 00 0F 8A 
00 FF FF 00 10 0D 22 93 00 00 02 00 00 10 04 AC 0C 00 00 0F 9D 
00 FF FF 00 10 0D 22 93 00 00 02 00 00 10 04 AD 0C 00 00 0C 8D 
00 FF FF 00 10 0D 22 93 00 00 02 00 00 10 04 AE 0C 00 00 0A F4 
00 FF FF 00 10 0D 22 93 00 00 02 00 00 10 04 AF 0C 00 00 07 64 
00 FF FF 00 10 0D 22 93 00 00 02 00 00 10 04 B0 0C 00 00 07 06 
00 FF FF 00 10 0D 22 93 00 00 02 00 00 10 04 B1 0C 00 00 06 D2 
00 FF FF 00 10 0D 22 93 00 00 02 00 00 10 04 B2 0C 00 00 0C A7 
00 FF FF 00 10 0D 22 93 00 00 02 00 00 10 04 B3 0C 00 00 0D 1B 
00 FF FF 00 10 0D 22 93 00 00 02 00 00 10 04 B4 0C 00 00 13 89 
00 FF FF 00 10 0D 22 93 00 00 02 00 00 10 04 B5 0C 00 00 12 24 
00 FF FF 00 10 0D 22 93 00 00 02 00 00 10 04 B6 0C 00 00 0C F5 
00 FF FF 00 10 0D 22 93 00 00 02 00 00 10 04 B7 0C 00 00 08 4B 
00 FF FF 00 10 0D 22 93 00 00 02 00 00 10 04 B8 0C 00 00 0E A3 
00 FF FF 00 10 0D 22 93 00 00 02 00 00 10 04 B9 0C 00 00 11 5A 
00 FF FF 00 10 0D 22 93 00 00 02 00 00 10 04 BA 0C 00 00 0B 07 
00 FF FF 00 10 0D 22 93 00 00 02 00 00 10 04 BB 0C 00 00 0C E6 
00 FF FF 00 10 0D 22 93 00 00 02 00 00 10 04 BC 0C 00 00 0C 7F 
00 FF FF 00 10 0D 22 93 00 00 02 00 00 10 04 BD 0C 00 00 0C 05 
00 FF FF 00 10 0D 22 93 00 00 02 00 00 10 04 BE 0C 00 00 0F 25 
00 FF FF 00 10 0D 22 93 00 00 02 00 00 10 04 BF 0C 00 00 09 F3 
00 FF FF 00 10 0D 22 93 00 00 02 00 00 10 04 C0 0C 00 00 0A FF 
00 FF FF 00 10 0D 22 93 00 00 02 00 00 10 04 C1 0C 00 00 0A 35 
00 FF FF 00 10 0D 22 93 00 00 02 00 00 10 04 C2 0C 00 00 07 12 
00 FF FF 00 10 0D 22 93 00 00 02 00 00 10 04 C3 0C 00 00 06 7B 
00 FF FF 00 10 0D 22 93 00 00 02 00 00 10 04 C4 0C 00 00 09 CB 
00 FF FF 00 10 0D 22 93 00 00 02 00 00 10 04 C5 0C 00 00 0D DE 
00 FF FF 00 10 0D 22 93 00 00 02 00 00 10 04 C6 0C 00 00 09 B7 
00 FF FF 00 10 0D 22 93 00 00 02 00 00 10 04 C7 0C 00 00 0D 37 
00 FF FF 00 10 0D 22 93 00 00 02 00 00 10 04 C8 0C 00 00 0A 05 
00 FF FF 00 10 0D 22 93 00 00 02 00 00 10 04 C9 0C 00 00 0B 6B 
00 FF FF 00 10 0D 22 93 00 00 02 00 00 10 04 CA 0C 00 00 05 F5 
00 FF FF 00 10 0D 22 93 00 00 02 00 00 10 04 CB 0C 00 00 07 DF 
00 FF FF 00 10 0D 22 93 00 00 02 00 00 10 04 CC 0C 00 00 0A A2 
00 FF FF 00 10 0D 22 93 00 00 02 00 00 10 04 CD 0C 00 00 0B 70 
00 FF FF 00 10 0D 22 93 00 00 02 00 00 10 04 CE 0C 00 00 08 DA 
00 FF FF 00 10 0D 22 93 00 00 02 00 00 10 04 CF 0C 00 00 09 41 
00 FF FF 00 10 0D 22 93 00 00 02 00 00 10 04 D0 0C 00 00 09 02 
00 FF FF 00 10 0D 22 93 00 00 02 00 00 10 04 D1 0C 00 00 06 90 
00 FF FF 00 10 0D 22 93 00 00 02 00 00 10 04 D2 0C 00 00 09 64 
00 FF FF 00 10 0D 22 93 00 00 02 00 00 10 04 D3 0C 00 00 05 27 
00 FF FF 00 10 0D 22 93 00 00 02 00 00 10 04 D4 0C 00 00 0B 2F 
00 FF FF 00 10 0D 22 93 00 00 02 00 00 10 04 D5 0C 00 00 07 ED 
00 FF FF 00 10 0D 22 93 00 00 02 00 00 10 04 D6 0C 00 00 0B 76 
00 FF FF 00 10 0D 22 93 00 00 02 00 00 10 04 D7 0C 00 00 09 F1 
00 FF FF 00 10 0D 22 93 00 00 02 00 00 10 04 D8 0C 00 00 09 BA 
00 FF FF 00 10 0D 22 93 00 00 02 00 00 10 04 D9 0C 00 00 0A E1 
00 FF FF 00 10 0D 22 93 00 00 02 00 00 10 04 DA 0C 00 00 04 9E 
00 FF FF 00 10 0D 22 93 00 00 02 00 00 10 04 DB 0C 00 00 09 8F 
00 FF FF 00 10 0D 22 93 00 00 02 00 00 10 04 DC 0C 00 00 0A 3C 
00 FF FF 00 10 0D 22 93 00 00 02 00 00 10 04 DD 0C 00 00 0B DF 
00 FF FF 00 10 0D 22 93 00 00 02 00 00 10 04 DE 0C 00 00 0D A0 
00 FF FF 00 10 0D 22 93 00 00 02 00 00 10 04 DF 0C 00 00 08 4D 
00 FF FF 00 10 0D 22 93 00 00 02 00 00 10 04 E0 0C 00 00 0D 05 
00 FF FF 00 10 0D 22 93 00 00 02 00 00 10 04 E1 0C 00 00 06 0D 
00 FF FF 00 10 0D 22 93 00 00 02 00 00 10 04 E2 0C 00 00 07 86 
00 FF FF 00 10 0D 22 93 00 00 02 00 00 10 04 E3 0C 00 00 0B EB 
00 FF FF 00 10 0D 22 93 00 00 02 00 00 10 04 E4 0C 00 00 06 33 
00 FF FF 00 10 0D 22 93 00 00 02 00 00 10 04 E5 0C 00 00 08 F3 
00 FF FF 00 10 0D 22 93 00 00 02 00 00 10 04 E6 0C 00 00 03 0E 
00 FF FF 00 10 0D 22 93 00 00 02 00 00 10 04 E7 0C 00 00 07 5F 
00 FF FF 00 10 0D 22 93 00 00 02 00 00 10 04 E8 0C 00 00 07 15 
00 FF FF 00 10 0D 22 93 00 00 02 00 00 10 04 E9 0C 00 00 1A 64 
00 FF FF 00 10 0D 22 93 00 00 02 00 00 10 04 EA 0C 00 00 14 32 
00 FF FF 00 10 0D 22 93 00 00 02 00 00 10 04 EB 0C 00 00 1C 07 
00 FF FF 00 10 0D 22 93 00 00 02 00 00 10 04 EC 0C 00 00 09 28 
00 FF FF 00 10 0D 22 93 00 00 02 00 00 10 04 ED 0C 00 00 10 6C 
00 FF FF 00 10 0D 22 93 00 00 02 00 00 10 04 EE 0C 00 00 11 FD 
00 FF FF 00 10 0D 22 93 00 00 02 00 00 10 04 EF 0C 00 00 15 51 
00 FF FF 00 10 0D 22 93 00 00 02 00 00 10 04 F0 0C 00 00 0C 1E 
00 FF FF 00 10 0D 22 93 00 00 02 00 00 10 04 F1 0C 00 00 07 BC 
00 FF FF 00 10 0D 22 93 00 00 02 00 00 10 04 F2 0C 00 00 12 D9 
00 FF FF 00 10 0D 22 93 00 00 02 00 00 10 04 F3 0C 00 00 0A 78 
00 FF FF 00 10 0D 22 93 00 00 02 00 00 10 04 F4 0C 00 00 07 74 
00 FF FF 00 10 0D 22 93 00 00 02 00 00 10 04 F5 0C 00 00 0A 2E 
00 FF FF 00 10 0D 22 93 00 00 02 00 00 10 04 F6 0C 00 00 0A 46 
00 FF FF 00 10 0D 22 93 00 00 02 00 00 10 04 F7 0C 00 00 06 68 
00 FF FF 00 10 0D 22 93 00 00 02 00 00 10 04 F8 0C 00 00 0F 34 
00 FF FF 00 10 0D 22 93 00 00 02 00 00 10 04 F9 0C 00 00 0B C6 
00 FF FF 00 10 0D 22 93 00 00 02 00 00 10 04 FA 0C 00 00 10 7B 
00 FF FF 00 10 0D 22 93 00 00 02 00 00 10 04 FB 0C 00 00 06 EE 
00 FF FF 00 10 0D 22 93 00 00 02 00 00 10 04 FC 0C 00 00 0C 2E 
00 FF FF 00 10 0D 22 93 00 00 02 00 00 10 04 FD 0C 00 00 0C CE 
00 FF FF 00 10 0D 22 93 00 00 02 00 00 10 04 FE 0C 00 00 0A 8D 
00 FF FF 00 10 0D 22 93 00 00 02 00 00 10 04 FF 0C 00 00 0A 95 
00 FF FF 00 10 0D 22 93 00 00 02 00 00 10 05 00 0C 00 00 0C 36 
00 FF FF 00 10 0D 22 93 00 00 02 00 00 10 05 01 0C 00 00 0C B5 
00 FF FF 00 10 0D 22 93 00 00 02 00 00 10 05 02 0C 00 00 09 79 
00 FF FF 00 10 0D 22 93 00 00 02 00 00 10 05 03 0C 00 00 07 D4 
00 FF FF 00 10 0D 22 93 00 00 02 00 00 10 05 04 0C 00 00 06 58 
00 FF FF 00 10 0D 22 93 00 00 02 00 00 10 05 05 0C 00 00 09 F3 
00 FF FF 00 10 0D 22 93 00 00 02 00 00 10 05 06 0C 00 00 07 9A 
00 FF FF 00 10 0D 22 93 00 00 02 00 00 10 05 07 0C 00 00 05 F6 
00 FF FF 00 10 0D 22 93 00 00 02 00 00 10 05 08 0C 00 00 0E 24 
00 FF FF 00 10 0D 22 93 00 00 02 00 00 10 05 09 0C 00 00 18 59 
00 FF FF 00 10 0D 22 93 00 00 02 00 00 10 05 0A 0C 00 00 0C 03 
00 FF FF 00 10 0D 22 93 00 00 02 00 00 10 05 0B 0C 00 00 08 45 
00 FF FF 00 10 0D 22 93 00 00 02 00 00 10 05 0C 0C 00 00 0A 47 
00 FF FF 00 10 0D 22 93 00 00 02 00 00 10 05 0D 0C 00 00 0A D8 
00 FF FF 00 10 0D 22 93 00 00 02 00 00 10 05 0E 0C 00 00 0D 82 
00 FF FF 00 10 0D 22 93 00 00 02 00 00 10 05 0F 0C 00 00 09 FB 
00 FF FF 00 10 0D 22 93 00 00 02 00 00 10 05 10 0C 00 00 0C 85 
00 FF FF 00 10 0D 22 93 00 00 02 00 00 10 05 11 0C 00 00 05 E2 
00 FF FF 00 10 0D 22 93 00 00 02 00 00 10 05 12 0C 00 00 0C 3A 
00 FF FF 00 10 0D 22 93 00 00 02 00 00 10 05 13 0C 00 00 0A 9E 
00 FF FF 00 10 0D 22 93 00 00 02 00 00 10 05 14 0C 00 00 07 FE 
00 FF FF 00 10 0D 22 93 00 00 02 00 00 10 05 15 0C 00 00 0A 72 
00 FF FF 00 10 0D 22 93 00 00 02 00 00 10 05 16 0C 00 00 06 EA 
00 FF FF 00 10 0D 22 93 00 00 02 00 00 10 05 17 0C 00 00 06 77 
00 FF FF 00 10 0D 22 93 00 00 02 00 00 10 05 18 0C 00 00 0A 13 
00 FF FF 00 10 0D 22 93 00 00 02 00 00 10 05 19 0C 00 00 0D 5E 
00 FF FF 00 10 0D 22 93 00 00 02 00 00 10 05 1A 0C 00 00 19 16 
00 FF FF 00 10 0D 22 93 00 00 02 00 00 10 05 1B 0C 00 00 0E B3 
00 FF FF 00 10 0D 22 93 00 00 02 00 00 10 05 1C 0C 00 00 08 58 
00 FF FF 00 10 0D 22 93 00 00 02 00 00 10 05 1D 0C 00 00 06 C6 
00 FF FF 00 10 0D 22 93 00 00 02 00 00 10 05 1E 0C 00 00 05 BC 
00 FF FF 00 10 0D 22 93 00 00 02 00 00 10 05 1F 0C 00 00 09 A2 
00 FF FF 00 10 0D 22 93 00 00 02 00 00 10 05 20 0C 00 00 0C E6 
00 FF FF 00 10 0D 22 93 00 00 02 00 00 10 05 21 0C 00 00 0F E6 
00 FF FF 00 10 0D 22 93 00 00 02 00 00 10 05 22 0C 00 00 18 EE 
00 FF FF 00 10 0D 22 93 00 00 02 00 00 10 05 23 0C 00 00 09 3F 
00 FF FF 00 10 0D 22 93 00 00 02 00 00 10 05 24 0C 00 00 07 CA 
00 FF FF 00 10 0D 22 93 00 00 02 00 00 10 05 25 0C 00 00 09 8C 
00 FF FF 00 10 0D 22 93 00 00 02 00 00 10 05 26 0C 00 00 06 07 
00 FF FF 00 10 0D 22 93 00 00 02 00 00 10 05 27 0C 00 00 0F 3A 
00 FF FF 00 10 0D 22 93 00 00 02 00 00 10 05 28 0C 00 00 0B 9E 
00 FF FF 00 10 0D 22 93 00 00 02 00 00 10 05 29 0C 00 00 06 C3 
00 FF FF 00 10 0D 22 93 00 00 02 00 00 10 05 2A 0C 00 00 0D 1B 
00 FF FF 00 10 0D 22 93 00 00 02 00 00 10 05 2B 0C 00 00 10 A4 
00 FF FF 00 10 0D 22 93 00 00 02 00 00 10 05 2C 0C 00 00 14 0A 
00 FF FF 00 10 0D 22 93 00 00 02 00 00 10 05 2D 0C 00 00 08 A1 
00 FF FF 00 10 0D 22 93 00 00 02 00 00 10 05 2E 0C 00 00 09 22 
00 FF FF 00 10 0D 22 93 00 00 02 00 00 10 05 2F 0C 00 00 06 8A 
00 FF FF 00 10 0D 22 93 00 00 02 00 00 10 05 30 0C 00 00 05 B5 
00 FF FF 00 10 0D 22 93 00 00 02 00 00 10 05 31 0C 00 00 05 6B 
00 FF FF 00 10 0D 22 93 00 00 02 00 00 10 05 32 0C 00 00 0C DD 
00 FF FF 00 10 0D 22 93 00 00 02 00 00 10 05 33 0C 00 00 0B 4D 
00 FF FF 00 10 0D 22 93 00 00 02 00 00 10 05 34 0C 00 00 19 EB 
00 FF FF 00 10 0D 22 93 00 00 02 00 00 10 05 35 0C 00 00 0C 28 
00 FF FF 00 10 0D 22 93 00 00 02 00 00 10 05 36 0C 00 00 08 37 
00 FF FF 00 10 0D 22 93 00 00 02 00 00 10 05 37 0C 00 00 08 7D 
00 FF FF 00 10 0D 22 93 00 00 02 00 00 10 05 38 0C 00 00 0C F9 
00 FF FF 00 10 0D 22 93 00 00 02 00 00 10 05 39 0C 00 00 06 BF 
00 FF FF 00 10 0D 22 93 00 00 02 00 00 10 05 3A 0C 00 00 0F B5 
00 FF FF 00 10 0D 22 93 00 00 02 00 00 10 05 3B 0C 00 00 1B 27 
00 FF FF 00 10 0D 22 93 00 00 02 00 00 10 05 3C 0C 00 00 15 AF 
00 FF FF 00 10 0D 22 93 00 00 02 00 00 10 05 3D 0C 00 00 0B 93 
00 FF FF 00 10 0D 22 93 00 00 02 00 00 10 05 3E 0C 00 00 0A 99 
00 FF FF 00 10 0D 22 93 00 00 02 00 00 10 05 3F 0C 00 00 09 47 
00 FF FF 00 10 0D 22 93 00 00 02 00 00 10 05 40 0C 00 00 0A 4C 
00 FF FF 00 10 0D 22 93 00 00 02 00 00 10 05 41 0C 00 00 07 CA 
00 FF FF 00 10 0D 22 93 00 00 02 00 00 10 05 42 0C 00 00 0D D7 
00 FF FF 00 10 0D 22 93 00 00 02 00 00 10 05 43 0C 00 00 17 A3 
00 FF FF 00 10 0D 22 93 00 00 02 00 00 10 05 44 0C 00 00 11 05 
00 FF FF 00 10 0D 22 93 00 00 02 00 00 10 05 45 0C 00 00 0F 3E 
00 FF FF 00 10 0D 22 93 00 00 02 00 00 10 05 46 0C 00 00 0B 6C 
00 FF FF 00 10 0D 22 93 00 00 02 00 00 10 05 47 0C 00 00 06 AE 
00 FF FF 00 10 0D 22 93 00 00 02 00 00 10 05 48 0C 00 00 0A 49 
00 FF FF 00 10 0D 22 93 00 00 02 00 00 10 05 49 0C 00 00 07 28 
00 FF FF 00 10 0D 22 93 00 00 02 00 00 10 05 4A 0C 00 00 0B 37 
00 FF FF 00 10 0D 22 93 00 00 02 00 00 10 05 4B 0C 00 00 08 8C 
00 FF FF 00 10 0D 22 93 00 00 02 00 00 10 05 4C 0C 00 00 12 99 
00 FF FF 00 10 0D 22 93 00 00 02 00 00 10 05 4D 0C 00 00 17 43 
00 FF FF 00 10 0D 22 93 00 00 02 00 00 10 05 4E 0C 00 00 0F CB 
00 FF FF 00 10 0D 22 93 00 00 02 00 00 10 05 4F 0C 00 00 0A B8 
00 FF FF 00 10 0D 22 93 00 00 02 00 00 10 05 50 0C 00 00 08 18 
00 FF FF 00 10 0D 22 93 00 00 02 00 00 10 05 51 0C 00 00 05 D7 
00 FF FF 00 10 0D 22 93 00 00 02 00 00 10 05 52 0C 00 00 09 4C 
00 FF FF 00 10 0D 22 93 00 00 02 00 00 10 05 53 0C 00 00 09 C0 
00 FF FF 00 10 0D 22 93 00 00 02 00 00 10 05 54 0C 00 00 07 A9 
00 FF FF 00 10 0D 22 93 00 00 02 00 00 10 05 55 0C 00 00 18 07 
00 FF FF 00 10 0D 22 93 00 00 02 00 00 10 05 56 0C 00 00 03 71 
00 FF FF 00 10 0D 22 93 00 00 02 00 00 10 05 57 0C 00 00 0B FC 
00 FF FF 00 10 0D 22 93 00 00 02 00 00 10 05 58 0C 00 00 15 38 
00 FF FF 00 10 0D 22 93 00 00 02 00 00 10 05 59 0C 00 00 0E B5 
00 FF FF 00 10 0D 22 93 00 00 02 00 00 10 05 5A 0C 00 00 02 93 
00 FF FF 00 10 0D 22 93 00 00 02 00 00 10 05 5B 0C 00 00 09 9C 
00 FF FF 00 10 0D 22 93 00 00 02 00 00 10 05 5C 0C 00 00 0D 3B 
00 FF FF 00 10 0D 22 93 00 00 02 00 00 10 05 5D 0C 00 00 26 B2 
00 FF FF 00 10 0D 22 93 00 00 02 00 00 10 05 5E 0C 00 00 12 4F 
00 FF FF 00 10 0D 22 93 00 00 02 00 00 10 05 5F 0C 00 00 14 D2 
00 FF FF 00 10 0D 22 93 00 00 02 00 00 10 05 60 0C 00 00 0A 26 
00 FF FF 00 10 0D 22 93 00 00 02 00 00 10 05 61 0C 00 00 05 EB 
00 FF FF 00 10 0D 22 93 00 00 02 00 00 10 05 62 0C 00 00 0B A9 
00 FF FF 00 10 0D 22 93 00 00 02 00 00 10 05 63 0C 00 00 08 55 
00 FF FF 00 10 0D 22 93 00 00 02 00 00 10 05 64 0C 00 00 11 3E 
00 FF FF 00 10 0D 22 93 00 00 02 00 00 10 05 65 0C 00 00 0A F0 
00 FF FF 00 10 0D 22 93 00 00 02 00 00 10 05 66 0C 00 00 14 20 
00 FF FF 00 10 0D 22 93 00 00 02 00 00 10 05 67 0C 00 00 0B A9 
00 FF FF 00 10 0D 22 93 00 00 02 00 00 10 05 68 0C 00 00 0E 5B 
00 FF FF 00 10 0D 22 93 00 00 02 00 00 10 05 69 0C 00 00 08 E1 
00 FF FF 00 10 0D 22 93 00 00 02 00 00 10 05 6A 0C 00 00 12 54 
00 FF FF 00 10 0D 22 93 00 00 02 00 00 10 05 6B 0C 00 00 0D F3 
00 FF FF 00 10 0D 22 93 00 00 02 00 00 10 05 6C 0C 00 00 0B 3B 
00 FF FF 00 10 0D 22 93 00 00 02 00 00 10 05 6D 0C 00 00 19 7B 
