00 FF FF 00 10 0D 22 93 00 00 01 00 00 10 03 1A 0D 00 00 14 66 
00 FF FF 00 10 0D 22 93 00 00 01 00 00 10 03 1B 0D 00 00 12 07 
00 FF FF 00 10 0D 22 93 00 00 01 00 00 10 03 1D 0D 00 00 0B 60 
00 FF FF 00 10 0D 22 93 00 00 01 00 00 10 03 1F 0D 00 00 0E 00 
00 FF FF 00 10 0D 22 93 00 00 01 00 00 10 03 20 0D 00 00 14 B6 
00 FF FF 00 10 0D 22 93 00 00 01 00 00 10 03 22 0D 00 00 16 0C 
00 FF FF 00 10 0D 22 93 00 00 01 00 00 10 00 47 0D 00 00 16 59 
00 FF FF 00 10 0D 22 93 00 00 01 00 00 10 00 48 0D 00 00 32 8A 
00 FF FF 00 10 0D 22 93 00 00 01 00 00 10 00 49 0D 00 00 18 89 
00 FF FF 00 10 0D 22 93 00 00 01 00 00 10 00 4A 0D 00 00 30 44 
00 FF FF 00 10 0D 22 93 00 00 01 00 00 10 00 4B 0D 00 00 12 1D 
00 FF FF 00 10 0D 22 93 00 00 01 00 00 10 00 4D 0D 00 00 30 E5 
00 FF FF 00 10 0D 22 93 00 00 01 00 00 10 00 4E 0D 00 00 1B CB 
00 FF FF 00 10 0D 22 93 00 00 01 00 00 10 00 4F 0D 00 00 24 A3 
00 FF FF 00 10 0D 22 93 00 00 01 00 00 10 00 50 0D 00 00 14 AB 
00 FF FF 00 10 0D 22 93 00 00 01 00 00 10 00 51 0D 00 00 19 AD 
00 FF FF 00 10 0D 22 93 00 00 01 00 00 10 00 52 0D 00 00 0C DA 
00 FF FF 00 10 0D 22 93 00 00 01 00 00 10 00 53 0D 00 00 18 7E 
00 FF FF 00 10 0D 22 93 00 00 01 00 00 10 00 54 0D 00 00 13 7E 
00 FF FF 00 10 0D 22 93 00 00 01 00 00 10 00 55 0D 00 00 25 84 
00 FF FF 00 10 0D 22 93 00 00 01 00 00 10 00 56 0D 00 00 11 B7 
00 FF FF 00 10 0D 22 93 00 00 01 00 00 10 00 57 0D 00 00 0A 4F 
00 FF FF 00 10 0D 22 93 00 00 01 00 00 10 00 58 0D 00 00 14 56 
00 FF FF 00 10 0D 22 93 00 00 01 00 00 10 00 59 0D 00 00 1D 33 
00 FF FF 00 10 0D 22 93 00 00 01 00 00 10 00 5A 0D 00 00 18 35 
00 FF FF 00 10 0D 22 93 00 00 01 00 00 10 00 5B 0D 00 00 11 F4 
00 FF FF 00 10 0D 22 93 00 00 01 00 00 10 00 5C 0D 00 00 1C 29 
00 FF FF 00 10 0D 22 93 00 00 01 00 00 10 00 5D 0D 00 00 14 7A 
00 FF FF 00 10 0D 22 93 00 00 01 00 00 10 00 5E 0D 00 00 23 7A 
00 FF FF 00 10 0D 22 93 00 00 01 00 00 10 00 5F 0D 00 00 10 77 
00 FF FF 00 10 0D 22 93 00 00 01 00 00 10 00 60 0D 00 00 32 E9 
00 FF FF 00 10 0D 22 93 00 00 01 00 00 10 00 61 0D 00 00 17 55 
00 FF FF 00 10 0D 22 93 00 00 01 00 00 10 00 62 0D 00 00 1A 65 
00 FF FF 00 10 0D 22 93 00 00 01 00 00 10 00 63 0D 00 00 1A 99 
00 FF FF 00 10 0D 22 93 00 00 01 00 00 10 00 64 0D 00 00 0F 51 
00 FF FF 00 10 0D 22 93 00 00 01 00 00 10 00 65 0D 00 00 1A 25 
00 FF FF 00 10 0D 22 93 00 00 01 00 00 10 00 66 0D 00 00 16 15 
00 FF FF 00 10 0D 22 93 00 00 01 00 00 10 00 67 0D 00 00 2F 99 
00 FF FF 00 10 0D 22 93 00 00 01 00 00 10 00 68 0D 00 00 1C DE 
00 FF FF 00 10 0D 22 93 00 00 01 00 00 10 00 69 0D 00 00 16 78 
00 FF FF 00 10 0D 22 93 00 00 01 00 00 10 00 6A 0D 00 00 15 14 
00 FF FF 00 10 0D 22 93 00 00 01 00 00 10 00 6B 0D 00 00 09 FD 
00 FF FF 00 10 0D 22 93 00 00 01 00 00 10 00 6C 0D 00 00 13 14 
00 FF FF 00 10 0D 22 93 00 00 01 00 00 10 00 6D 0D 00 00 0F BB 
00 FF FF 00 10 0D 22 93 00 00 01 00 00 10 00 6E 0D 00 00 22 52 
00 FF FF 00 10 0D 22 93 00 00 01 00 00 10 00 6F 0D 00 00 15 9A 
00 FF FF 00 10 0D 22 93 00 00 01 00 00 10 00 70 0D 00 00 36 75 
00 FF FF 00 10 0D 22 93 00 00 01 00 00 10 00 71 0D 00 00 0B 63 
00 FF FF 00 10 0D 22 93 00 00 01 00 00 10 00 72 0D 00 00 03 DD 
00 FF FF 00 10 0D 22 93 00 00 01 00 00 10 00 73 0D 00 00 14 E7 
00 FF FF 00 10 0D 22 93 00 00 01 00 00 10 00 74 0D 00 00 23 D2 
00 FF FF 00 10 0D 22 93 00 00 01 00 00 10 00 75 0D 00 00 16 6C 
00 FF FF 00 10 0D 22 93 00 00 01 00 00 10 00 76 0D 00 00 10 8F 
00 FF FF 00 10 0D 22 93 00 00 01 00 00 10 00 77 0D 00 00 1D 73 
00 FF FF 00 10 0D 22 93 00 00 01 00 00 10 00 78 0D 00 00 11 9A 
00 FF FF 00 10 0D 22 93 00 00 01 00 00 10 00 79 0D 00 00 2E D4 
00 FF FF 00 10 0D 22 93 00 00 01 00 00 10 00 7A 0D 00 00 0C F6 
00 FF FF 00 10 0D 22 93 00 00 01 00 00 10 00 7B 0D 00 00 33 28 
00 FF FF 00 10 0D 22 93 00 00 01 00 00 10 00 7C 0D 00 00 1A FA 
00 FF FF 00 10 0D 22 93 00 00 01 00 00 10 00 7D 0D 00 00 22 79 
00 FF FF 00 10 0D 22 93 00 00 01 00 00 10 00 7E 0D 00 00 25 D2 
00 FF FF 00 10 0D 22 93 00 00 01 00 00 10 00 7F 0D 00 00 16 45 
00 FF FF 00 10 0D 22 93 00 00 01 00 00 10 00 80 0D 00 00 22 8B 
00 FF FF 00 10 0D 22 93 00 00 01 00 00 10 00 81 0D 00 00 0B 43 
00 FF FF 00 10 0D 22 93 00 00 01 00 00 10 00 82 0D 00 00 2E 22 
00 FF FF 00 10 0D 22 93 00 00 01 00 00 10 00 83 0D 00 00 0C 60 
00 FF FF 00 10 0D 22 93 00 00 01 00 00 10 00 84 0D 00 00 09 D3 
00 FF FF 00 10 0D 22 93 00 00 01 00 00 10 00 86 0D 00 00 1F 9D 
00 FF FF 00 10 0D 22 93 00 00 01 00 00 10 00 87 0D 00 00 0B D0 
00 FF FF 00 10 0D 22 93 00 00 01 00 00 10 00 88 0D 00 00 19 A1 
00 FF FF 00 10 0D 22 93 00 00 01 00 00 10 00 89 0D 00 00 2C 76 
00 FF FF 00 10 0D 22 93 00 00 01 00 00 10 00 8A 0D 00 00 14 36 
00 FF FF 00 10 0D 22 93 00 00 01 00 00 10 00 8B 0D 00 00 2D 9A 
00 FF FF 00 10 0D 22 93 00 00 01 00 00 10 00 8D 0D 00 00 2D 9A 
00 FF FF 00 10 0D 22 93 00 00 01 00 00 10 00 8E 0D 00 00 13 32 
00 FF FF 00 10 0D 22 93 00 00 01 00 00 10 00 8F 0D 00 00 1D C3 
00 FF FF 00 10 0D 22 93 00 00 01 00 00 10 00 90 0D 00 00 1D E6 
00 FF FF 00 10 0D 22 93 00 00 01 00 00 10 00 91 0D 00 00 18 3B 
00 FF FF 00 10 0D 22 93 00 00 01 00 00 10 00 9B 0D 00 00 1D 96 
00 FF FF 00 10 0D 22 93 00 00 01 00 00 10 00 9C 0D 00 00 18 61 
00 FF FF 00 10 0D 22 93 00 00 01 00 00 10 00 9D 0D 00 00 27 A5 
00 FF FF 00 10 0D 22 93 00 00 01 00 00 10 00 9E 0D 00 00 23 A8 
00 FF FF 00 10 0D 22 93 00 00 01 00 00 10 00 9F 0D 00 00 29 E9 
00 FF FF 00 10 0D 22 93 00 00 01 00 00 10 00 A0 0D 00 00 1A 3C 
00 FF FF 00 10 0D 22 93 00 00 01 00 00 10 00 A1 0D 00 00 1D 31 
00 FF FF 00 10 0D 22 93 00 00 01 00 00 10 00 A2 0D 00 00 18 8D 
00 FF FF 00 10 0D 22 93 00 00 01 00 00 10 00 A3 0D 00 00 18 2D 
00 FF FF 00 10 0D 22 93 00 00 01 00 00 10 00 A4 0D 00 00 0D C6 
00 FF FF 00 10 0D 22 93 00 00 01 00 00 10 00 A5 0D 00 00 1D AD 
00 FF FF 00 10 0D 22 93 00 00 01 00 00 10 00 A8 0D 00 00 27 13 
00 FF FF 00 10 0D 22 93 00 00 01 00 00 10 00 A9 0D 00 00 1D 3D 
00 FF FF 00 10 0D 22 93 00 00 01 00 00 10 00 AA 0D 00 00 1A 42 
00 FF FF 00 10 0D 22 93 00 00 01 00 00 10 00 AB 0D 00 00 18 AA 
00 FF FF 00 10 0D 22 93 00 00 01 00 00 10 00 AC 0D 00 00 13 A0 
00 FF FF 00 10 0D 22 93 00 00 01 00 00 10 00 AD 0D 00 00 1C 26 
00 FF FF 00 10 0D 22 93 00 00 01 00 00 10 00 AE 0D 00 00 17 78 
00 FF FF 00 10 0D 22 93 00 00 01 00 00 10 00 AF 0D 00 00 1D 10 
00 FF FF 00 10 0D 22 93 00 00 01 00 00 10 00 B0 0D 00 00 2D 74 
00 FF FF 00 10 0D 22 93 00 00 01 00 00 10 00 B1 0D 00 00 1F 6E 
00 FF FF 00 10 0D 22 93 00 00 01 00 00 10 00 B2 0D 00 00 30 62 
00 FF FF 00 10 0D 22 93 00 00 01 00 00 10 00 B3 0D 00 00 18 2E 
00 FF FF 00 10 0D 22 93 00 00 01 00 00 10 00 B4 0D 00 00 1A BA 
00 FF FF 00 10 0D 22 93 00 00 01 00 00 10 00 B5 0D 00 00 0F 62 
00 FF FF 00 10 0D 22 93 00 00 01 00 00 10 00 B6 0D 00 00 17 BE 
00 FF FF 00 10 0D 22 93 00 00 01 00 00 10 00 B8 0D 00 00 18 CF 
00 FF FF 00 10 0D 22 93 00 00 01 00 00 10 00 B9 0D 00 00 1A A8 
00 FF FF 00 10 0D 22 93 00 00 01 00 00 10 00 BA 0D 00 00 1A 1D 
00 FF FF 00 10 0D 22 93 00 00 01 00 00 10 00 BB 0D 00 00 32 71 
00 FF FF 00 10 0D 22 93 00 00 01 00 00 10 00 BC 0D 00 00 16 D2 
00 FF FF 00 10 0D 22 93 00 00 01 00 00 10 00 BF 0D 00 00 19 F1 
00 FF FF 00 10 0D 22 93 00 00 01 00 00 10 00 C0 0D 00 00 21 91 
00 FF FF 00 10 0D 22 93 00 00 01 00 00 10 00 C2 0D 00 00 39 4A 
00 FF FF 00 10 0D 22 93 00 00 01 00 00 10 00 C4 0D 00 00 2F 8A 
00 FF FF 00 10 0D 22 93 00 00 01 00 00 10 00 C5 0D 00 00 15 FA 
00 FF FF 00 10 0D 22 93 00 00 01 00 00 10 00 C6 0D 00 00 27 8E 
00 FF FF 00 10 0D 22 93 00 00 01 00 00 10 00 C7 0D 00 00 1D 6C 
00 FF FF 00 10 0D 22 93 00 00 01 00 00 10 00 C8 0D 00 00 0E 3C 
00 FF FF 00 10 0D 22 93 00 00 01 00 00 10 00 C9 0D 00 00 23 FD 
00 FF FF 00 10 0D 22 93 00 00 01 00 00 10 00 CA 0D 00 00 16 8D 
00 FF FF 00 10 0D 22 93 00 00 01 00 00 10 00 CB 0D 00 00 2D 74 
00 FF FF 00 10 0D 22 93 00 00 01 00 00 10 00 CC 0D 00 00 17 3D 
00 FF FF 00 10 0D 22 93 00 00 01 00 00 10 00 CE 0D 00 00 12 83 
00 FF FF 00 10 0D 22 93 00 00 01 00 00 10 00 CF 0D 00 00 34 E1 
00 FF FF 00 10 0D 22 93 00 00 01 00 00 10 00 D0 0D 00 00 18 37 
00 FF FF 00 10 0D 22 93 00 00 01 00 00 10 00 D1 0D 00 00 25 61 
00 FF FF 00 10 0D 22 93 00 00 01 00 00 10 00 D3 0D 00 00 16 46 
00 FF FF 00 10 0D 22 93 00 00 01 00 00 10 00 D4 0D 00 00 2C CA 
00 FF FF 00 10 0D 22 93 00 00 01 00 00 10 00 D5 0D 00 00 12 8A 
00 FF FF 00 10 0D 22 93 00 00 01 00 00 10 00 D6 0D 00 00 36 A4 
00 FF FF 00 10 0D 22 93 00 00 01 00 00 10 00 D7 0D 00 00 11 3A 
00 FF FF 00 10 0D 22 93 00 00 01 00 00 10 00 D8 0D 00 00 34 22 
00 FF FF 00 10 0D 22 93 00 00 01 00 00 10 00 D9 0D 00 00 0D 99 
00 FF FF 00 10 0D 22 93 00 00 01 00 00 10 00 DA 0D 00 00 23 86 
00 FF FF 00 10 0D 22 93 00 00 01 00 00 10 00 DC 0D 00 00 17 3F 
00 FF FF 00 10 0D 22 93 00 00 01 00 00 10 00 DE 0D 00 00 11 ED 
00 FF FF 00 10 0D 22 93 00 00 01 00 00 10 00 DF 0D 00 00 37 82 
00 FF FF 00 10 0D 22 93 00 00 01 00 00 10 00 E0 0D 00 00 0F BE 
00 FF FF 00 10 0D 22 93 00 00 01 00 00 10 00 E1 0D 00 00 30 44 
00 FF FF 00 10 0D 22 93 00 00 01 00 00 10 00 E2 0D 00 00 05 72 
00 FF FF 00 10 0D 22 93 00 00 01 00 00 10 00 E3 0D 00 00 33 C3 
00 FF FF 00 10 0D 22 93 00 00 01 00 00 10 00 E4 0D 00 00 12 2F 
00 FF FF 00 10 0D 22 93 00 00 01 00 00 10 00 E5 0D 00 00 1A 0D 
00 FF FF 00 10 0D 22 93 00 00 01 00 00 10 00 E6 0D 00 00 26 83 
00 FF FF 00 10 0D 22 93 00 00 01 00 00 10 00 E7 0D 00 00 0D E6 
00 FF FF 00 10 0D 22 93 00 00 01 00 00 10 00 E8 0D 00 00 2D 66 
00 FF FF 00 10 0D 22 93 00 00 01 00 00 10 00 E9 0D 00 00 0E 3C 
00 FF FF 00 10 0D 22 93 00 00 01 00 00 10 00 EA 0D 00 00 2E 22 
00 FF FF 00 10 0D 22 93 00 00 01 00 00 10 00 EB 0D 00 00 0B 82 
00 FF FF 00 10 0D 22 93 00 00 01 00 00 10 00 EC 0D 00 00 31 29 
00 FF FF 00 10 0D 22 93 00 00 01 00 00 10 00 ED 0D 00 00 22 50 
00 FF FF 00 10 0D 22 93 00 00 01 00 00 10 00 EE 0D 00 00 1E 72 
00 FF FF 00 10 0D 22 93 00 00 01 00 00 10 00 EF 0D 00 00 31 55 
00 FF FF 00 10 0D 22 93 00 00 01 00 00 10 00 F0 0D 00 00 0D 84 
00 FF FF 00 10 0D 22 93 00 00 01 00 00 10 00 F1 0D 00 00 2D 74 
00 FF FF 00 10 0D 22 93 00 00 01 00 00 10 00 F2 0D 00 00 18 5A 
00 FF FF 00 10 0D 22 93 00 00 01 00 00 10 00 F3 0D 00 00 33 54 
00 FF FF 00 10 0D 22 93 00 00 01 00 00 10 00 F4 0D 00 00 0F 52 
00 FF FF 00 10 0D 22 93 00 00 01 00 00 10 00 F5 0D 00 00 2F 48 
00 FF FF 00 10 0D 22 93 00 00 01 00 00 10 00 F6 0D 00 00 1E A2 
00 FF FF 00 10 0D 22 93 00 00 01 00 00 10 00 F7 0D 00 00 23 99 
00 FF FF 00 10 0D 22 93 00 00 01 00 00 10 00 F8 0D 00 00 2D 52 
00 FF FF 00 10 0D 22 93 00 00 01 00 00 10 00 F9 0D 00 00 10 E5 
00 FF FF 00 10 0D 22 93 00 00 01 00 00 10 00 FA 0D 00 00 2E 71 
00 FF FF 00 10 0D 22 93 00 00 01 00 00 10 00 FB 0D 00 00 14 D5 
00 FF FF 00 10 0D 22 93 00 00 01 00 00 10 00 FC 0D 00 00 32 8A 
00 FF FF 00 10 0D 22 93 00 00 01 00 00 10 00 FD 0D 00 00 0E F2 
00 FF FF 00 10 0D 22 93 00 00 01 00 00 10 00 FE 0D 00 00 2F ED 
00 FF FF 00 10 0D 22 93 00 00 01 00 00 10 00 FF 0D 00 00 18 DB 
00 FF FF 00 10 0D 22 93 00 00 01 00 00 10 01 00 0D 00 00 1E C6 
00 FF FF 00 10 0D 22 93 00 00 01 00 00 10 01 01 0D 00 00 27 46 
00 FF FF 00 10 0D 22 93 00 00 01 00 00 10 01 02 0D 00 00 10 16 
00 FF FF 00 10 0D 22 93 00 00 01 00 00 10 01 03 0D 00 00 31 55 
00 FF FF 00 10 0D 22 93 00 00 01 00 00 10 01 04 0D 00 00 19 F2 
00 FF FF 00 10 0D 22 93 00 00 01 00 00 10 01 05 0D 00 00 31 C4 
00 FF FF 00 10 0D 22 93 00 00 01 00 00 10 01 06 0D 00 00 15 EF 
00 FF FF 00 10 0D 22 93 00 00 01 00 00 10 01 07 0D 00 00 30 08 
00 FF FF 00 10 0D 22 93 00 00 01 00 00 10 01 08 0D 00 00 18 7E 
00 FF FF 00 10 0D 22 93 00 00 01 00 00 10 01 09 0D 00 00 1F 46 
00 FF FF 00 10 0D 22 93 00 00 01 00 00 10 01 0A 0D 00 00 1F EE 
00 FF FF 00 10 0D 22 93 00 00 01 00 00 10 01 0B 0D 00 00 17 19 
00 FF FF 00 10 0D 22 93 00 00 01 00 00 10 01 0C 0D 00 00 2C 7A 
00 FF FF 00 10 0D 22 93 00 00 01 00 00 10 01 0D 0D 00 00 18 6F 
00 FF FF 00 10 0D 22 93 00 00 01 00 00 10 01 0E 0D 00 00 2D 52 
00 FF FF 00 10 0D 22 93 00 00 01 00 00 10 01 0F 0D 00 00 18 2E 
00 FF FF 00 10 0D 22 93 00 00 01 00 00 10 01 10 0D 00 00 26 F9 
00 FF FF 00 10 0D 22 93 00 00 01 00 00 10 01 11 0D 00 00 16 01 
00 FF FF 00 10 0D 22 93 00 00 01 00 00 10 01 12 0D 00 00 1E E1 
00 FF FF 00 10 0D 22 93 00 00 01 00 00 10 01 13 0D 00 00 15 7E 
00 FF FF 00 10 0D 22 93 00 00 01 00 00 10 01 14 0D 00 00 19 86 
00 FF FF 00 10 0D 22 93 00 00 01 00 00 10 01 15 0D 00 00 23 F1 
00 FF FF 00 10 0D 22 93 00 00 01 00 00 10 01 16 0D 00 00 17 AB 
00 FF FF 00 10 0D 22 93 00 00 01 00 00 10 01 17 0D 00 00 2E BE 
00 FF FF 00 10 0D 22 93 00 00 01 00 00 10 01 18 0D 00 00 1D AB 
00 FF FF 00 10 0D 22 93 00 00 01 00 00 10 01 19 0D 00 00 2A 0E 
00 FF FF 00 10 0D 22 93 00 00 01 00 00 10 01 1A 0D 00 00 17 C6 
00 FF FF 00 10 0D 22 93 00 00 01 00 00 10 01 1B 0D 00 00 1C 05 
00 FF FF 00 10 0D 22 93 00 00 01 00 00 10 01 1C 0D 00 00 09 F6 
00 FF FF 00 10 0D 22 93 00 00 01 00 00 10 01 1D 0D 00 00 10 8F 
00 FF FF 00 10 0D 22 93 00 00 01 00 00 10 01 1E 0D 00 00 1D 84 
00 FF FF 00 10 0D 22 93 00 00 01 00 00 10 01 1F 0D 00 00 08 27 
00 FF FF 00 10 0D 22 93 00 00 01 00 00 10 01 20 0D 00 00 2B 53 
00 FF FF 00 10 0D 22 93 00 00 01 00 00 10 01 21 0D 00 00 26 C8 
00 FF FF 00 10 0D 22 93 00 00 01 00 00 10 01 22 0D 00 00 27 85 
00 FF FF 00 10 0D 22 93 00 00 01 00 00 10 01 23 0D 00 00 1D 3A 
00 FF FF 00 10 0D 22 93 00 00 01 00 00 10 01 24 0D 00 00 1A 78 
00 FF FF 00 10 0D 22 93 00 00 01 00 00 10 01 25 0D 00 00 18 E6 
00 FF FF 00 10 0D 22 93 00 00 01 00 00 10 01 26 0D 00 00 19 08 
00 FF FF 00 10 0D 22 93 00 00 01 00 00 10 01 27 0D 00 00 0B 5C 
00 FF FF 00 10 0D 22 93 00 00 01 00 00 10 01 28 0D 00 00 1E AD 
00 FF FF 00 10 0D 22 93 00 00 01 00 00 10 01 29 0D 00 00 22 02 
00 FF FF 00 10 0D 22 93 00 00 01 00 00 10 01 2A 0D 00 00 29 42 
00 FF FF 00 10 0D 22 93 00 00 01 00 00 10 01 2B 0D 00 00 24 22 
00 FF FF 00 10 0D 22 93 00 00 01 00 00 10 01 2C 0D 00 00 1D 3D 
00 FF FF 00 10 0D 22 93 00 00 01 00 00 10 01 2D 0D 00 00 1B E9 
00 FF FF 00 10 0D 22 93 00 00 01 00 00 10 01 2E 0D 00 00 17 E2 
00 FF FF 00 10 0D 22 93 00 00 01 00 00 10 01 2F 0D 00 00 1A 35 
00 FF FF 00 10 0D 22 93 00 00 01 00 00 10 01 30 0D 00 00 17 EE 
00 FF FF 00 10 0D 22 93 00 00 01 00 00 10 01 31 0D 00 00 1B 65 
00 FF FF 00 10 0D 22 93 00 00 01 00 00 10 01 32 0D 00 00 19 EB 
00 FF FF 00 10 0D 22 93 00 00 01 00 00 10 01 33 0D 00 00 39 35 
00 FF FF 00 10 0D 22 93 00 00 01 00 00 10 01 34 0D 00 00 25 53 
00 FF FF 00 10 0D 22 93 00 00 01 00 00 10 01 35 0D 00 00 2C 6D 
00 FF FF 00 10 0D 22 93 00 00 01 00 00 10 01 36 0D 00 00 16 A7 
00 FF FF 00 10 0D 22 93 00 00 01 00 00 10 01 37 0D 00 00 19 54 
00 FF FF 00 10 0D 22 93 00 00 01 00 00 10 01 38 0D 00 00 18 39 
00 FF FF 00 10 0D 22 93 00 00 01 00 00 10 01 39 0D 00 00 19 2C 
00 FF FF 00 10 0D 22 93 00 00 01 00 00 10 01 3A 0D 00 00 24 2D 
00 FF FF 00 10 0D 22 93 00 00 01 00 00 10 01 3B 0D 00 00 18 9D 
00 FF FF 00 10 0D 22 93 00 00 01 00 00 10 01 3C 0D 00 00 2F 8A 
00 FF FF 00 10 0D 22 93 00 00 01 00 00 10 01 3D 0D 00 00 1C CE 
00 FF FF 00 10 0D 22 93 00 00 01 00 00 10 01 3E 0D 00 00 34 D0 
00 FF FF 00 10 0D 22 93 00 00 01 00 00 10 01 3F 0D 00 00 17 46 
00 FF FF 00 10 0D 22 93 00 00 01 00 00 10 01 40 0D 00 00 28 82 
00 FF FF 00 10 0D 22 93 00 00 01 00 00 10 01 41 0D 00 00 16 31 
00 FF FF 00 10 0D 22 93 00 00 01 00 00 10 01 42 0D 00 00 1A AC 
00 FF FF 00 10 0D 22 93 00 00 01 00 00 10 01 43 0D 00 00 21 85 
00 FF FF 00 10 0D 22 93 00 00 01 00 00 10 01 44 0D 00 00 17 A3 
00 FF FF 00 10 0D 22 93 00 00 01 00 00 10 01 45 0D 00 00 2E 22 
00 FF FF 00 10 0D 22 93 00 00 01 00 00 10 01 46 0D 00 00 08 65 
00 FF FF 00 10 0D 22 93 00 00 01 00 00 10 01 47 0D 00 00 3A 34 
00 FF FF 00 10 0D 22 93 00 00 01 00 00 10 01 48 0D 00 00 14 5A 
00 FF FF 00 10 0D 22 93 00 00 01 00 00 10 01 49 0D 00 00 2A E4 
00 FF FF 00 10 0D 22 93 00 00 01 00 00 10 01 4A 0D 00 00 13 85 
00 FF FF 00 10 0D 22 93 00 00 01 00 00 10 01 4B 0D 00 00 1E AD 
00 FF FF 00 10 0D 22 93 00 00 01 00 00 10 01 4C 0D 00 00 26 78 
00 FF FF 00 10 0D 22 93 00 00 01 00 00 10 01 4D 0D 00 00 14 4A 
00 FF FF 00 10 0D 22 93 00 00 01 00 00 10 01 4E 0D 00 00 35 CA 
00 FF FF 00 10 0D 22 93 00 00 01 00 00 10 01 4F 0D 00 00 17 21 
00 FF FF 00 10 0D 22 93 00 00 01 00 00 10 01 50 0D 00 00 33 54 
00 FF FF 00 10 0D 22 93 00 00 01 00 00 10 01 51 0D 00 00 11 8A 
00 FF FF 00 10 0D 22 93 00 00 01 00 00 10 01 52 0D 00 00 31 C4 
00 FF FF 00 10 0D 22 93 00 00 01 00 00 10 01 53 0D 00 00 19 62 
00 FF FF 00 10 0D 22 93 00 00 01 00 00 10 01 54 0D 00 00 1F B2 
00 FF FF 00 10 0D 22 93 00 00 01 00 00 10 01 55 0D 00 00 08 68 
00 FF FF 00 10 0D 22 93 00 00 01 00 00 10 01 56 0D 00 00 13 A5 
00 FF FF 00 10 0D 22 93 00 00 01 00 00 10 01 57 0D 00 00 31 02 
00 FF FF 00 10 0D 22 93 00 00 01 00 00 10 01 58 0D 00 00 08 00 
00 FF FF 00 10 0D 22 93 00 00 01 00 00 10 01 59 0D 00 00 38 64 
00 FF FF 00 10 0D 22 93 00 00 01 00 00 10 01 5A 0D 00 00 10 85 
00 FF FF 00 10 0D 22 93 00 00 01 00 00 10 01 5B 0D 00 00 34 22 
00 FF FF 00 10 0D 22 93 00 00 01 00 00 10 01 5C 0D 00 00 15 3A 
00 FF FF 00 10 0D 22 93 00 00 01 00 00 10 01 5D 0D 00 00 10 A2 
00 FF FF 00 10 0D 22 93 00 00 01 00 00 10 01 5E 0D 00 00 28 3E 
00 FF FF 00 10 0D 22 93 00 00 01 00 00 10 01 5F 0D 00 00 16 81 
00 FF FF 00 10 0D 22 93 00 00 01 00 00 10 01 60 0D 00 00 37 82 
00 FF FF 00 10 0D 22 93 00 00 01 00 00 10 01 61 0D 00 00 10 73 
00 FF FF 00 10 0D 22 93 00 00 01 00 00 10 01 62 0D 00 00 2E D4 
00 FF FF 00 10 0D 22 93 00 00 01 00 00 10 01 63 0D 00 00 10 9C 
00 FF FF 00 10 0D 22 93 00 00 01 00 00 10 01 64 0D 00 00 2F 8A 
00 FF FF 00 10 0D 22 93 00 00 01 00 00 10 01 65 0D 00 00 10 B7 
00 FF FF 00 10 0D 22 93 00 00 01 00 00 10 01 66 0D 00 00 2D E0 
00 FF FF 00 10 0D 22 93 00 00 01 00 00 10 01 67 0D 00 00 2E 24 
00 FF FF 00 10 0D 22 93 00 00 01 00 00 10 01 68 0D 00 00 18 E1 
00 FF FF 00 10 0D 22 93 00 00 01 00 00 10 01 69 0D 00 00 3B 1A 
00 FF FF 00 10 0D 22 93 00 00 01 00 00 10 01 6A 0D 00 00 0D F2 
00 FF FF 00 10 0D 22 93 00 00 01 00 00 10 01 6B 0D 00 00 3C 14 
00 FF FF 00 10 0D 22 93 00 00 01 00 00 10 01 6C 0D 00 00 1A 08 
00 FF FF 00 10 0D 22 93 00 00 01 00 00 10 01 6D 0D 00 00 38 64 
00 FF FF 00 10 0D 22 93 00 00 01 00 00 10 01 6E 0D 00 00 0F F2 
00 FF FF 00 10 0D 22 93 00 00 01 00 00 10 01 6F 0D 00 00 2C EC 
00 FF FF 00 10 0D 22 93 00 00 01 00 00 10 01 70 0D 00 00 23 27 
00 FF FF 00 10 0D 22 93 00 00 01 00 00 10 01 71 0D 00 00 1E 66 
00 FF FF 00 10 0D 22 93 00 00 01 00 00 10 01 72 0D 00 00 36 6C 
00 FF FF 00 10 0D 22 93 00 00 01 00 00 10 01 73 0D 00 00 0F F7 
00 FF FF 00 10 0D 22 93 00 00 01 00 00 10 01 74 0D 00 00 34 22 
00 FF FF 00 10 0D 22 93 00 00 01 00 00 10 01 75 0D 00 00 17 0D 
00 FF FF 00 10 0D 22 93 00 00 01 00 00 10 01 76 0D 00 00 0D 37 
00 FF FF 00 10 0D 22 93 00 00 01 00 00 10 01 77 0D 00 00 0E FA 
00 FF FF 00 10 0D 22 93 00 00 01 00 00 10 01 78 0D 00 00 2E F9 
00 FF FF 00 10 0D 22 93 00 00 01 00 00 10 01 79 0D 00 00 1C 0C 
00 FF FF 00 10 0D 22 93 00 00 01 00 00 10 01 7A 0D 00 00 22 7D 
00 FF FF 00 10 0D 22 93 00 00 01 00 00 10 01 7B 0D 00 00 26 4E 
00 FF FF 00 10 0D 22 93 00 00 01 00 00 10 01 7C 0D 00 00 10 C4 
00 FF FF 00 10 0D 22 93 00 00 01 00 00 10 01 7D 0D 00 00 2A DA 
00 FF FF 00 10 0D 22 93 00 00 01 00 00 10 01 7E 0D 00 00 1B 21 
00 FF FF 00 10 0D 22 93 00 00 01 00 00 10 01 7F 0D 00 00 30 B5 
00 FF FF 00 10 0D 22 93 00 00 01 00 00 10 01 80 0D 00 00 18 0D 
00 FF FF 00 10 0D 22 93 00 00 01 00 00 10 01 81 0D 00 00 2A F9 
00 FF FF 00 10 0D 22 93 00 00 01 00 00 10 01 82 0D 00 00 18 2B 
00 FF FF 00 10 0D 22 93 00 00 01 00 00 10 01 83 0D 00 00 1C 9D 
00 FF FF 00 10 0D 22 93 00 00 01 00 00 10 01 84 0D 00 00 1C A4 
00 FF FF 00 10 0D 22 93 00 00 01 00 00 10 01 85 0D 00 00 17 56 
00 FF FF 00 10 0D 22 93 00 00 01 00 00 10 01 86 0D 00 00 12 DC 
00 FF FF 00 10 0D 22 93 00 00 01 00 00 10 01 87 0D 00 00 15 FF 
00 FF FF 00 10 0D 22 93 00 00 01 00 00 10 01 88 0D 00 00 39 4A 
00 FF FF 00 10 0D 22 93 00 00 01 00 00 10 01 89 0D 00 00 13 2E 
00 FF FF 00 10 0D 22 93 00 00 01 00 00 10 01 8A 0D 00 00 27 DD 
00 FF FF 00 10 0D 22 93 00 00 01 00 00 10 01 8B 0D 00 00 18 A2 
00 FF FF 00 10 0D 22 93 00 00 01 00 00 10 01 8C 0D 00 00 1F 19 
00 FF FF 00 10 0D 22 93 00 00 01 00 00 10 01 8D 0D 00 00 1A C4 
00 FF FF 00 10 0D 22 93 00 00 01 00 00 10 01 8E 0D 00 00 19 2E 
00 FF FF 00 10 0D 22 93 00 00 01 00 00 10 01 8F 0D 00 00 2B F6 
00 FF FF 00 10 0D 22 93 00 00 01 00 00 10 01 90 0D 00 00 1D C9 
00 FF FF 00 10 0D 22 93 00 00 01 00 00 10 01 91 0D 00 00 28 F5 
00 FF FF 00 10 0D 22 93 00 00 01 00 00 10 01 92 0D 00 00 1F B5 
00 FF FF 00 10 0D 22 93 00 00 01 00 00 10 01 93 0D 00 00 29 65 
00 FF FF 00 10 0D 22 93 00 00 01 00 00 10 01 94 0D 00 00 1A 35 
00 FF FF 00 10 0D 22 93 00 00 01 00 00 10 01 95 0D 00 00 2A E4 
00 FF FF 00 10 0D 22 93 00 00 01 00 00 10 01 96 0D 00 00 0A 8A 
00 FF FF 00 10 0D 22 93 00 00 01 00 00 10 01 97 0D 00 00 17 39 
00 FF FF 00 10 0D 22 93 00 00 01 00 00 10 01 98 0D 00 00 1F B4 
00 FF FF 00 10 0D 22 93 00 00 01 00 00 10 01 99 0D 00 00 1E 3B 
00 FF FF 00 10 0D 22 93 00 00 01 00 00 10 01 9A 0D 00 00 24 53 
00 FF FF 00 10 0D 22 93 00 00 01 00 00 10 01 9B 0D 00 00 1B 02 
00 FF FF 00 10 0D 22 93 00 00 01 00 00 10 01 9C 0D 00 00 1E 9E 
00 FF FF 00 10 0D 22 93 00 00 01 00 00 10 01 9D 0D 00 00 1C 74 
00 FF FF 00 10 0D 22 93 00 00 01 00 00 10 01 9E 0D 00 00 1A 93 
00 FF FF 00 10 0D 22 93 00 00 01 00 00 10 01 9F 0D 00 00 1C 2C 
00 FF FF 00 10 0D 22 93 00 00 01 00 00 10 01 A0 0D 00 00 18 78 
00 FF FF 00 10 0D 22 93 00 00 01 00 00 10 01 A1 0D 00 00 1D AE 
00 FF FF 00 10 0D 22 93 00 00 01 00 00 10 01 A2 0D 00 00 12 5E 
00 FF FF 00 10 0D 22 93 00 00 01 00 00 10 01 A3 0D 00 00 0C A6 
00 FF FF 00 10 0D 22 93 00 00 01 00 00 10 01 A4 0D 00 00 26 ED 
00 FF FF 00 10 0D 22 93 00 00 01 00 00 10 01 A5 0D 00 00 19 9B 
00 FF FF 00 10 0D 22 93 00 00 01 00 00 10 01 A6 0D 00 00 17 05 
00 FF FF 00 10 0D 22 93 00 00 01 00 00 10 01 A7 0D 00 00 08 71 
00 FF FF 00 10 0D 22 93 00 00 01 00 00 10 01 A8 0D 00 00 1A EC 
00 FF FF 00 10 0D 22 93 00 00 01 00 00 10 01 A9 0D 00 00 0E B6 
00 FF FF 00 10 0D 22 93 00 00 01 00 00 10 01 AA 0D 00 00 18 F6 
00 FF FF 00 10 0D 22 93 00 00 01 00 00 10 01 AB 0D 00 00 1B 93 
00 FF FF 00 10 0D 22 93 00 00 01 00 00 10 01 AC 0D 00 00 13 DA 
00 FF FF 00 10 0D 22 93 00 00 01 00 00 10 01 AD 0D 00 00 2B F3 
00 FF FF 00 10 0D 22 93 00 00 01 00 00 10 01 AE 0D 00 00 26 D1 
00 FF FF 00 10 0D 22 93 00 00 01 00 00 10 01 AF 0D 00 00 23 04 
00 FF FF 00 10 0D 22 93 00 00 01 00 00 10 01 B0 0D 00 00 11 E9 
00 FF FF 00 10 0D 22 93 00 00 01 00 00 10 01 B1 0D 00 00 17 5A 
00 FF FF 00 10 0D 22 93 00 00 01 00 00 10 01 B2 0D 00 00 0F 33 
00 FF FF 00 10 0D 22 93 00 00 01 00 00 10 01 B3 0D 00 00 02 51 
00 FF FF 00 10 0D 22 93 00 00 01 00 00 10 01 B4 0D 00 00 24 AE 
00 FF FF 00 10 0D 22 93 00 00 01 00 00 10 01 B5 0D 00 00 0F 95 
00 FF FF 00 10 0D 22 93 00 00 01 00 00 10 01 B6 0D 00 00 0F F4 
00 FF FF 00 10 0D 22 93 00 00 01 00 00 10 01 B7 0D 00 00 0D 08 
00 FF FF 00 10 0D 22 93 00 00 01 00 00 10 01 B8 0D 00 00 29 5D 
00 FF FF 00 10 0D 22 93 00 00 01 00 00 10 01 B9 0D 00 00 06 70 
00 FF FF 00 10 0D 22 93 00 00 01 00 00 10 01 BA 0D 00 00 18 A9 
00 FF FF 00 10 0D 22 93 00 00 01 00 00 10 01 BB 0D 00 00 0E B5 
00 FF FF 00 10 0D 22 93 00 00 01 00 00 10 01 BC 0D 00 00 11 3A 
00 FF FF 00 10 0D 22 93 00 00 01 00 00 10 01 BD 0D 00 00 14 A1 
00 FF FF 00 10 0D 22 93 00 00 01 00 00 10 01 BE 0D 00 00 0E 4B 
00 FF FF 00 10 0D 22 93 00 00 01 00 00 10 01 BF 0D 00 00 33 54 
00 FF FF 00 10 0D 22 93 00 00 01 00 00 10 01 C0 0D 00 00 0F 10 
00 FF FF 00 10 0D 22 93 00 00 01 00 00 10 01 C1 0D 00 00 1D F2 
00 FF FF 00 10 0D 22 93 00 00 01 00 00 10 01 C2 0D 00 00 0C 88 
00 FF FF 00 10 0D 22 93 00 00 01 00 00 10 01 C3 0D 00 00 1D A1 
00 FF FF 00 10 0D 22 93 00 00 01 00 00 10 01 C4 0D 00 00 10 13 
00 FF FF 00 10 0D 22 93 00 00 01 00 00 10 01 C5 0D 00 00 10 0A 
00 FF FF 00 10 0D 22 93 00 00 01 00 00 10 01 C6 0D 00 00 27 6D 
00 FF FF 00 10 0D 22 93 00 00 01 00 00 10 01 C7 0D 00 00 0C AE 
00 FF FF 00 10 0D 22 93 00 00 01 00 00 10 01 C8 0D 00 00 35 CA 
00 FF FF 00 10 0D 22 93 00 00 01 00 00 10 01 C9 0D 00 00 11 A3 
00 FF FF 00 10 0D 22 93 00 00 01 00 00 10 01 CA 0D 00 00 15 C5 
00 FF FF 00 10 0D 22 93 00 00 01 00 00 10 01 CB 0D 00 00 11 FA 
00 FF FF 00 10 0D 22 93 00 00 01 00 00 10 01 CC 0D 00 00 1B 7E 
00 FF FF 00 10 0D 22 93 00 00 01 00 00 10 01 CD 0D 00 00 14 A4 
00 FF FF 00 10 0D 22 93 00 00 01 00 00 10 01 CF 0D 00 00 13 9A 
00 FF FF 00 10 0D 22 93 00 00 01 00 00 10 01 D0 0D 00 00 13 2D 
00 FF FF 00 10 0D 22 93 00 00 01 00 00 10 01 D1 0D 00 00 2A 4A 
00 FF FF 00 10 0D 22 93 00 00 01 00 00 10 01 D2 0D 00 00 17 B7 
00 FF FF 00 10 0D 22 93 00 00 01 00 00 10 01 D3 0D 00 00 23 E4 
00 FF FF 00 10 0D 22 93 00 00 01 00 00 10 01 D4 0D 00 00 17 BA 
00 FF FF 00 10 0D 22 93 00 00 01 00 00 10 01 D5 0D 00 00 31 02 
00 FF FF 00 10 0D 22 93 00 00 01 00 00 10 01 D6 0D 00 00 0F 99 
00 FF FF 00 10 0D 22 93 00 00 01 00 00 10 01 D7 0D 00 00 1C D9 
00 FF FF 00 10 0D 22 93 00 00 01 00 00 10 01 D8 0D 00 00 0E A8 
00 FF FF 00 10 0D 22 93 00 00 01 00 00 10 01 DA 0D 00 00 21 31 
00 FF FF 00 10 0D 22 93 00 00 01 00 00 10 01 DB 0D 00 00 0D 7C 
00 FF FF 00 10 0D 22 93 00 00 01 00 00 10 01 DC 0D 00 00 2F 8A 
00 FF FF 00 10 0D 22 93 00 00 01 00 00 10 01 DD 0D 00 00 1D 3A 
00 FF FF 00 10 0D 22 93 00 00 01 00 00 10 01 E1 0D 00 00 30 89 
00 FF FF 00 10 0D 22 93 00 00 01 00 00 10 01 E2 0D 00 00 0B 25 
00 FF FF 00 10 0D 22 93 00 00 01 00 00 10 01 E3 0D 00 00 2C CA 
00 FF FF 00 10 0D 22 93 00 00 01 00 00 10 01 E4 0D 00 00 0B 62 
00 FF FF 00 10 0D 22 93 00 00 01 00 00 10 01 E5 0D 00 00 2A 19 
00 FF FF 00 10 0D 22 93 00 00 01 00 00 10 01 E6 0D 00 00 0E B6 
00 FF FF 00 10 0D 22 93 00 00 01 00 00 10 01 E7 0D 00 00 1D 66 
00 FF FF 00 10 0D 22 93 00 00 01 00 00 10 01 E8 0D 00 00 1D 84 
00 FF FF 00 10 0D 22 93 00 00 01 00 00 10 01 E9 0D 00 00 1B 7C 
00 FF FF 00 10 0D 22 93 00 00 01 00 00 10 01 EA 0D 00 00 25 BB 
00 FF FF 00 10 0D 22 93 00 00 01 00 00 10 01 EB 0D 00 00 15 C3 
00 FF FF 00 10 0D 22 93 00 00 01 00 00 10 01 EC 0D 00 00 28 BA 
00 FF FF 00 10 0D 22 93 00 00 01 00 00 10 01 ED 0D 00 00 0B 7F 
00 FF FF 00 10 0D 22 93 00 00 01 00 00 10 01 EE 0D 00 00 27 71 
00 FF FF 00 10 0D 22 93 00 00 01 00 00 10 01 F1 0D 00 00 1A F5 
00 FF FF 00 10 0D 22 93 00 00 01 00 00 10 01 F2 0D 00 00 13 2F 
00 FF FF 00 10 0D 22 93 00 00 01 00 00 10 01 F3 0D 00 00 13 C6 
00 FF FF 00 10 0D 22 93 00 00 01 00 00 10 01 F4 0D 00 00 15 0B 
00 FF FF 00 10 0D 22 93 00 00 01 00 00 10 01 F5 0D 00 00 20 94 
00 FF FF 00 10 0D 22 93 00 00 01 00 00 10 01 F6 0D 00 00 13 12 
00 FF FF 00 10 0D 22 93 00 00 01 00 00 10 01 F7 0D 00 00 32 F1 
00 FF FF 00 10 0D 22 93 00 00 01 00 00 10 01 F8 0D 00 00 08 71 
00 FF FF 00 10 0D 22 93 00 00 01 00 00 10 01 F9 0D 00 00 23 86 
00 FF FF 00 10 0D 22 93 00 00 01 00 00 10 01 FA 0D 00 00 1F 8D 
00 FF FF 00 10 0D 22 93 00 00 01 00 00 10 01 FB 0D 00 00 08 E3 
00 FF FF 00 10 0D 22 93 00 00 01 00 00 10 01 FC 0D 00 00 1E 6A 
00 FF FF 00 10 0D 22 93 00 00 01 00 00 10 01 FD 0D 00 00 11 22 
00 FF FF 00 10 0D 22 93 00 00 01 00 00 10 01 FE 0D 00 00 0B 10 
00 FF FF 00 10 0D 22 93 00 00 01 00 00 10 01 FF 0D 00 00 0F 8F 
00 FF FF 00 10 0D 22 93 00 00 01 00 00 10 02 00 0D 00 00 2D D4 
00 FF FF 00 10 0D 22 93 00 00 01 00 00 10 02 01 0D 00 00 1A EA 
00 FF FF 00 10 0D 22 93 00 00 01 00 00 10 02 02 0D 00 00 21 24 
00 FF FF 00 10 0D 22 93 00 00 01 00 00 10 02 03 0D 00 00 14 FB 
00 FF FF 00 10 0D 22 93 00 00 01 00 00 10 02 04 0D 00 00 0C C2 
00 FF FF 00 10 0D 22 93 00 00 01 00 00 10 02 05 0D 00 00 1C B5 
00 FF FF 00 10 0D 22 93 00 00 01 00 00 10 02 06 0D 00 00 10 17 
00 FF FF 00 10 0D 22 93 00 00 01 00 00 10 02 07 0D 00 00 24 EA 
00 FF FF 00 10 0D 22 93 00 00 01 00 00 10 02 08 0D 00 00 12 6A 
00 FF FF 00 10 0D 22 93 00 00 01 00 00 10 02 09 0D 00 00 28 6B 
00 FF FF 00 10 0D 22 93 00 00 01 00 00 10 02 0A 0D 00 00 1A E5 
00 FF FF 00 10 0D 22 93 00 00 01 00 00 10 02 0B 0D 00 00 1D 45 
00 FF FF 00 10 0D 22 93 00 00 01 00 00 10 02 0C 0D 00 00 14 96 
00 FF FF 00 10 0D 22 93 00 00 01 00 00 10 02 0D 0D 00 00 04 6D 
00 FF FF 00 10 0D 22 93 00 00 01 00 00 10 02 0E 0D 00 00 03 B4 
00 FF FF 00 10 0D 22 93 00 00 01 00 00 10 02 0F 0D 00 00 10 76 
00 FF FF 00 10 0D 22 93 00 00 01 00 00 10 02 10 0D 00 00 1B E5 
00 FF FF 00 10 0D 22 93 00 00 01 00 00 10 02 11 0D 00 00 13 F1 
00 FF FF 00 10 0D 22 93 00 00 01 00 00 10 02 12 0D 00 00 28 B3 
00 FF FF 00 10 0D 22 93 00 00 01 00 00 10 02 13 0D 00 00 05 A3 
00 FF FF 00 10 0D 22 93 00 00 01 00 00 10 02 14 0D 00 00 1C 82 
00 FF FF 00 10 0D 22 93 00 00 01 00 00 10 02 15 0D 00 00 20 EA 
00 FF FF 00 10 0D 22 93 00 00 01 00 00 10 02 16 0D 00 00 14 86 
00 FF FF 00 10 0D 22 93 00 00 01 00 00 10 02 17 0D 00 00 1C 22 
00 FF FF 00 10 0D 22 93 00 00 01 00 00 10 02 18 0D 00 00 10 B5 
00 FF FF 00 10 0D 22 93 00 00 01 00 00 10 02 19 0D 00 00 18 4B 
00 FF FF 00 10 0D 22 93 00 00 01 00 00 10 02 1A 0D 00 00 18 56 
00 FF FF 00 10 0D 22 93 00 00 01 00 00 10 02 1B 0D 00 00 21 C9 
00 FF FF 00 10 0D 22 93 00 00 01 00 00 10 02 1C 0D 00 00 20 B5 
00 FF FF 00 10 0D 22 93 00 00 01 00 00 10 02 1D 0D 00 00 30 49 
00 FF FF 00 10 0D 22 93 00 00 01 00 00 10 02 1E 0D 00 00 26 09 
00 FF FF 00 10 0D 22 93 00 00 01 00 00 10 02 1F 0D 00 00 28 D3 
00 FF FF 00 10 0D 22 93 00 00 01 00 00 10 02 20 0D 00 00 16 33 
00 FF FF 00 10 0D 22 93 00 00 01 00 00 10 02 21 0D 00 00 12 37 
00 FF FF 00 10 0D 22 93 00 00 01 00 00 10 02 22 0D 00 00 16 D2 
00 FF FF 00 10 0D 22 93 00 00 01 00 00 10 02 23 0D 00 00 18 CB 
00 FF FF 00 10 0D 22 93 00 00 01 00 00 10 02 24 0D 00 00 1C B1 
00 FF FF 00 10 0D 22 93 00 00 01 00 00 10 02 25 0D 00 00 1B F3 
00 FF FF 00 10 0D 22 93 00 00 01 00 00 10 02 26 0D 00 00 14 3E 
00 FF FF 00 10 0D 22 93 00 00 01 00 00 10 02 27 0D 00 00 2F 61 
00 FF FF 00 10 0D 22 93 00 00 01 00 00 10 02 28 0D 00 00 11 84 
00 FF FF 00 10 0D 22 93 00 00 01 00 00 10 02 29 0D 00 00 0E BE 
00 FF FF 00 10 0D 22 93 00 00 01 00 00 10 02 2A 0D 00 00 12 0C 
00 FF FF 00 10 0D 22 93 00 00 01 00 00 10 02 2B 0D 00 00 15 96 
00 FF FF 00 10 0D 22 93 00 00 01 00 00 10 02 2C 0D 00 00 0B 30 
00 FF FF 00 10 0D 22 93 00 00 01 00 00 10 02 2D 0D 00 00 16 EE 
00 FF FF 00 10 0D 22 93 00 00 01 00 00 10 02 2E 0D 00 00 1B DB 
00 FF FF 00 10 0D 22 93 00 00 01 00 00 10 02 2F 0D 00 00 0F C0 
00 FF FF 00 10 0D 22 93 00 00 01 00 00 10 02 30 0D 00 00 38 49 
00 FF FF 00 10 0D 22 93 00 00 01 00 00 10 02 31 0D 00 00 10 E8 
00 FF FF 00 10 0D 22 93 00 00 01 00 00 10 02 32 0D 00 00 23 63 
00 FF FF 00 10 0D 22 93 00 00 01 00 00 10 02 33 0D 00 00 12 87 
00 FF FF 00 10 0D 22 93 00 00 01 00 00 10 02 34 0D 00 00 14 0F 
00 FF FF 00 10 0D 22 93 00 00 01 00 00 10 02 35 0D 00 00 16 5E 
00 FF FF 00 10 0D 22 93 00 00 01 00 00 10 02 36 0D 00 00 13 7E 
00 FF FF 00 10 0D 22 93 00 00 01 00 00 10 02 37 0D 00 00 22 23 
00 FF FF 00 10 0D 22 93 00 00 01 00 00 10 02 38 0D 00 00 11 25 
00 FF FF 00 10 0D 22 93 00 00 01 00 00 10 02 39 0D 00 00 30 08 
00 FF FF 00 10 0D 22 93 00 00 01 00 00 10 02 3A 0D 00 00 22 6D 
00 FF FF 00 10 0D 22 93 00 00 01 00 00 10 02 3B 0D 00 00 29 5D 
00 FF FF 00 10 0D 22 93 00 00 01 00 00 10 02 3C 0D 00 00 1A 3A 
00 FF FF 00 10 0D 22 93 00 00 01 00 00 10 02 3D 0D 00 00 1B B5 
00 FF FF 00 10 0D 22 93 00 00 01 00 00 10 02 3E 0D 00 00 1A D5 
00 FF FF 00 10 0D 22 93 00 00 01 00 00 10 02 3F 0D 00 00 10 E2 
00 FF FF 00 10 0D 22 93 00 00 01 00 00 10 02 40 0D 00 00 22 2D 
00 FF FF 00 10 0D 22 93 00 00 01 00 00 10 02 41 0D 00 00 0E 15 
00 FF FF 00 10 0D 22 93 00 00 01 00 00 10 02 42 0D 00 00 3B 22 
00 FF FF 00 10 0D 22 93 00 00 01 00 00 10 02 43 0D 00 00 18 D2 
00 FF FF 00 10 0D 22 93 00 00 01 00 00 10 02 44 0D 00 00 2D B9 
00 FF FF 00 10 0D 22 93 00 00 01 00 00 10 02 45 0D 00 00 16 D2 
00 FF FF 00 10 0D 22 93 00 00 01 00 00 10 02 46 0D 00 00 17 C3 
00 FF FF 00 10 0D 22 93 00 00 01 00 00 10 02 47 0D 00 00 16 85 
00 FF FF 00 10 0D 22 93 00 00 01 00 00 10 02 48 0D 00 00 1B 54 
00 FF FF 00 10 0D 22 93 00 00 01 00 00 10 02 49 0D 00 00 20 48 
00 FF FF 00 10 0D 22 93 00 00 01 00 00 10 02 4A 0D 00 00 0D 0A 
00 FF FF 00 10 0D 22 93 00 00 01 00 00 10 02 4B 0D 00 00 02 7C 
00 FF FF 00 10 0D 22 93 00 00 01 00 00 10 02 4C 0D 00 00 0E EC 
00 FF FF 00 10 0D 22 93 00 00 01 00 00 10 02 4D 0D 00 00 2B BC 
00 FF FF 00 10 0D 22 93 00 00 01 00 00 10 02 4E 0D 00 00 13 19 
00 FF FF 00 10 0D 22 93 00 00 01 00 00 10 02 4F 0D 00 00 0D 4C 
00 FF FF 00 10 0D 22 93 00 00 01 00 00 10 02 50 0D 00 00 18 EE 
00 FF FF 00 10 0D 22 93 00 00 01 00 00 10 02 51 0D 00 00 0F F3 
00 FF FF 00 10 0D 22 93 00 00 01 00 00 10 02 52 0D 00 00 25 3D 
00 FF FF 00 10 0D 22 93 00 00 01 00 00 10 02 53 0D 00 00 0F 69 
00 FF FF 00 10 0D 22 93 00 00 01 00 00 10 02 54 0D 00 00 30 CA 
00 FF FF 00 10 0D 22 93 00 00 01 00 00 10 02 55 0D 00 00 0F 8D 
00 FF FF 00 10 0D 22 93 00 00 01 00 00 10 02 56 0D 00 00 14 05 
00 FF FF 00 10 0D 22 93 00 00 01 00 00 10 02 57 0D 00 00 12 89 
00 FF FF 00 10 0D 22 93 00 00 01 00 00 10 02 58 0D 00 00 1D 5B 
00 FF FF 00 10 0D 22 93 00 00 01 00 00 10 02 59 0D 00 00 12 64 
00 FF FF 00 10 0D 22 93 00 00 01 00 00 10 02 5A 0D 00 00 17 47 
00 FF FF 00 10 0D 22 93 00 00 01 00 00 10 02 5B 0D 00 00 24 A9 
00 FF FF 00 10 0D 22 93 00 00 01 00 00 10 02 5C 0D 00 00 14 9B 
00 FF FF 00 10 0D 22 93 00 00 01 00 00 10 02 5D 0D 00 00 32 F1 
00 FF FF 00 10 0D 22 93 00 00 01 00 00 10 02 5E 0D 00 00 0E A8 
00 FF FF 00 10 0D 22 93 00 00 01 00 00 10 02 5F 0D 00 00 17 95 
00 FF FF 00 10 0D 22 93 00 00 01 00 00 10 02 60 0D 00 00 10 D7 
00 FF FF 00 10 0D 22 93 00 00 01 00 00 10 02 61 0D 00 00 1A 1B 
00 FF FF 00 10 0D 22 93 00 00 01 00 00 10 02 62 0D 00 00 15 3A 
00 FF FF 00 10 0D 22 93 00 00 01 00 00 10 02 63 0D 00 00 15 86 
00 FF FF 00 10 0D 22 93 00 00 01 00 00 10 02 64 0D 00 00 26 01 
00 FF FF 00 10 0D 22 93 00 00 01 00 00 10 02 65 0D 00 00 17 46 
00 FF FF 00 10 0D 22 93 00 00 01 00 00 10 02 66 0D 00 00 2C 59 
00 FF FF 00 10 0D 22 93 00 00 01 00 00 10 02 67 0D 00 00 10 04 
00 FF FF 00 10 0D 22 93 00 00 01 00 00 10 02 68 0D 00 00 22 62 
00 FF FF 00 10 0D 22 93 00 00 01 00 00 10 02 69 0D 00 00 12 6F 
00 FF FF 00 10 0D 22 93 00 00 01 00 00 10 02 6A 0D 00 00 17 21 
00 FF FF 00 10 0D 22 93 00 00 01 00 00 10 02 6B 0D 00 00 12 B5 
00 FF FF 00 10 0D 22 93 00 00 01 00 00 10 02 6C 0D 00 00 0F 4C 
00 FF FF 00 10 0D 22 93 00 00 01 00 00 10 02 6D 0D 00 00 25 83 
00 FF FF 00 10 0D 22 93 00 00 01 00 00 10 02 6E 0D 00 00 19 51 
00 FF FF 00 10 0D 22 93 00 00 01 00 00 10 02 6F 0D 00 00 37 61 
00 FF FF 00 10 0D 22 93 00 00 01 00 00 10 02 70 0D 00 00 10 13 
00 FF FF 00 10 0D 22 93 00 00 01 00 00 10 02 71 0D 00 00 1F EE 
00 FF FF 00 10 0D 22 93 00 00 01 00 00 10 02 72 0D 00 00 17 C7 
00 FF FF 00 10 0D 22 93 00 00 01 00 00 10 02 73 0D 00 00 1B 3B 
00 FF FF 00 10 0D 22 93 00 00 01 00 00 10 02 74 0D 00 00 0F 54 
00 FF FF 00 10 0D 22 93 00 00 01 00 00 10 02 75 0D 00 00 2D 1B 
00 FF FF 00 10 0D 22 93 00 00 01 00 00 10 02 76 0D 00 00 23 63 
00 FF FF 00 10 0D 22 93 00 00 01 00 00 10 02 77 0D 00 00 1E D7 
00 FF FF 00 10 0D 22 93 00 00 01 00 00 10 02 79 0D 00 00 0E 85 
00 FF FF 00 10 0D 22 93 00 00 01 00 00 10 02 7B 0D 00 00 14 7E 
00 FF FF 00 10 0D 22 93 00 00 01 00 00 10 02 7C 0D 00 00 2F 8A 
00 FF FF 00 10 0D 22 93 00 00 01 00 00 10 02 7D 0D 00 00 10 09 
00 FF FF 00 10 0D 22 93 00 00 01 00 00 10 02 7F 0D 00 00 1E E1 
00 FF FF 00 10 0D 22 93 00 00 01 00 00 10 02 86 0D 00 00 08 C6 
00 FF FF 00 10 0D 22 93 00 00 01 00 00 10 02 87 0D 00 00 2B DE 
00 FF FF 00 10 0D 22 93 00 00 01 00 00 10 02 88 0D 00 00 1A 2C 
00 FF FF 00 10 0D 22 93 00 00 01 00 00 10 02 8C 0D 00 00 33 28 
00 FF FF 00 10 0D 22 93 00 00 01 00 00 10 02 8D 0D 00 00 17 19 
00 FF FF 00 10 0D 22 93 00 00 01 00 00 10 02 8E 0D 00 00 31 02 
00 FF FF 00 10 0D 22 93 00 00 01 00 00 10 02 8F 0D 00 00 11 6B 
00 FF FF 00 10 0D 22 93 00 00 01 00 00 10 02 90 0D 00 00 2E 21 
00 FF FF 00 10 0D 22 93 00 00 01 00 00 10 02 91 0D 00 00 1A 9E 
00 FF FF 00 10 0D 22 93 00 00 01 00 00 10 02 92 0D 00 00 1E 91 
00 FF FF 00 10 0D 22 93 00 00 01 00 00 10 02 93 0D 00 00 1E AA 
00 FF FF 00 10 0D 22 93 00 00 01 00 00 10 02 94 0D 00 00 17 2E 
00 FF FF 00 10 0D 22 93 00 00 01 00 00 10 02 95 0D 00 00 2A EA 
00 FF FF 00 10 0D 22 93 00 00 01 00 00 10 02 96 0D 00 00 18 AD 
00 FF FF 00 10 0D 22 93 00 00 01 00 00 10 02 97 0D 00 00 34 A1 
00 FF FF 00 10 0D 22 93 00 00 01 00 00 10 02 98 0D 00 00 20 67 
00 FF FF 00 10 0D 22 93 00 00 01 00 00 10 02 99 0D 00 00 2C 11 
00 FF FF 00 10 0D 22 93 00 00 01 00 00 10 02 9A 0D 00 00 1A A6 
00 FF FF 00 10 0D 22 93 00 00 01 00 00 10 02 9B 0D 00 00 1C D6 
00 FF FF 00 10 0D 22 93 00 00 01 00 00 10 02 9C 0D 00 00 1B AA 
00 FF FF 00 10 0D 22 93 00 00 01 00 00 10 02 9D 0D 00 00 15 A5 
00 FF FF 00 10 0D 22 93 00 00 01 00 00 10 02 9E 0D 00 00 05 D3 
00 FF FF 00 10 0D 22 93 00 00 01 00 00 10 02 9F 0D 00 00 1A 7D 
00 FF FF 00 10 0D 22 93 00 00 01 00 00 10 02 A0 0D 00 00 2C 2D 
00 FF FF 00 10 0D 22 93 00 00 01 00 00 10 02 A1 0D 00 00 1D CF 
00 FF FF 00 10 0D 22 93 00 00 01 00 00 10 02 A2 0D 00 00 28 7A 
00 FF FF 00 10 0D 22 93 00 00 01 00 00 10 02 A3 0D 00 00 19 B3 
00 FF FF 00 10 0D 22 93 00 00 01 00 00 10 02 A4 0D 00 00 1B 3D 
00 FF FF 00 10 0D 22 93 00 00 01 00 00 10 02 A5 0D 00 00 18 C6 
00 FF FF 00 10 0D 22 93 00 00 01 00 00 10 02 A6 0D 00 00 11 C6 
00 FF FF 00 10 0D 22 93 00 00 01 00 00 10 02 A7 0D 00 00 1C B6 
00 FF FF 00 10 0D 22 93 00 00 01 00 00 10 02 A8 0D 00 00 1F 63 
00 FF FF 00 10 0D 22 93 00 00 01 00 00 10 02 A9 0D 00 00 2A 8E 
