00 FF FF 00 10 0D 22 93 00 00 01 00 00 10 00 B8 0D 00 00 03 64 
00 FF FF 00 10 0D 22 93 00 00 01 00 00 10 00 B9 0D 00 00 07 B1 
00 FF FF 00 10 0D 22 93 00 00 01 00 00 10 00 BA 0D 00 00 07 7D 
00 FF FF 00 10 0D 22 93 00 00 01 00 00 10 00 BB 0D 00 00 09 1B 
00 FF FF 00 10 0D 22 93 00 00 01 00 00 10 00 BC 0D 00 00 07 DA 
00 FF FF 00 10 0D 22 93 00 00 01 00 00 10 00 BD 0D 00 00 0A 5D 
00 FF FF 00 10 0D 22 93 00 00 01 00 00 10 00 BE 0D 00 00 06 B4 
00 FF FF 00 10 0D 22 93 00 00 01 00 00 10 00 BF 0D 00 00 03 7B 
00 FF FF 00 10 0D 22 93 00 00 01 00 00 10 00 C0 0D 00 00 04 C1 
00 FF FF 00 10 0D 22 93 00 00 01 00 00 10 00 C1 0D 00 00 04 45 
00 FF FF 00 10 0D 22 93 00 00 01 00 00 10 00 C2 0D 00 00 05 D4 
00 FF FF 00 10 0D 22 93 00 00 01 00 00 10 00 C3 0D 00 00 05 67 
00 FF FF 00 10 0D 22 93 00 00 01 00 00 10 00 C4 0D 00 00 09 33 
00 FF FF 00 10 0D 22 93 00 00 01 00 00 10 00 C5 0D 00 00 08 AC 
00 FF FF 00 10 0D 22 93 00 00 01 00 00 10 00 C6 0D 00 00 05 2B 
00 FF FF 00 10 0D 22 93 00 00 01 00 00 10 00 C7 0D 00 00 06 BC 
00 FF FF 00 10 0D 22 93 00 00 01 00 00 10 00 C8 0D 00 00 05 4F 
00 FF FF 00 10 0D 22 93 00 00 01 00 00 10 00 C9 0D 00 00 06 A0 
00 FF FF 00 10 0D 22 93 00 00 01 00 00 10 00 CA 0D 00 00 07 A2 
00 FF FF 00 10 0D 22 93 00 00 01 00 00 10 00 CB 0D 00 00 05 69 
00 FF FF 00 10 0D 22 93 00 00 01 00 00 10 00 CC 0D 00 00 06 12 
00 FF FF 00 10 0D 22 93 00 00 01 00 00 10 00 CD 0D 00 00 09 01 
00 FF FF 00 10 0D 22 93 00 00 01 00 00 10 00 CE 0D 00 00 08 04 
00 FF FF 00 10 0D 22 93 00 00 01 00 00 10 00 CF 0D 00 00 06 33 
00 FF FF 00 10 0D 22 93 00 00 01 00 00 10 00 D0 0D 00 00 07 74 
00 FF FF 00 10 0D 22 93 00 00 01 00 00 10 00 D1 0D 00 00 03 A2 
00 FF FF 00 10 0D 22 93 00 00 01 00 00 10 00 D2 0D 00 00 04 FC 
00 FF FF 00 10 0D 22 93 00 00 01 00 00 10 00 D3 0D 00 00 03 B9 
00 FF FF 00 10 0D 22 93 00 00 01 00 00 10 00 D4 0D 00 00 04 F9 
00 FF FF 00 10 0D 22 93 00 00 01 00 00 10 00 D5 0D 00 00 05 93 
00 FF FF 00 10 0D 22 93 00 00 01 00 00 10 00 D6 0D 00 00 08 9D 
00 FF FF 00 10 0D 22 93 00 00 01 00 00 10 00 D7 0D 00 00 06 76 
00 FF FF 00 10 0D 22 93 00 00 01 00 00 10 00 D8 0D 00 00 03 73 
00 FF FF 00 10 0D 22 93 00 00 01 00 00 10 00 D9 0D 00 00 06 06 
00 FF FF 00 10 0D 22 93 00 00 01 00 00 10 00 DA 0D 00 00 06 3A 
00 FF FF 00 10 0D 22 93 00 00 01 00 00 10 00 DB 0D 00 00 05 0F 
00 FF FF 00 10 0D 22 93 00 00 01 00 00 10 00 DC 0D 00 00 03 BC 
00 FF FF 00 10 0D 22 93 00 00 01 00 00 10 00 DD 0D 00 00 03 D9 
00 FF FF 00 10 0D 22 93 00 00 01 00 00 10 00 DE 0D 00 00 04 55 
00 FF FF 00 10 0D 22 93 00 00 01 00 00 10 00 DF 0D 00 00 05 41 
00 FF FF 00 10 0D 22 93 00 00 01 00 00 10 00 E0 0D 00 00 06 D5 
00 FF FF 00 10 0D 22 93 00 00 01 00 00 10 00 E1 0D 00 00 05 F4 
00 FF FF 00 10 0D 22 93 00 00 01 00 00 10 00 E2 0D 00 00 05 BA 
00 FF FF 00 10 0D 22 93 00 00 01 00 00 10 00 E3 0D 00 00 04 38 
00 FF FF 00 10 0D 22 93 00 00 01 00 00 10 00 E4 0D 00 00 05 54 
00 FF FF 00 10 0D 22 93 00 00 01 00 00 10 00 E5 0D 00 00 06 19 
00 FF FF 00 10 0D 22 93 00 00 01 00 00 10 00 E6 0D 00 00 02 9B 
00 FF FF 00 10 0D 22 93 00 00 01 00 00 10 00 E7 0D 00 00 04 3E 
00 FF FF 00 10 0D 22 93 00 00 01 00 00 10 00 E8 0D 00 00 05 E7 
00 FF FF 00 10 0D 22 93 00 00 01 00 00 10 00 E9 0D 00 00 06 37 
00 FF FF 00 10 0D 22 93 00 00 01 00 00 10 00 EA 0D 00 00 07 E9 
00 FF FF 00 10 0D 22 93 00 00 01 00 00 10 00 EB 0D 00 00 02 36 
00 FF FF 00 10 0D 22 93 00 00 01 00 00 10 00 EC 0D 00 00 04 01 
00 FF FF 00 10 0D 22 93 00 00 01 00 00 10 00 EF 0D 00 00 04 65 
00 FF FF 00 10 0D 22 93 00 00 01 00 00 10 00 F0 0D 00 00 03 AF 
00 FF FF 00 10 0D 22 93 00 00 01 00 00 10 00 F1 0D 00 00 02 95 
00 FF FF 00 10 0D 22 93 00 00 01 00 00 10 00 F2 0D 00 00 05 8D 
00 FF FF 00 10 0D 22 93 00 00 01 00 00 10 00 F3 0D 00 00 07 40 
00 FF FF 00 10 0D 22 93 00 00 01 00 00 10 00 F4 0D 00 00 06 DB 
00 FF FF 00 10 0D 22 93 00 00 01 00 00 10 00 F5 0D 00 00 07 0C 
00 FF FF 00 10 0D 22 93 00 00 01 00 00 10 00 F6 0D 00 00 05 CE 
00 FF FF 00 10 0D 22 93 00 00 01 00 00 10 00 F7 0D 00 00 03 EA 
00 FF FF 00 10 0D 22 93 00 00 01 00 00 10 00 F8 0D 00 00 04 95 
00 FF FF 00 10 0D 22 93 00 00 01 00 00 10 00 F9 0D 00 00 06 44 
00 FF FF 00 10 0D 22 93 00 00 01 00 00 10 00 FA 0D 00 00 02 20 
00 FF FF 00 10 0D 22 93 00 00 01 00 00 10 00 FB 0D 00 00 05 A4 
00 FF FF 00 10 0D 22 93 00 00 01 00 00 10 00 FD 0D 00 00 05 9B 
00 FF FF 00 10 0D 22 93 00 00 01 00 00 10 00 FE 0D 00 00 03 4D 
00 FF FF 00 10 0D 22 93 00 00 01 00 00 10 01 01 0D 00 00 03 E1 
00 FF FF 00 10 0D 22 93 00 00 01 00 00 10 01 04 0D 00 00 03 D2 
00 FF FF 00 10 0D 22 93 00 00 01 00 00 10 01 05 0D 00 00 03 50 
00 FF FF 00 10 0D 22 93 00 00 01 00 00 10 01 06 0D 00 00 05 34 
00 FF FF 00 10 0D 22 93 00 00 01 00 00 10 01 07 0D 00 00 03 61 
00 FF FF 00 10 0D 22 93 00 00 01 00 00 10 01 09 0D 00 00 04 DC 
00 FF FF 00 10 0D 22 93 00 00 01 00 00 10 01 0A 0D 00 00 06 8E 
00 FF FF 00 10 0D 22 93 00 00 01 00 00 10 01 0B 0D 00 00 04 2A 
00 FF FF 00 10 0D 22 93 00 00 01 00 00 10 01 0C 0D 00 00 03 89 
00 FF FF 00 10 0D 22 93 00 00 01 00 00 10 01 0D 0D 00 00 03 6E 
00 FF FF 00 10 0D 22 93 00 00 01 00 00 10 01 0E 0D 00 00 04 A8 
00 FF FF 00 10 0D 22 93 00 00 01 00 00 10 01 0F 0D 00 00 04 2F 
00 FF FF 00 10 0D 22 93 00 00 01 00 00 10 01 10 0D 00 00 04 60 
00 FF FF 00 10 0D 22 93 00 00 01 00 00 10 01 11 0D 00 00 05 60 
00 FF FF 00 10 0D 22 93 00 00 01 00 00 10 01 12 0D 00 00 04 AD 
00 FF FF 00 10 0D 22 93 00 00 01 00 00 10 01 13 0D 00 00 04 85 
00 FF FF 00 10 0D 22 93 00 00 01 00 00 10 01 14 0D 00 00 03 D3 
00 FF FF 00 10 0D 22 93 00 00 01 00 00 10 01 15 0D 00 00 03 94 
00 FF FF 00 10 0D 22 93 00 00 01 00 00 10 01 16 0D 00 00 04 61 
00 FF FF 00 10 0D 22 93 00 00 01 00 00 10 01 18 0D 00 00 06 76 
00 FF FF 00 10 0D 22 93 00 00 01 00 00 10 01 19 0D 00 00 04 04 
00 FF FF 00 10 0D 22 93 00 00 01 00 00 10 01 1A 0D 00 00 05 E0 
00 FF FF 00 10 0D 22 93 00 00 01 00 00 10 01 1C 0D 00 00 04 B7 
00 FF FF 00 10 0D 22 93 00 00 01 00 00 10 01 1D 0D 00 00 04 55 
00 FF FF 00 10 0D 22 93 00 00 01 00 00 10 01 1E 0D 00 00 03 03 
00 FF FF 00 10 0D 22 93 00 00 01 00 00 10 01 1F 0D 00 00 03 BE 
00 FF FF 00 10 0D 22 93 00 00 01 00 00 10 01 20 0D 00 00 06 43 
00 FF FF 00 10 0D 22 93 00 00 01 00 00 10 01 21 0D 00 00 06 04 
00 FF FF 00 10 0D 22 93 00 00 01 00 00 10 01 22 0D 00 00 03 ED 
00 FF FF 00 10 0D 22 93 00 00 01 00 00 10 01 23 0D 00 00 04 45 
00 FF FF 00 10 0D 22 93 00 00 01 00 00 10 01 24 0D 00 00 05 60 
00 FF FF 00 10 0D 22 93 00 00 01 00 00 10 01 25 0D 00 00 04 D0 
00 FF FF 00 10 0D 22 93 00 00 01 00 00 10 01 26 0D 00 00 03 E0 
00 FF FF 00 10 0D 22 93 00 00 01 00 00 10 01 27 0D 00 00 03 FA 
00 FF FF 00 10 0D 22 93 00 00 01 00 00 10 01 28 0D 00 00 01 A7 
00 FF FF 00 10 0D 22 93 00 00 01 00 00 10 01 29 0D 00 00 02 F4 
00 FF FF 00 10 0D 22 93 00 00 01 00 00 10 01 2A 0D 00 00 02 20 
00 FF FF 00 10 0D 22 93 00 00 01 00 00 10 01 2B 0D 00 00 03 F3 
00 FF FF 00 10 0D 22 93 00 00 01 00 00 10 01 2C 0D 00 00 04 49 
00 FF FF 00 10 0D 22 93 00 00 01 00 00 10 01 2D 0D 00 00 04 17 
00 FF FF 00 10 0D 22 93 00 00 01 00 00 10 01 2E 0D 00 00 05 27 
00 FF FF 00 10 0D 22 93 00 00 01 00 00 10 01 2F 0D 00 00 04 65 
00 FF FF 00 10 0D 22 93 00 00 01 00 00 10 01 30 0D 00 00 04 B4 
00 FF FF 00 10 0D 22 93 00 00 01 00 00 10 01 31 0D 00 00 03 AA 
00 FF FF 00 10 0D 22 93 00 00 01 00 00 10 01 32 0D 00 00 04 8D 
00 FF FF 00 10 0D 22 93 00 00 01 00 00 10 01 33 0D 00 00 05 CF 
00 FF FF 00 10 0D 22 93 00 00 01 00 00 10 01 34 0D 00 00 06 11 
00 FF FF 00 10 0D 22 93 00 00 01 00 00 10 01 36 0D 00 00 07 17 
00 FF FF 00 10 0D 22 93 00 00 01 00 00 10 01 37 0D 00 00 06 21 
00 FF FF 00 10 0D 22 93 00 00 01 00 00 10 01 38 0D 00 00 05 1C 
00 FF FF 00 10 0D 22 93 00 00 01 00 00 10 01 39 0D 00 00 04 1A 
00 FF FF 00 10 0D 22 93 00 00 01 00 00 10 01 3A 0D 00 00 04 1A 
00 FF FF 00 10 0D 22 93 00 00 01 00 00 10 01 3B 0D 00 00 05 5C 
00 FF FF 00 10 0D 22 93 00 00 01 00 00 10 01 3D 0D 00 00 06 94 
00 FF FF 00 10 0D 22 93 00 00 01 00 00 10 01 3E 0D 00 00 06 98 
00 FF FF 00 10 0D 22 93 00 00 01 00 00 10 01 3F 0D 00 00 06 7C 
00 FF FF 00 10 0D 22 93 00 00 01 00 00 10 01 40 0D 00 00 06 77 
00 FF FF 00 10 0D 22 93 00 00 01 00 00 10 01 41 0D 00 00 05 69 
00 FF FF 00 10 0D 22 93 00 00 01 00 00 10 01 42 0D 00 00 05 98 
00 FF FF 00 10 0D 22 93 00 00 01 00 00 10 01 43 0D 00 00 04 19 
00 FF FF 00 10 0D 22 93 00 00 01 00 00 10 01 44 0D 00 00 04 D1 
00 FF FF 00 10 0D 22 93 00 00 01 00 00 10 01 45 0D 00 00 06 D0 
00 FF FF 00 10 0D 22 93 00 00 01 00 00 10 01 46 0D 00 00 05 F5 
00 FF FF 00 10 0D 22 93 00 00 01 00 00 10 01 47 0D 00 00 06 4F 
00 FF FF 00 10 0D 22 93 00 00 01 00 00 10 01 48 0D 00 00 06 AD 
00 FF FF 00 10 0D 22 93 00 00 01 00 00 10 01 49 0D 00 00 07 0A 
00 FF FF 00 10 0D 22 93 00 00 01 00 00 10 01 4A 0D 00 00 05 B0 
00 FF FF 00 10 0D 22 93 00 00 01 00 00 10 01 4B 0D 00 00 04 85 
00 FF FF 00 10 0D 22 93 00 00 01 00 00 10 01 4C 0D 00 00 05 56 
00 FF FF 00 10 0D 22 93 00 00 01 00 00 10 01 4D 0D 00 00 04 9A 
00 FF FF 00 10 0D 22 93 00 00 01 00 00 10 01 4E 0D 00 00 05 F0 
00 FF FF 00 10 0D 22 93 00 00 01 00 00 10 01 4F 0D 00 00 06 1A 
00 FF FF 00 10 0D 22 93 00 00 01 00 00 10 01 50 0D 00 00 05 39 
00 FF FF 00 10 0D 22 93 00 00 01 00 00 10 01 51 0D 00 00 05 55 
00 FF FF 00 10 0D 22 93 00 00 01 00 00 10 01 52 0D 00 00 04 D7 
00 FF FF 00 10 0D 22 93 00 00 01 00 00 10 01 53 0D 00 00 06 68 
00 FF FF 00 10 0D 22 93 00 00 01 00 00 10 01 54 0D 00 00 04 C3 
00 FF FF 00 10 0D 22 93 00 00 01 00 00 10 01 55 0D 00 00 05 6E 
00 FF FF 00 10 0D 22 93 00 00 01 00 00 10 01 56 0D 00 00 04 16 
00 FF FF 00 10 0D 22 93 00 00 01 00 00 10 01 57 0D 00 00 05 B9 
00 FF FF 00 10 0D 22 93 00 00 01 00 00 10 01 58 0D 00 00 07 45 
00 FF FF 00 10 0D 22 93 00 00 01 00 00 10 01 59 0D 00 00 05 FC 
00 FF FF 00 10 0D 22 93 00 00 01 00 00 10 01 5A 0D 00 00 02 28 
00 FF FF 00 10 0D 22 93 00 00 01 00 00 10 01 5B 0D 00 00 02 CB 
00 FF FF 00 10 0D 22 93 00 00 01 00 00 10 01 5C 0D 00 00 05 B3 
00 FF FF 00 10 0D 22 93 00 00 01 00 00 10 01 5D 0D 00 00 05 B4 
00 FF FF 00 10 0D 22 93 00 00 01 00 00 10 01 5E 0D 00 00 03 83 
00 FF FF 00 10 0D 22 93 00 00 01 00 00 10 01 5F 0D 00 00 05 E3 
00 FF FF 00 10 0D 22 93 00 00 01 00 00 10 01 60 0D 00 00 04 53 
00 FF FF 00 10 0D 22 93 00 00 01 00 00 10 01 61 0D 00 00 05 9B 
00 FF FF 00 10 0D 22 93 00 00 01 00 00 10 01 62 0D 00 00 06 55 
00 FF FF 00 10 0D 22 93 00 00 01 00 00 10 01 63 0D 00 00 05 89 
00 FF FF 00 10 0D 22 93 00 00 01 00 00 10 01 64 0D 00 00 04 67 
00 FF FF 00 10 0D 22 93 00 00 01 00 00 10 01 65 0D 00 00 05 7E 
00 FF FF 00 10 0D 22 93 00 00 01 00 00 10 01 66 0D 00 00 05 E3 
00 FF FF 00 10 0D 22 93 00 00 01 00 00 10 01 67 0D 00 00 05 88 
00 FF FF 00 10 0D 22 93 00 00 01 00 00 10 01 68 0D 00 00 05 07 
00 FF FF 00 10 0D 22 93 00 00 01 00 00 10 01 69 0D 00 00 04 8F 
00 FF FF 00 10 0D 22 93 00 00 01 00 00 10 01 6A 0D 00 00 05 B9 
00 FF FF 00 10 0D 22 93 00 00 01 00 00 10 01 6B 0D 00 00 05 48 
00 FF FF 00 10 0D 22 93 00 00 01 00 00 10 01 6C 0D 00 00 05 FF 
00 FF FF 00 10 0D 22 93 00 00 01 00 00 10 01 6D 0D 00 00 03 62 
00 FF FF 00 10 0D 22 93 00 00 01 00 00 10 01 6E 0D 00 00 04 E0 
00 FF FF 00 10 0D 22 93 00 00 01 00 00 10 01 6F 0D 00 00 05 5B 
00 FF FF 00 10 0D 22 93 00 00 01 00 00 10 01 70 0D 00 00 04 CD 
00 FF FF 00 10 0D 22 93 00 00 01 00 00 10 01 71 0D 00 00 04 30 
00 FF FF 00 10 0D 22 93 00 00 01 00 00 10 01 72 0D 00 00 05 23 
00 FF FF 00 10 0D 22 93 00 00 01 00 00 10 01 73 0D 00 00 06 60 
00 FF FF 00 10 0D 22 93 00 00 01 00 00 10 01 74 0D 00 00 06 6B 
00 FF FF 00 10 0D 22 93 00 00 01 00 00 10 01 75 0D 00 00 05 93 
00 FF FF 00 10 0D 22 93 00 00 01 00 00 10 01 76 0D 00 00 03 FA 
00 FF FF 00 10 0D 22 93 00 00 01 00 00 10 01 77 0D 00 00 05 25 
00 FF FF 00 10 0D 22 93 00 00 01 00 00 10 01 78 0D 00 00 05 F3 
00 FF FF 00 10 0D 22 93 00 00 01 00 00 10 01 79 0D 00 00 04 57 
00 FF FF 00 10 0D 22 93 00 00 01 00 00 10 01 7A 0D 00 00 06 A2 
00 FF FF 00 10 0D 22 93 00 00 01 00 00 10 01 7B 0D 00 00 05 DB 
00 FF FF 00 10 0D 22 93 00 00 01 00 00 10 01 7C 0D 00 00 05 7D 
00 FF FF 00 10 0D 22 93 00 00 01 00 00 10 01 7D 0D 00 00 06 B8 
00 FF FF 00 10 0D 22 93 00 00 01 00 00 10 01 7E 0D 00 00 05 ED 
00 FF FF 00 10 0D 22 93 00 00 01 00 00 10 01 7F 0D 00 00 03 E4 
00 FF FF 00 10 0D 22 93 00 00 01 00 00 10 01 80 0D 00 00 07 31 
00 FF FF 00 10 0D 22 93 00 00 01 00 00 10 01 81 0D 00 00 02 C7 
00 FF FF 00 10 0D 22 93 00 00 01 00 00 10 01 82 0D 00 00 04 4C 
00 FF FF 00 10 0D 22 93 00 00 01 00 00 10 01 83 0D 00 00 03 DB 
00 FF FF 00 10 0D 22 93 00 00 01 00 00 10 01 84 0D 00 00 04 4B 
00 FF FF 00 10 0D 22 93 00 00 01 00 00 10 01 85 0D 00 00 05 98 
00 FF FF 00 10 0D 22 93 00 00 01 00 00 10 01 86 0D 00 00 05 DB 
00 FF FF 00 10 0D 22 93 00 00 01 00 00 10 01 87 0D 00 00 06 67 
00 FF FF 00 10 0D 22 93 00 00 01 00 00 10 01 88 0D 00 00 04 5C 
00 FF FF 00 10 0D 22 93 00 00 01 00 00 10 01 89 0D 00 00 06 A8 
00 FF FF 00 10 0D 22 93 00 00 01 00 00 10 01 8A 0D 00 00 05 E5 
00 FF FF 00 10 0D 22 93 00 00 01 00 00 10 01 8B 0D 00 00 03 35 
00 FF FF 00 10 0D 22 93 00 00 01 00 00 10 01 8C 0D 00 00 03 B2 
00 FF FF 00 10 0D 22 93 00 00 01 00 00 10 01 8D 0D 00 00 05 AE 
00 FF FF 00 10 0D 22 93 00 00 01 00 00 10 01 8E 0D 00 00 04 CF 
00 FF FF 00 10 0D 22 93 00 00 01 00 00 10 01 8F 0D 00 00 09 1D 
00 FF FF 00 10 0D 22 93 00 00 01 00 00 10 01 90 0D 00 00 06 67 
00 FF FF 00 10 0D 22 93 00 00 01 00 00 10 01 91 0D 00 00 03 98 
00 FF FF 00 10 0D 22 93 00 00 01 00 00 10 01 92 0D 00 00 04 ED 
00 FF FF 00 10 0D 22 93 00 00 01 00 00 10 01 93 0D 00 00 04 16 
00 FF FF 00 10 0D 22 93 00 00 01 00 00 10 01 94 0D 00 00 06 D4 
00 FF FF 00 10 0D 22 93 00 00 01 00 00 10 01 95 0D 00 00 04 0D 
00 FF FF 00 10 0D 22 93 00 00 01 00 00 10 01 96 0D 00 00 02 EB 
00 FF FF 00 10 0D 22 93 00 00 01 00 00 10 01 97 0D 00 00 04 24 
00 FF FF 00 10 0D 22 93 00 00 01 00 00 10 01 98 0D 00 00 03 4A 
00 FF FF 00 10 0D 22 93 00 00 01 00 00 10 01 99 0D 00 00 05 BC 
00 FF FF 00 10 0D 22 93 00 00 01 00 00 10 01 9A 0D 00 00 04 EB 
00 FF FF 00 10 0D 22 93 00 00 01 00 00 10 01 9B 0D 00 00 04 EF 
00 FF FF 00 10 0D 22 93 00 00 01 00 00 10 01 9C 0D 00 00 05 68 
00 FF FF 00 10 0D 22 93 00 00 01 00 00 10 01 9D 0D 00 00 04 5D 
00 FF FF 00 10 0D 22 93 00 00 01 00 00 10 01 9E 0D 00 00 04 FD 
00 FF FF 00 10 0D 22 93 00 00 01 00 00 10 01 9F 0D 00 00 03 77 
00 FF FF 00 10 0D 22 93 00 00 01 00 00 10 01 A0 0D 00 00 03 2F 
00 FF FF 00 10 0D 22 93 00 00 01 00 00 10 01 A1 0D 00 00 04 50 
00 FF FF 00 10 0D 22 93 00 00 01 00 00 10 01 A2 0D 00 00 05 89 
00 FF FF 00 10 0D 22 93 00 00 01 00 00 10 01 A3 0D 00 00 05 5F 
00 FF FF 00 10 0D 22 93 00 00 01 00 00 10 01 A4 0D 00 00 04 C9 
00 FF FF 00 10 0D 22 93 00 00 01 00 00 10 01 A5 0D 00 00 04 EB 
00 FF FF 00 10 0D 22 93 00 00 01 00 00 10 01 A6 0D 00 00 05 97 
00 FF FF 00 10 0D 22 93 00 00 01 00 00 10 01 A7 0D 00 00 04 AB 
00 FF FF 00 10 0D 22 93 00 00 01 00 00 10 01 A8 0D 00 00 06 4B 
00 FF FF 00 10 0D 22 93 00 00 01 00 00 10 01 A9 0D 00 00 03 B0 
00 FF FF 00 10 0D 22 93 00 00 01 00 00 10 01 AA 0D 00 00 06 83 
00 FF FF 00 10 0D 22 93 00 00 01 00 00 10 01 AB 0D 00 00 05 88 
00 FF FF 00 10 0D 22 93 00 00 01 00 00 10 01 AC 0D 00 00 04 75 
00 FF FF 00 10 0D 22 93 00 00 01 00 00 10 01 AD 0D 00 00 06 0C 
00 FF FF 00 10 0D 22 93 00 00 01 00 00 10 01 AE 0D 00 00 04 79 
00 FF FF 00 10 0D 22 93 00 00 01 00 00 10 01 AF 0D 00 00 08 76 
00 FF FF 00 10 0D 22 93 00 00 01 00 00 10 01 B0 0D 00 00 06 A1 
00 FF FF 00 10 0D 22 93 00 00 01 00 00 10 01 B1 0D 00 00 05 FF 
00 FF FF 00 10 0D 22 93 00 00 01 00 00 10 01 B2 0D 00 00 04 AD 
00 FF FF 00 10 0D 22 93 00 00 01 00 00 10 01 B3 0D 00 00 04 E4 
00 FF FF 00 10 0D 22 93 00 00 01 00 00 10 01 B4 0D 00 00 04 B9 
00 FF FF 00 10 0D 22 93 00 00 01 00 00 10 01 B5 0D 00 00 05 73 
00 FF FF 00 10 0D 22 93 00 00 01 00 00 10 01 B6 0D 00 00 05 30 
00 FF FF 00 10 0D 22 93 00 00 01 00 00 10 01 B7 0D 00 00 04 4F 
00 FF FF 00 10 0D 22 93 00 00 01 00 00 10 01 B8 0D 00 00 07 EE 
00 FF FF 00 10 0D 22 93 00 00 01 00 00 10 01 B9 0D 00 00 04 F7 
00 FF FF 00 10 0D 22 93 00 00 01 00 00 10 01 BA 0D 00 00 09 11 
00 FF FF 00 10 0D 22 93 00 00 01 00 00 10 01 BB 0D 00 00 04 13 
00 FF FF 00 10 0D 22 93 00 00 01 00 00 10 01 BC 0D 00 00 03 85 
00 FF FF 00 10 0D 22 93 00 00 01 00 00 10 01 BD 0D 00 00 05 9C 
00 FF FF 00 10 0D 22 93 00 00 01 00 00 10 01 BE 0D 00 00 05 4C 
00 FF FF 00 10 0D 22 93 00 00 01 00 00 10 01 BF 0D 00 00 04 CB 
00 FF FF 00 10 0D 22 93 00 00 01 00 00 10 01 C0 0D 00 00 07 00 
00 FF FF 00 10 0D 22 93 00 00 01 00 00 10 01 C1 0D 00 00 02 F9 
00 FF FF 00 10 0D 22 93 00 00 01 00 00 10 01 C2 0D 00 00 04 24 
00 FF FF 00 10 0D 22 93 00 00 01 00 00 10 01 C3 0D 00 00 06 34 
00 FF FF 00 10 0D 22 93 00 00 01 00 00 10 01 C4 0D 00 00 04 F2 
00 FF FF 00 10 0D 22 93 00 00 01 00 00 10 01 C5 0D 00 00 04 DB 
00 FF FF 00 10 0D 22 93 00 00 01 00 00 10 01 C6 0D 00 00 04 FF 
00 FF FF 00 10 0D 22 93 00 00 01 00 00 10 01 C7 0D 00 00 06 8B 
00 FF FF 00 10 0D 22 93 00 00 01 00 00 10 01 C8 0D 00 00 05 51 
00 FF FF 00 10 0D 22 93 00 00 01 00 00 10 01 C9 0D 00 00 03 EB 
00 FF FF 00 10 0D 22 93 00 00 01 00 00 10 01 CA 0D 00 00 04 AA 
00 FF FF 00 10 0D 22 93 00 00 01 00 00 10 01 CB 0D 00 00 04 96 
00 FF FF 00 10 0D 22 93 00 00 01 00 00 10 01 CC 0D 00 00 06 65 
00 FF FF 00 10 0D 22 93 00 00 01 00 00 10 01 CD 0D 00 00 03 CA 
00 FF FF 00 10 0D 22 93 00 00 01 00 00 10 01 CE 0D 00 00 05 16 
00 FF FF 00 10 0D 22 93 00 00 01 00 00 10 01 CF 0D 00 00 04 AB 
00 FF FF 00 10 0D 22 93 00 00 01 00 00 10 01 D0 0D 00 00 05 C6 
00 FF FF 00 10 0D 22 93 00 00 01 00 00 10 01 D1 0D 00 00 05 30 
00 FF FF 00 10 0D 22 93 00 00 01 00 00 10 01 D2 0D 00 00 05 65 
00 FF FF 00 10 0D 22 93 00 00 01 00 00 10 01 D3 0D 00 00 08 C3 
00 FF FF 00 10 0D 22 93 00 00 01 00 00 10 01 D4 0D 00 00 03 03 
00 FF FF 00 10 0D 22 93 00 00 01 00 00 10 01 D5 0D 00 00 04 C9 
00 FF FF 00 10 0D 22 93 00 00 01 00 00 10 01 D6 0D 00 00 04 79 
00 FF FF 00 10 0D 22 93 00 00 01 00 00 10 01 D7 0D 00 00 05 89 
00 FF FF 00 10 0D 22 93 00 00 01 00 00 10 01 D8 0D 00 00 04 CA 
00 FF FF 00 10 0D 22 93 00 00 01 00 00 10 01 D9 0D 00 00 05 66 
00 FF FF 00 10 0D 22 93 00 00 01 00 00 10 01 DA 0D 00 00 02 18 
00 FF FF 00 10 0D 22 93 00 00 01 00 00 10 01 DB 0D 00 00 04 AC 
00 FF FF 00 10 0D 22 93 00 00 01 00 00 10 01 DC 0D 00 00 03 A6 
00 FF FF 00 10 0D 22 93 00 00 01 00 00 10 01 DD 0D 00 00 04 23 
00 FF FF 00 10 0D 22 93 00 00 01 00 00 10 01 DE 0D 00 00 03 F8 
00 FF FF 00 10 0D 22 93 00 00 01 00 00 10 01 DF 0D 00 00 04 69 
00 FF FF 00 10 0D 22 93 00 00 01 00 00 10 01 E0 0D 00 00 05 3A 
00 FF FF 00 10 0D 22 93 00 00 01 00 00 10 01 E1 0D 00 00 06 64 
00 FF FF 00 10 0D 22 93 00 00 01 00 00 10 01 E2 0D 00 00 06 06 
00 FF FF 00 10 0D 22 93 00 00 01 00 00 10 01 E3 0D 00 00 05 42 
00 FF FF 00 10 0D 22 93 00 00 01 00 00 10 01 E4 0D 00 00 04 4C 
00 FF FF 00 10 0D 22 93 00 00 01 00 00 10 01 E5 0D 00 00 06 2E 
00 FF FF 00 10 0D 22 93 00 00 01 00 00 10 01 E6 0D 00 00 04 0C 
00 FF FF 00 10 0D 22 93 00 00 01 00 00 10 01 E7 0D 00 00 06 F2 
00 FF FF 00 10 0D 22 93 00 00 01 00 00 10 01 E8 0D 00 00 05 8C 
00 FF FF 00 10 0D 22 93 00 00 01 00 00 10 01 E9 0D 00 00 06 60 
00 FF FF 00 10 0D 22 93 00 00 01 00 00 10 01 EA 0D 00 00 06 00 
00 FF FF 00 10 0D 22 93 00 00 01 00 00 10 01 EB 0D 00 00 06 C2 
00 FF FF 00 10 0D 22 93 00 00 01 00 00 10 01 EC 0D 00 00 05 B3 
00 FF FF 00 10 0D 22 93 00 00 01 00 00 10 01 ED 0D 00 00 05 38 
00 FF FF 00 10 0D 22 93 00 00 01 00 00 10 01 EE 0D 00 00 04 49 
00 FF FF 00 10 0D 22 93 00 00 01 00 00 10 01 EF 0D 00 00 04 C1 
00 FF FF 00 10 0D 22 93 00 00 01 00 00 10 01 F0 0D 00 00 05 20 
00 FF FF 00 10 0D 22 93 00 00 01 00 00 10 01 F1 0D 00 00 05 EB 
00 FF FF 00 10 0D 22 93 00 00 01 00 00 10 01 F2 0D 00 00 05 2E 
00 FF FF 00 10 0D 22 93 00 00 01 00 00 10 01 F3 0D 00 00 06 71 
00 FF FF 00 10 0D 22 93 00 00 01 00 00 10 01 F4 0D 00 00 07 24 
00 FF FF 00 10 0D 22 93 00 00 01 00 00 10 01 F5 0D 00 00 06 0C 
00 FF FF 00 10 0D 22 93 00 00 01 00 00 10 01 F6 0D 00 00 05 63 
00 FF FF 00 10 0D 22 93 00 00 01 00 00 10 01 F7 0D 00 00 04 30 
00 FF FF 00 10 0D 22 93 00 00 01 00 00 10 01 F8 0D 00 00 04 24 
00 FF FF 00 10 0D 22 93 00 00 01 00 00 10 01 F9 0D 00 00 07 4E 
00 FF FF 00 10 0D 22 93 00 00 01 00 00 10 01 FA 0D 00 00 06 0A 
00 FF FF 00 10 0D 22 93 00 00 01 00 00 10 01 FB 0D 00 00 05 74 
00 FF FF 00 10 0D 22 93 00 00 01 00 00 10 01 FC 0D 00 00 07 1D 
00 FF FF 00 10 0D 22 93 00 00 01 00 00 10 01 FD 0D 00 00 03 F5 
00 FF FF 00 10 0D 22 93 00 00 01 00 00 10 01 FE 0D 00 00 04 61 
00 FF FF 00 10 0D 22 93 00 00 01 00 00 10 01 FF 0D 00 00 06 08 
00 FF FF 00 10 0D 22 93 00 00 01 00 00 10 02 00 0D 00 00 04 5E 
00 FF FF 00 10 0D 22 93 00 00 01 00 00 10 02 01 0D 00 00 04 1A 
00 FF FF 00 10 0D 22 93 00 00 01 00 00 10 02 02 0D 00 00 02 E9 
00 FF FF 00 10 0D 22 93 00 00 01 00 00 10 02 03 0D 00 00 05 5C 
00 FF FF 00 10 0D 22 93 00 00 01 00 00 10 02 04 0D 00 00 07 10 
00 FF FF 00 10 0D 22 93 00 00 01 00 00 10 02 05 0D 00 00 04 B6 
00 FF FF 00 10 0D 22 93 00 00 01 00 00 10 02 06 0D 00 00 04 49 
00 FF FF 00 10 0D 22 93 00 00 01 00 00 10 02 07 0D 00 00 07 5D 
00 FF FF 00 10 0D 22 93 00 00 01 00 00 10 02 08 0D 00 00 04 38 
00 FF FF 00 10 0D 22 93 00 00 01 00 00 10 02 09 0D 00 00 06 26 
00 FF FF 00 10 0D 22 93 00 00 01 00 00 10 02 0A 0D 00 00 03 97 
00 FF FF 00 10 0D 22 93 00 00 01 00 00 10 02 0B 0D 00 00 04 58 
00 FF FF 00 10 0D 22 93 00 00 01 00 00 10 02 0C 0D 00 00 07 59 
00 FF FF 00 10 0D 22 93 00 00 01 00 00 10 02 0D 0D 00 00 07 96 
00 FF FF 00 10 0D 22 93 00 00 01 00 00 10 02 0E 0D 00 00 06 B3 
00 FF FF 00 10 0D 22 93 00 00 01 00 00 10 02 0F 0D 00 00 04 7F 
00 FF FF 00 10 0D 22 93 00 00 01 00 00 10 02 10 0D 00 00 07 9A 
00 FF FF 00 10 0D 22 93 00 00 01 00 00 10 02 11 0D 00 00 05 62 
00 FF FF 00 10 0D 22 93 00 00 01 00 00 10 02 12 0D 00 00 03 CC 
00 FF FF 00 10 0D 22 93 00 00 01 00 00 10 02 13 0D 00 00 05 68 
00 FF FF 00 10 0D 22 93 00 00 01 00 00 10 02 14 0D 00 00 05 F2 
00 FF FF 00 10 0D 22 93 00 00 01 00 00 10 02 15 0D 00 00 04 EA 
00 FF FF 00 10 0D 22 93 00 00 01 00 00 10 02 16 0D 00 00 06 0A 
00 FF FF 00 10 0D 22 93 00 00 01 00 00 10 02 17 0D 00 00 07 1B 
00 FF FF 00 10 0D 22 93 00 00 01 00 00 10 02 18 0D 00 00 04 93 
00 FF FF 00 10 0D 22 93 00 00 01 00 00 10 02 19 0D 00 00 06 36 
00 FF FF 00 10 0D 22 93 00 00 01 00 00 10 02 1A 0D 00 00 05 CC 
00 FF FF 00 10 0D 22 93 00 00 01 00 00 10 02 1B 0D 00 00 05 79 
00 FF FF 00 10 0D 22 93 00 00 01 00 00 10 02 1C 0D 00 00 06 A2 
00 FF FF 00 10 0D 22 93 00 00 01 00 00 10 02 1D 0D 00 00 03 E8 
00 FF FF 00 10 0D 22 93 00 00 01 00 00 10 02 1E 0D 00 00 04 BC 
00 FF FF 00 10 0D 22 93 00 00 01 00 00 10 02 1F 0D 00 00 01 49 
00 FF FF 00 10 0D 22 93 00 00 01 00 00 10 02 20 0D 00 00 05 70 
00 FF FF 00 10 0D 22 93 00 00 01 00 00 10 02 21 0D 00 00 05 2A 
00 FF FF 00 10 0D 22 93 00 00 01 00 00 10 02 22 0D 00 00 06 5D 
00 FF FF 00 10 0D 22 93 00 00 01 00 00 10 02 23 0D 00 00 05 FC 
00 FF FF 00 10 0D 22 93 00 00 01 00 00 10 02 24 0D 00 00 04 E8 
00 FF FF 00 10 0D 22 93 00 00 01 00 00 10 02 25 0D 00 00 03 C6 
00 FF FF 00 10 0D 22 93 00 00 01 00 00 10 02 26 0D 00 00 05 FC 
00 FF FF 00 10 0D 22 93 00 00 01 00 00 10 02 27 0D 00 00 04 60 
00 FF FF 00 10 0D 22 93 00 00 01 00 00 10 02 28 0D 00 00 05 6F 
00 FF FF 00 10 0D 22 93 00 00 01 00 00 10 02 29 0D 00 00 07 0B 
00 FF FF 00 10 0D 22 93 00 00 01 00 00 10 02 2A 0D 00 00 02 82 
00 FF FF 00 10 0D 22 93 00 00 01 00 00 10 02 2B 0D 00 00 03 59 
00 FF FF 00 10 0D 22 93 00 00 01 00 00 10 02 2C 0D 00 00 06 A0 
00 FF FF 00 10 0D 22 93 00 00 01 00 00 10 02 2D 0D 00 00 07 1E 
00 FF FF 00 10 0D 22 93 00 00 01 00 00 10 02 2E 0D 00 00 04 50 
00 FF FF 00 10 0D 22 93 00 00 01 00 00 10 02 2F 0D 00 00 04 7A 
00 FF FF 00 10 0D 22 93 00 00 01 00 00 10 02 30 0D 00 00 03 F5 
00 FF FF 00 10 0D 22 93 00 00 01 00 00 10 02 31 0D 00 00 03 E0 
00 FF FF 00 10 0D 22 93 00 00 01 00 00 10 02 32 0D 00 00 05 80 
00 FF FF 00 10 0D 22 93 00 00 01 00 00 10 02 33 0D 00 00 00 EB 
00 FF FF 00 10 0D 22 93 00 00 01 00 00 10 02 34 0D 00 00 08 0D 
00 FF FF 00 10 0D 22 93 00 00 01 00 00 10 02 35 0D 00 00 04 A4 
00 FF FF 00 10 0D 22 93 00 00 01 00 00 10 02 36 0D 00 00 04 34 
00 FF FF 00 10 0D 22 93 00 00 01 00 00 10 02 37 0D 00 00 04 F4 
00 FF FF 00 10 0D 22 93 00 00 01 00 00 10 02 38 0D 00 00 04 EF 
00 FF FF 00 10 0D 22 93 00 00 01 00 00 10 02 39 0D 00 00 03 DA 
00 FF FF 00 10 0D 22 93 00 00 01 00 00 10 02 3A 0D 00 00 03 C2 
00 FF FF 00 10 0D 22 93 00 00 01 00 00 10 02 3B 0D 00 00 08 D5 
00 FF FF 00 10 0D 22 93 00 00 01 00 00 10 02 3C 0D 00 00 05 56 
00 FF FF 00 10 0D 22 93 00 00 01 00 00 10 02 3D 0D 00 00 07 20 
00 FF FF 00 10 0D 22 93 00 00 01 00 00 10 02 3E 0D 00 00 07 9E 
00 FF FF 00 10 0D 22 93 00 00 01 00 00 10 02 3F 0D 00 00 08 FF 
00 FF FF 00 10 0D 22 93 00 00 01 00 00 10 02 40 0D 00 00 06 85 
00 FF FF 00 10 0D 22 93 00 00 01 00 00 10 02 41 0D 00 00 05 1F 
00 FF FF 00 10 0D 22 93 00 00 01 00 00 10 02 42 0D 00 00 03 BF 
00 FF FF 00 10 0D 22 93 00 00 01 00 00 10 02 43 0D 00 00 04 33 
00 FF FF 00 10 0D 22 93 00 00 01 00 00 10 02 44 0D 00 00 05 56 
00 FF FF 00 10 0D 22 93 00 00 01 00 00 10 02 45 0D 00 00 04 B7 
00 FF FF 00 10 0D 22 93 00 00 01 00 00 10 02 46 0D 00 00 06 A8 
00 FF FF 00 10 0D 22 93 00 00 01 00 00 10 02 47 0D 00 00 07 46 
00 FF FF 00 10 0D 22 93 00 00 01 00 00 10 02 48 0D 00 00 04 D0 
00 FF FF 00 10 0D 22 93 00 00 01 00 00 10 02 49 0D 00 00 07 28 
00 FF FF 00 10 0D 22 93 00 00 01 00 00 10 02 4A 0D 00 00 01 F6 
00 FF FF 00 10 0D 22 93 00 00 01 00 00 10 02 4B 0D 00 00 04 28 
00 FF FF 00 10 0D 22 93 00 00 01 00 00 10 02 4C 0D 00 00 03 03 
00 FF FF 00 10 0D 22 93 00 00 01 00 00 10 02 4D 0D 00 00 07 77 
00 FF FF 00 10 0D 22 93 00 00 01 00 00 10 02 4E 0D 00 00 04 54 
00 FF FF 00 10 0D 22 93 00 00 01 00 00 10 02 4F 0D 00 00 07 27 
00 FF FF 00 10 0D 22 93 00 00 01 00 00 10 02 50 0D 00 00 07 26 
00 FF FF 00 10 0D 22 93 00 00 01 00 00 10 02 51 0D 00 00 04 EC 
00 FF FF 00 10 0D 22 93 00 00 01 00 00 10 02 52 0D 00 00 03 B5 
00 FF FF 00 10 0D 22 93 00 00 01 00 00 10 02 53 0D 00 00 03 E1 
00 FF FF 00 10 0D 22 93 00 00 01 00 00 10 02 54 0D 00 00 01 C8 
00 FF FF 00 10 0D 22 93 00 00 01 00 00 10 02 55 0D 00 00 03 71 
00 FF FF 00 10 0D 22 93 00 00 01 00 00 10 02 56 0D 00 00 03 3B 
00 FF FF 00 10 0D 22 93 00 00 01 00 00 10 02 57 0D 00 00 07 96 
00 FF FF 00 10 0D 22 93 00 00 01 00 00 10 02 58 0D 00 00 04 03 
00 FF FF 00 10 0D 22 93 00 00 01 00 00 10 02 59 0D 00 00 05 76 
00 FF FF 00 10 0D 22 93 00 00 01 00 00 10 02 5A 0D 00 00 05 1C 
00 FF FF 00 10 0D 22 93 00 00 01 00 00 10 02 5B 0D 00 00 06 3D 
00 FF FF 00 10 0D 22 93 00 00 01 00 00 10 02 5C 0D 00 00 04 DB 
00 FF FF 00 10 0D 22 93 00 00 01 00 00 10 02 5D 0D 00 00 04 FF 
00 FF FF 00 10 0D 22 93 00 00 01 00 00 10 02 5E 0D 00 00 04 3D 
00 FF FF 00 10 0D 22 93 00 00 01 00 00 10 02 5F 0D 00 00 04 D3 
00 FF FF 00 10 0D 22 93 00 00 01 00 00 10 02 60 0D 00 00 04 26 
00 FF FF 00 10 0D 22 93 00 00 01 00 00 10 02 61 0D 00 00 05 F8 
00 FF FF 00 10 0D 22 93 00 00 01 00 00 10 02 62 0D 00 00 04 C9 
00 FF FF 00 10 0D 22 93 00 00 01 00 00 10 02 63 0D 00 00 06 E8 
00 FF FF 00 10 0D 22 93 00 00 01 00 00 10 02 64 0D 00 00 05 C0 
00 FF FF 00 10 0D 22 93 00 00 01 00 00 10 02 65 0D 00 00 02 7D 
00 FF FF 00 10 0D 22 93 00 00 01 00 00 10 02 66 0D 00 00 07 86 
00 FF FF 00 10 0D 22 93 00 00 01 00 00 10 02 67 0D 00 00 03 76 
00 FF FF 00 10 0D 22 93 00 00 01 00 00 10 02 68 0D 00 00 04 66 
00 FF FF 00 10 0D 22 93 00 00 01 00 00 10 02 69 0D 00 00 05 76 
00 FF FF 00 10 0D 22 93 00 00 01 00 00 10 02 6A 0D 00 00 06 9E 
00 FF FF 00 10 0D 22 93 00 00 01 00 00 10 02 6B 0D 00 00 04 90 
00 FF FF 00 10 0D 22 93 00 00 01 00 00 10 02 6C 0D 00 00 03 01 
00 FF FF 00 10 0D 22 93 00 00 01 00 00 10 02 6D 0D 00 00 08 92 
00 FF FF 00 10 0D 22 93 00 00 01 00 00 10 02 6E 0D 00 00 04 03 
00 FF FF 00 10 0D 22 93 00 00 01 00 00 10 02 6F 0D 00 00 05 C8 
00 FF FF 00 10 0D 22 93 00 00 01 00 00 10 02 70 0D 00 00 04 9F 
00 FF FF 00 10 0D 22 93 00 00 01 00 00 10 02 71 0D 00 00 04 86 
00 FF FF 00 10 0D 22 93 00 00 01 00 00 10 02 72 0D 00 00 04 F0 
00 FF FF 00 10 0D 22 93 00 00 01 00 00 10 02 73 0D 00 00 08 62 
00 FF FF 00 10 0D 22 93 00 00 01 00 00 10 02 74 0D 00 00 04 F8 
00 FF FF 00 10 0D 22 93 00 00 01 00 00 10 02 75 0D 00 00 03 70 
00 FF FF 00 10 0D 22 93 00 00 01 00 00 10 02 76 0D 00 00 07 5E 
00 FF FF 00 10 0D 22 93 00 00 01 00 00 10 02 77 0D 00 00 05 34 
00 FF FF 00 10 0D 22 93 00 00 01 00 00 10 02 78 0D 00 00 03 54 
00 FF FF 00 10 0D 22 93 00 00 01 00 00 10 02 79 0D 00 00 04 12 
00 FF FF 00 10 0D 22 93 00 00 01 00 00 10 02 7A 0D 00 00 02 D4 
00 FF FF 00 10 0D 22 93 00 00 01 00 00 10 02 7B 0D 00 00 03 E7 
00 FF FF 00 10 0D 22 93 00 00 01 00 00 10 02 7C 0D 00 00 04 01 
00 FF FF 00 10 0D 22 93 00 00 01 00 00 10 02 7D 0D 00 00 07 1D 
00 FF FF 00 10 0D 22 93 00 00 01 00 00 10 02 7E 0D 00 00 07 12 
00 FF FF 00 10 0D 22 93 00 00 01 00 00 10 02 7F 0D 00 00 07 05 
00 FF FF 00 10 0D 22 93 00 00 01 00 00 10 02 80 0D 00 00 03 2E 
00 FF FF 00 10 0D 22 93 00 00 01 00 00 10 02 81 0D 00 00 03 66 
00 FF FF 00 10 0D 22 93 00 00 01 00 00 10 02 82 0D 00 00 03 6E 
00 FF FF 00 10 0D 22 93 00 00 01 00 00 10 02 83 0D 00 00 04 80 
00 FF FF 00 10 0D 22 93 00 00 01 00 00 10 02 84 0D 00 00 04 F3 
00 FF FF 00 10 0D 22 93 00 00 01 00 00 10 02 85 0D 00 00 05 24 
00 FF FF 00 10 0D 22 93 00 00 01 00 00 10 02 86 0D 00 00 06 50 
00 FF FF 00 10 0D 22 93 00 00 01 00 00 10 02 87 0D 00 00 03 BD 
00 FF FF 00 10 0D 22 93 00 00 01 00 00 10 02 88 0D 00 00 07 70 
00 FF FF 00 10 0D 22 93 00 00 01 00 00 10 02 89 0D 00 00 04 5D 
00 FF FF 00 10 0D 22 93 00 00 01 00 00 10 02 8A 0D 00 00 03 F3 
00 FF FF 00 10 0D 22 93 00 00 01 00 00 10 02 8B 0D 00 00 04 75 
00 FF FF 00 10 0D 22 93 00 00 01 00 00 10 02 8C 0D 00 00 03 6D 
00 FF FF 00 10 0D 22 93 00 00 01 00 00 10 02 8D 0D 00 00 04 4D 
00 FF FF 00 10 0D 22 93 00 00 01 00 00 10 02 8E 0D 00 00 03 84 
00 FF FF 00 10 0D 22 93 00 00 01 00 00 10 02 8F 0D 00 00 03 45 
00 FF FF 00 10 0D 22 93 00 00 01 00 00 10 02 90 0D 00 00 06 61 
00 FF FF 00 10 0D 22 93 00 00 01 00 00 10 02 91 0D 00 00 0A 88 
00 FF FF 00 10 0D 22 93 00 00 01 00 00 10 02 92 0D 00 00 03 A7 
00 FF FF 00 10 0D 22 93 00 00 01 00 00 10 02 93 0D 00 00 04 2D 
00 FF FF 00 10 0D 22 93 00 00 01 00 00 10 02 94 0D 00 00 02 18 
00 FF FF 00 10 0D 22 93 00 00 01 00 00 10 02 95 0D 00 00 04 A8 
00 FF FF 00 10 0D 22 93 00 00 01 00 00 10 02 96 0D 00 00 03 CB 
00 FF FF 00 10 0D 22 93 00 00 01 00 00 10 02 97 0D 00 00 04 45 
00 FF FF 00 10 0D 22 93 00 00 01 00 00 10 02 98 0D 00 00 03 54 
00 FF FF 00 10 0D 22 93 00 00 01 00 00 10 02 99 0D 00 00 03 F5 
00 FF FF 00 10 0D 22 93 00 00 01 00 00 10 02 9A 0D 00 00 04 39 
00 FF FF 00 10 0D 22 93 00 00 01 00 00 10 02 9B 0D 00 00 06 93 
00 FF FF 00 10 0D 22 93 00 00 01 00 00 10 02 9C 0D 00 00 06 A7 
00 FF FF 00 10 0D 22 93 00 00 01 00 00 10 02 9D 0D 00 00 05 F1 
00 FF FF 00 10 0D 22 93 00 00 01 00 00 10 02 9E 0D 00 00 05 98 
00 FF FF 00 10 0D 22 93 00 00 01 00 00 10 02 9F 0D 00 00 04 90 
00 FF FF 00 10 0D 22 93 00 00 01 00 00 10 02 A0 0D 00 00 03 D7 
00 FF FF 00 10 0D 22 93 00 00 01 00 00 10 02 A1 0D 00 00 0B 07 
00 FF FF 00 10 0D 22 93 00 00 01 00 00 10 02 A2 0D 00 00 03 26 
00 FF FF 00 10 0D 22 93 00 00 01 00 00 10 02 A3 0D 00 00 06 DC 
00 FF FF 00 10 0D 22 93 00 00 01 00 00 10 02 A4 0D 00 00 04 E6 
00 FF FF 00 10 0D 22 93 00 00 01 00 00 10 02 A5 0D 00 00 02 89 
00 FF FF 00 10 0D 22 93 00 00 01 00 00 10 02 A6 0D 00 00 03 CD 
00 FF FF 00 10 0D 22 93 00 00 01 00 00 10 02 A7 0D 00 00 03 8B 
00 FF FF 00 10 0D 22 93 00 00 01 00 00 10 02 A8 0D 00 00 04 6B 
00 FF FF 00 10 0D 22 93 00 00 01 00 00 10 02 A9 0D 00 00 04 C3 
00 FF FF 00 10 0D 22 93 00 00 01 00 00 10 02 AA 0D 00 00 08 50 
00 FF FF 00 10 0D 22 93 00 00 01 00 00 10 02 AB 0D 00 00 07 72 
00 FF FF 00 10 0D 22 93 00 00 01 00 00 10 02 AC 0D 00 00 04 B6 
00 FF FF 00 10 0D 22 93 00 00 01 00 00 10 02 AD 0D 00 00 05 AF 
00 FF FF 00 10 0D 22 93 00 00 01 00 00 10 02 AE 0D 00 00 07 3A 
00 FF FF 00 10 0D 22 93 00 00 01 00 00 10 02 AF 0D 00 00 06 00 
00 FF FF 00 10 0D 22 93 00 00 01 00 00 10 02 B0 0D 00 00 05 D7 
00 FF FF 00 10 0D 22 93 00 00 01 00 00 10 02 B1 0D 00 00 03 4A 
00 FF FF 00 10 0D 22 93 00 00 01 00 00 10 02 B2 0D 00 00 03 81 
00 FF FF 00 10 0D 22 93 00 00 01 00 00 10 02 B3 0D 00 00 05 A6 
00 FF FF 00 10 0D 22 93 00 00 01 00 00 10 02 B4 0D 00 00 03 CA 
00 FF FF 00 10 0D 22 93 00 00 01 00 00 10 02 B5 0D 00 00 09 4E 
00 FF FF 00 10 0D 22 93 00 00 01 00 00 10 02 B6 0D 00 00 06 EA 
00 FF FF 00 10 0D 22 93 00 00 01 00 00 10 02 B7 0D 00 00 04 26 
00 FF FF 00 10 0D 22 93 00 00 01 00 00 10 02 B8 0D 00 00 06 9E 
00 FF FF 00 10 0D 22 93 00 00 01 00 00 10 02 B9 0D 00 00 05 DC 
00 FF FF 00 10 0D 22 93 00 00 01 00 00 10 02 BA 0D 00 00 04 9E 
00 FF FF 00 10 0D 22 93 00 00 01 00 00 10 02 BB 0D 00 00 05 07 
00 FF FF 00 10 0D 22 93 00 00 01 00 00 10 02 BC 0D 00 00 06 42 
00 FF FF 00 10 0D 22 93 00 00 01 00 00 10 02 BD 0D 00 00 05 0E 
00 FF FF 00 10 0D 22 93 00 00 01 00 00 10 02 BE 0D 00 00 08 28 
00 FF FF 00 10 0D 22 93 00 00 01 00 00 10 02 BF 0D 00 00 05 7C 
00 FF FF 00 10 0D 22 93 00 00 01 00 00 10 02 C0 0D 00 00 06 58 
00 FF FF 00 10 0D 22 93 00 00 01 00 00 10 02 C1 0D 00 00 04 B6 
00 FF FF 00 10 0D 22 93 00 00 01 00 00 10 02 C2 0D 00 00 06 32 
00 FF FF 00 10 0D 22 93 00 00 01 00 00 10 02 C3 0D 00 00 05 7B 
00 FF FF 00 10 0D 22 93 00 00 01 00 00 10 02 C4 0D 00 00 05 1E 
00 FF FF 00 10 0D 22 93 00 00 01 00 00 10 02 C5 0D 00 00 05 77 
00 FF FF 00 10 0D 22 93 00 00 01 00 00 10 02 C6 0D 00 00 05 E7 
00 FF FF 00 10 0D 22 93 00 00 01 00 00 10 02 C7 0D 00 00 08 85 
00 FF FF 00 10 0D 22 93 00 00 01 00 00 10 02 C8 0D 00 00 05 D0 
00 FF FF 00 10 0D 22 93 00 00 01 00 00 10 02 C9 0D 00 00 0C 61 
00 FF FF 00 10 0D 22 93 00 00 01 00 00 10 02 CA 0D 00 00 0A 87 
00 FF FF 00 10 0D 22 93 00 00 01 00 00 10 02 CB 0D 00 00 0A 20 
00 FF FF 00 10 0D 22 93 00 00 01 00 00 10 02 CC 0D 00 00 03 65 
00 FF FF 00 10 0D 22 93 00 00 01 00 00 10 02 CD 0D 00 00 05 78 
00 FF FF 00 10 0D 22 93 00 00 01 00 00 10 02 CE 0D 00 00 05 A7 
00 FF FF 00 10 0D 22 93 00 00 01 00 00 10 02 CF 0D 00 00 06 BA 
00 FF FF 00 10 0D 22 93 00 00 01 00 00 10 02 D0 0D 00 00 06 83 
00 FF FF 00 10 0D 22 93 00 00 01 00 00 10 02 D1 0D 00 00 08 63 
00 FF FF 00 10 0D 22 93 00 00 01 00 00 10 02 D2 0D 00 00 07 93 
00 FF FF 00 10 0D 22 93 00 00 01 00 00 10 02 D3 0D 00 00 07 3D 
00 FF FF 00 10 0D 22 93 00 00 01 00 00 10 02 D4 0D 00 00 04 DB 
00 FF FF 00 10 0D 22 93 00 00 01 00 00 10 02 D5 0D 00 00 04 9C 
00 FF FF 00 10 0D 22 93 00 00 01 00 00 10 02 D6 0D 00 00 04 C9 
00 FF FF 00 10 0D 22 93 00 00 01 00 00 10 02 D7 0D 00 00 06 2B 
00 FF FF 00 10 0D 22 93 00 00 01 00 00 10 02 D8 0D 00 00 06 7D 
00 FF FF 00 10 0D 22 93 00 00 01 00 00 10 02 D9 0D 00 00 08 15 
00 FF FF 00 10 0D 22 93 00 00 01 00 00 10 02 DA 0D 00 00 06 48 
00 FF FF 00 10 0D 22 93 00 00 01 00 00 10 02 DB 0D 00 00 06 0B 
00 FF FF 00 10 0D 22 93 00 00 01 00 00 10 02 DC 0D 00 00 0B 02 
00 FF FF 00 10 0D 22 93 00 00 01 00 00 10 02 DD 0D 00 00 09 F0 
00 FF FF 00 10 0D 22 93 00 00 01 00 00 10 02 DE 0D 00 00 07 5D 
00 FF FF 00 10 0D 22 93 00 00 01 00 00 10 02 DF 0D 00 00 06 9C 
00 FF FF 00 10 0D 22 93 00 00 01 00 00 10 02 E0 0D 00 00 06 44 
00 FF FF 00 10 0D 22 93 00 00 01 00 00 10 02 E1 0D 00 00 06 68 
00 FF FF 00 10 0D 22 93 00 00 01 00 00 10 02 E2 0D 00 00 07 6E 
00 FF FF 00 10 0D 22 93 00 00 01 00 00 10 02 E3 0D 00 00 08 B3 
00 FF FF 00 10 0D 22 93 00 00 01 00 00 10 02 E4 0D 00 00 06 27 
00 FF FF 00 10 0D 22 93 00 00 01 00 00 10 02 E5 0D 00 00 09 1A 
00 FF FF 00 10 0D 22 93 00 00 01 00 00 10 02 E6 0D 00 00 06 24 
00 FF FF 00 10 0D 22 93 00 00 01 00 00 10 02 E7 0D 00 00 07 7E 
00 FF FF 00 10 0D 22 93 00 00 01 00 00 10 02 E8 0D 00 00 05 F8 
00 FF FF 00 10 0D 22 93 00 00 01 00 00 10 02 E9 0D 00 00 06 7E 
00 FF FF 00 10 0D 22 93 00 00 01 00 00 10 02 EA 0D 00 00 06 0C 
00 FF FF 00 10 0D 22 93 00 00 01 00 00 10 02 EB 0D 00 00 06 39 
00 FF FF 00 10 0D 22 93 00 00 01 00 00 10 02 EC 0D 00 00 06 7A 
00 FF FF 00 10 0D 22 93 00 00 01 00 00 10 02 ED 0D 00 00 01 FB 
00 FF FF 00 10 0D 22 93 00 00 01 00 00 10 02 EE 0D 00 00 08 99 
00 FF FF 00 10 0D 22 93 00 00 01 00 00 10 02 EF 0D 00 00 07 CC 
00 FF FF 00 10 0D 22 93 00 00 01 00 00 10 02 F0 0D 00 00 08 2A 
00 FF FF 00 10 0D 22 93 00 00 01 00 00 10 02 F1 0D 00 00 07 6B 
00 FF FF 00 10 0D 22 93 00 00 01 00 00 10 02 F2 0D 00 00 06 E3 
00 FF FF 00 10 0D 22 93 00 00 01 00 00 10 02 F3 0D 00 00 06 1F 
00 FF FF 00 10 0D 22 93 00 00 01 00 00 10 02 F4 0D 00 00 07 B2 
00 FF FF 00 10 0D 22 93 00 00 01 00 00 10 02 F5 0D 00 00 07 DC 
00 FF FF 00 10 0D 22 93 00 00 01 00 00 10 02 F6 0D 00 00 03 8D 
00 FF FF 00 10 0D 22 93 00 00 01 00 00 10 02 F7 0D 00 00 05 18 
00 FF FF 00 10 0D 22 93 00 00 01 00 00 10 02 F8 0D 00 00 05 B0 
00 FF FF 00 10 0D 22 93 00 00 01 00 00 10 02 F9 0D 00 00 04 D1 
00 FF FF 00 10 0D 22 93 00 00 01 00 00 10 02 FA 0D 00 00 04 C4 
00 FF FF 00 10 0D 22 93 00 00 01 00 00 10 02 FB 0D 00 00 06 1C 
00 FF FF 00 10 0D 22 93 00 00 01 00 00 10 02 FC 0D 00 00 06 2C 
00 FF FF 00 10 0D 22 93 00 00 01 00 00 10 02 FD 0D 00 00 03 E3 
00 FF FF 00 10 0D 22 93 00 00 01 00 00 10 02 FE 0D 00 00 04 9B 
00 FF FF 00 10 0D 22 93 00 00 01 00 00 10 02 FF 0D 00 00 04 78 
00 FF FF 00 10 0D 22 93 00 00 01 00 00 10 03 00 0D 00 00 08 75 
00 FF FF 00 10 0D 22 93 00 00 01 00 00 10 03 01 0D 00 00 07 AB 
00 FF FF 00 10 0D 22 93 00 00 01 00 00 10 03 02 0D 00 00 05 2B 
00 FF FF 00 10 0D 22 93 00 00 01 00 00 10 03 03 0D 00 00 04 DB 
00 FF FF 00 10 0D 22 93 00 00 01 00 00 10 03 04 0D 00 00 06 00 
00 FF FF 00 10 0D 22 93 00 00 01 00 00 10 03 05 0D 00 00 06 67 
00 FF FF 00 10 0D 22 93 00 00 01 00 00 10 03 06 0D 00 00 05 59 
00 FF FF 00 10 0D 22 93 00 00 01 00 00 10 03 07 0D 00 00 05 EB 
00 FF FF 00 10 0D 22 93 00 00 01 00 00 10 03 08 0D 00 00 04 9B 
00 FF FF 00 10 0D 22 93 00 00 01 00 00 10 03 09 0D 00 00 0A C7 
00 FF FF 00 10 0D 22 93 00 00 01 00 00 10 03 0A 0D 00 00 04 C2 
00 FF FF 00 10 0D 22 93 00 00 01 00 00 10 03 0B 0D 00 00 09 C6 
00 FF FF 00 10 0D 22 93 00 00 01 00 00 10 03 0C 0D 00 00 04 30 
00 FF FF 00 10 0D 22 93 00 00 01 00 00 10 03 0D 0D 00 00 06 F8 
00 FF FF 00 10 0D 22 93 00 00 01 00 00 10 03 0E 0D 00 00 05 49 
00 FF FF 00 10 0D 22 93 00 00 01 00 00 10 03 0F 0D 00 00 04 E2 
00 FF FF 00 10 0D 22 93 00 00 01 00 00 10 03 10 0D 00 00 06 44 
00 FF FF 00 10 0D 22 93 00 00 01 00 00 10 03 11 0D 00 00 04 41 
00 FF FF 00 10 0D 22 93 00 00 01 00 00 10 03 12 0D 00 00 05 5D 
00 FF FF 00 10 0D 22 93 00 00 01 00 00 10 03 13 0D 00 00 06 2A 
00 FF FF 00 10 0D 22 93 00 00 01 00 00 10 03 14 0D 00 00 05 58 
00 FF FF 00 10 0D 22 93 00 00 01 00 00 10 03 15 0D 00 00 05 9E 
00 FF FF 00 10 0D 22 93 00 00 01 00 00 10 03 16 0D 00 00 06 55 
00 FF FF 00 10 0D 22 93 00 00 01 00 00 10 03 17 0D 00 00 04 C8 
00 FF FF 00 10 0D 22 93 00 00 01 00 00 10 03 18 0D 00 00 04 C3 
00 FF FF 00 10 0D 22 93 00 00 01 00 00 10 03 19 0D 00 00 05 E2 
00 FF FF 00 10 0D 22 93 00 00 01 00 00 10 03 1A 0D 00 00 04 57 
00 FF FF 00 10 0D 22 93 00 00 01 00 00 10 03 1B 0D 00 00 09 01 
00 FF FF 00 10 0D 22 93 00 00 01 00 00 10 03 1C 0D 00 00 05 C2 
00 FF FF 00 10 0D 22 93 00 00 01 00 00 10 03 1D 0D 00 00 08 57 
00 FF FF 00 10 0D 22 93 00 00 01 00 00 10 03 1E 0D 00 00 08 0F 
00 FF FF 00 10 0D 22 93 00 00 01 00 00 10 03 1F 0D 00 00 04 AA 
00 FF FF 00 10 0D 22 93 00 00 01 00 00 10 03 20 0D 00 00 05 6A 
00 FF FF 00 10 0D 22 93 00 00 01 00 00 10 03 21 0D 00 00 05 3F 
00 FF FF 00 10 0D 22 93 00 00 01 00 00 10 03 22 0D 00 00 05 B9 
00 FF FF 00 10 0D 22 93 00 00 01 00 00 10 03 23 0D 00 00 03 CE 
00 FF FF 00 10 0D 22 93 00 00 01 00 00 10 03 24 0D 00 00 08 7D 
00 FF FF 00 10 0D 22 93 00 00 01 00 00 10 03 25 0D 00 00 06 BE 
00 FF FF 00 10 0D 22 93 00 00 01 00 00 10 03 26 0D 00 00 06 00 
00 FF FF 00 10 0D 22 93 00 00 01 00 00 10 03 27 0D 00 00 05 5B 
00 FF FF 00 10 0D 22 93 00 00 01 00 00 10 03 28 0D 00 00 04 81 
00 FF FF 00 10 0D 22 93 00 00 01 00 00 10 03 29 0D 00 00 04 DB 
00 FF FF 00 10 0D 22 93 00 00 01 00 00 10 03 2A 0D 00 00 05 FA 
00 FF FF 00 10 0D 22 93 00 00 01 00 00 10 03 2B 0D 00 00 05 E4 
00 FF FF 00 10 0D 22 93 00 00 01 00 00 10 03 2C 0D 00 00 05 91 
00 FF FF 00 10 0D 22 93 00 00 01 00 00 10 03 2D 0D 00 00 07 E9 
00 FF FF 00 10 0D 22 93 00 00 01 00 00 10 03 2E 0D 00 00 04 5A 
00 FF FF 00 10 0D 22 93 00 00 01 00 00 10 03 2F 0D 00 00 0B D0 
00 FF FF 00 10 0D 22 93 00 00 01 00 00 10 03 30 0D 00 00 08 65 
00 FF FF 00 10 0D 22 93 00 00 01 00 00 10 03 31 0D 00 00 08 72 
00 FF FF 00 10 0D 22 93 00 00 01 00 00 10 03 32 0D 00 00 05 15 
00 FF FF 00 10 0D 22 93 00 00 01 00 00 10 03 33 0D 00 00 05 94 
00 FF FF 00 10 0D 22 93 00 00 01 00 00 10 03 34 0D 00 00 05 8F 
00 FF FF 00 10 0D 22 93 00 00 01 00 00 10 03 35 0D 00 00 05 27 
00 FF FF 00 10 0D 22 93 00 00 01 00 00 10 03 36 0D 00 00 06 F2 
00 FF FF 00 10 0D 22 93 00 00 01 00 00 10 03 37 0D 00 00 03 A5 
00 FF FF 00 10 0D 22 93 00 00 01 00 00 10 03 38 0D 00 00 0B 94 
00 FF FF 00 10 0D 22 93 00 00 01 00 00 10 03 39 0D 00 00 0B 35 
00 FF FF 00 10 0D 22 93 00 00 01 00 00 10 03 3A 0D 00 00 05 89 
00 FF FF 00 10 0D 22 93 00 00 01 00 00 10 03 3B 0D 00 00 05 A2 
00 FF FF 00 10 0D 22 93 00 00 01 00 00 10 03 3C 0D 00 00 05 95 
00 FF FF 00 10 0D 22 93 00 00 01 00 00 10 03 3D 0D 00 00 05 51 
00 FF FF 00 10 0D 22 93 00 00 01 00 00 10 03 3E 0D 00 00 03 8A 
00 FF FF 00 10 0D 22 93 00 00 01 00 00 10 03 3F 0D 00 00 03 D4 
00 FF FF 00 10 0D 22 93 00 00 01 00 00 10 03 40 0D 00 00 04 7C 
00 FF FF 00 10 0D 22 93 00 00 01 00 00 10 03 41 0D 00 00 05 57 
00 FF FF 00 10 0D 22 93 00 00 01 00 00 10 03 42 0D 00 00 04 A0 
00 FF FF 00 10 0D 22 93 00 00 01 00 00 10 03 43 0D 00 00 08 6A 
00 FF FF 00 10 0D 22 93 00 00 01 00 00 10 03 44 0D 00 00 07 18 
00 FF FF 00 10 0D 22 93 00 00 01 00 00 10 03 45 0D 00 00 06 C5 
00 FF FF 00 10 0D 22 93 00 00 01 00 00 10 03 46 0D 00 00 04 13 
00 FF FF 00 10 0D 22 93 00 00 01 00 00 10 03 47 0D 00 00 05 34 
00 FF FF 00 10 0D 22 93 00 00 01 00 00 10 03 48 0D 00 00 06 57 
00 FF FF 00 10 0D 22 93 00 00 01 00 00 10 03 49 0D 00 00 04 1F 
00 FF FF 00 10 0D 22 93 00 00 01 00 00 10 03 4A 0D 00 00 04 FF 
00 FF FF 00 10 0D 22 93 00 00 01 00 00 10 03 4B 0D 00 00 04 83 
00 FF FF 00 10 0D 22 93 00 00 01 00 00 10 03 4C 0D 00 00 05 D6 
00 FF FF 00 10 0D 22 93 00 00 01 00 00 10 03 4D 0D 00 00 06 0B 
00 FF FF 00 10 0D 22 93 00 00 01 00 00 10 03 4E 0D 00 00 04 40 
00 FF FF 00 10 0D 22 93 00 00 01 00 00 10 03 4F 0D 00 00 04 5E 
00 FF FF 00 10 0D 22 93 00 00 01 00 00 10 03 50 0D 00 00 04 BE 
00 FF FF 00 10 0D 22 93 00 00 01 00 00 10 03 51 0D 00 00 03 EB 
00 FF FF 00 10 0D 22 93 00 00 01 00 00 10 03 52 0D 00 00 06 27 
00 FF FF 00 10 0D 22 93 00 00 01 00 00 10 03 53 0D 00 00 06 BD 
00 FF FF 00 10 0D 22 93 00 00 01 00 00 10 03 54 0D 00 00 09 F3 
00 FF FF 00 10 0D 22 93 00 00 01 00 00 10 03 55 0D 00 00 0A 8E 
00 FF FF 00 10 0D 22 93 00 00 01 00 00 10 03 56 0D 00 00 04 D3 
00 FF FF 00 10 0D 22 93 00 00 01 00 00 10 03 57 0D 00 00 05 BF 
00 FF FF 00 10 0D 22 93 00 00 01 00 00 10 03 58 0D 00 00 05 09 
00 FF FF 00 10 0D 22 93 00 00 01 00 00 10 03 59 0D 00 00 04 E1 
00 FF FF 00 10 0D 22 93 00 00 01 00 00 10 03 5A 0D 00 00 04 0B 
00 FF FF 00 10 0D 22 93 00 00 01 00 00 10 03 5B 0D 00 00 06 FE 
00 FF FF 00 10 0D 22 93 00 00 01 00 00 10 03 5C 0D 00 00 04 2B 
00 FF FF 00 10 0D 22 93 00 00 01 00 00 10 03 5D 0D 00 00 09 86 
00 FF FF 00 10 0D 22 93 00 00 01 00 00 10 03 5E 0D 00 00 04 C6 
00 FF FF 00 10 0D 22 93 00 00 01 00 00 10 03 5F 0D 00 00 06 CA 
00 FF FF 00 10 0D 22 93 00 00 01 00 00 10 03 60 0D 00 00 04 D1 
00 FF FF 00 10 0D 22 93 00 00 01 00 00 10 03 61 0D 00 00 07 08 
00 FF FF 00 10 0D 22 93 00 00 01 00 00 10 03 62 0D 00 00 04 DD 
00 FF FF 00 10 0D 22 93 00 00 01 00 00 10 03 63 0D 00 00 03 E0 
00 FF FF 00 10 0D 22 93 00 00 01 00 00 10 03 64 0D 00 00 03 29 
00 FF FF 00 10 0D 22 93 00 00 01 00 00 10 03 65 0D 00 00 09 DB 
00 FF FF 00 10 0D 22 93 00 00 01 00 00 10 03 66 0D 00 00 06 D3 
00 FF FF 00 10 0D 22 93 00 00 01 00 00 10 03 67 0D 00 00 03 04 
00 FF FF 00 10 0D 22 93 00 00 01 00 00 10 03 68 0D 00 00 09 40 
00 FF FF 00 10 0D 22 93 00 00 01 00 00 10 03 69 0D 00 00 06 9D 
00 FF FF 00 10 0D 22 93 00 00 01 00 00 10 03 6A 0D 00 00 05 6A 
00 FF FF 00 10 0D 22 93 00 00 01 00 00 10 03 6B 0D 00 00 04 FE 
00 FF FF 00 10 0D 22 93 00 00 01 00 00 10 03 6C 0D 00 00 03 AB 
00 FF FF 00 10 0D 22 93 00 00 01 00 00 10 03 6D 0D 00 00 06 07 
00 FF FF 00 10 0D 22 93 00 00 01 00 00 10 03 6E 0D 00 00 06 17 
00 FF FF 00 10 0D 22 93 00 00 01 00 00 10 03 6F 0D 00 00 06 12 
00 FF FF 00 10 0D 22 93 00 00 01 00 00 10 03 70 0D 00 00 06 27 
00 FF FF 00 10 0D 22 93 00 00 01 00 00 10 03 71 0D 00 00 09 07 
00 FF FF 00 10 0D 22 93 00 00 01 00 00 10 03 72 0D 00 00 05 13 
00 FF FF 00 10 0D 22 93 00 00 01 00 00 10 03 73 0D 00 00 06 41 
00 FF FF 00 10 0D 22 93 00 00 01 00 00 10 03 74 0D 00 00 05 67 
00 FF FF 00 10 0D 22 93 00 00 01 00 00 10 03 75 0D 00 00 04 F8 
00 FF FF 00 10 0D 22 93 00 00 01 00 00 10 03 76 0D 00 00 03 FD 
00 FF FF 00 10 0D 22 93 00 00 01 00 00 10 03 77 0D 00 00 05 25 
00 FF FF 00 10 0D 22 93 00 00 01 00 00 10 03 78 0D 00 00 06 CD 
00 FF FF 00 10 0D 22 93 00 00 01 00 00 10 03 79 0D 00 00 06 13 
00 FF FF 00 10 0D 22 93 00 00 01 00 00 10 03 7A 0D 00 00 0A 14 
00 FF FF 00 10 0D 22 93 00 00 01 00 00 10 03 7B 0D 00 00 05 2F 
00 FF FF 00 10 0D 22 93 00 00 01 00 00 10 03 7C 0D 00 00 05 74 
00 FF FF 00 10 0D 22 93 00 00 01 00 00 10 03 7D 0D 00 00 04 4E 
00 FF FF 00 10 0D 22 93 00 00 01 00 00 10 03 7E 0D 00 00 02 71 
00 FF FF 00 10 0D 22 93 00 00 01 00 00 10 03 7F 0D 00 00 04 D4 
00 FF FF 00 10 0D 22 93 00 00 01 00 00 10 03 80 0D 00 00 02 6B 
00 FF FF 00 10 0D 22 93 00 00 01 00 00 10 03 81 0D 00 00 08 4D 
00 FF FF 00 10 0D 22 93 00 00 01 00 00 10 03 82 0D 00 00 05 FF 
00 FF FF 00 10 0D 22 93 00 00 01 00 00 10 03 83 0D 00 00 08 C3 
00 FF FF 00 10 0D 22 93 00 00 01 00 00 10 03 84 0D 00 00 06 A3 
00 FF FF 00 10 0D 22 93 00 00 01 00 00 10 03 85 0D 00 00 08 1D 
00 FF FF 00 10 0D 22 93 00 00 01 00 00 10 03 86 0D 00 00 04 43 
00 FF FF 00 10 0D 22 93 00 00 01 00 00 10 03 87 0D 00 00 08 C9 
00 FF FF 00 10 0D 22 93 00 00 01 00 00 10 03 88 0D 00 00 06 FD 
00 FF FF 00 10 0D 22 93 00 00 01 00 00 10 03 89 0D 00 00 03 CB 
00 FF FF 00 10 0D 22 93 00 00 01 00 00 10 03 8A 0D 00 00 06 75 
00 FF FF 00 10 0D 22 93 00 00 01 00 00 10 03 8B 0D 00 00 06 5E 
00 FF FF 00 10 0D 22 93 00 00 01 00 00 10 03 8C 0D 00 00 09 8D 
00 FF FF 00 10 0D 22 93 00 00 01 00 00 10 03 8D 0D 00 00 06 D7 
00 FF FF 00 10 0D 22 93 00 00 01 00 00 10 03 8E 0D 00 00 07 31 
00 FF FF 00 10 0D 22 93 00 00 01 00 00 10 03 8F 0D 00 00 04 1E 
00 FF FF 00 10 0D 22 93 00 00 01 00 00 10 03 90 0D 00 00 03 DC 
00 FF FF 00 10 0D 22 93 00 00 01 00 00 10 03 91 0D 00 00 04 0F 
00 FF FF 00 10 0D 22 93 00 00 01 00 00 10 03 92 0D 00 00 02 D8 
00 FF FF 00 10 0D 22 93 00 00 01 00 00 10 03 93 0D 00 00 06 55 
00 FF FF 00 10 0D 22 93 00 00 01 00 00 10 03 94 0D 00 00 05 FE 
00 FF FF 00 10 0D 22 93 00 00 01 00 00 10 03 95 0D 00 00 09 2D 
00 FF FF 00 10 0D 22 93 00 00 01 00 00 10 03 96 0D 00 00 06 BF 
00 FF FF 00 10 0D 22 93 00 00 01 00 00 10 03 97 0D 00 00 06 A4 
00 FF FF 00 10 0D 22 93 00 00 01 00 00 10 03 98 0D 00 00 05 6E 
00 FF FF 00 10 0D 22 93 00 00 01 00 00 10 03 99 0D 00 00 04 D3 
00 FF FF 00 10 0D 22 93 00 00 01 00 00 10 03 9A 0D 00 00 03 F5 
00 FF FF 00 10 0D 22 93 00 00 01 00 00 10 03 9B 0D 00 00 03 86 
00 FF FF 00 10 0D 22 93 00 00 01 00 00 10 03 9C 0D 00 00 05 59 
00 FF FF 00 10 0D 22 93 00 00 01 00 00 10 03 9D 0D 00 00 02 D9 
00 FF FF 00 10 0D 22 93 00 00 01 00 00 10 03 9E 0D 00 00 06 A7 
00 FF FF 00 10 0D 22 93 00 00 01 00 00 10 03 9F 0D 00 00 03 83 
00 FF FF 00 10 0D 22 93 00 00 01 00 00 10 03 A0 0D 00 00 05 FC 
00 FF FF 00 10 0D 22 93 00 00 01 00 00 10 03 A1 0D 00 00 04 E5 
00 FF FF 00 10 0D 22 93 00 00 01 00 00 10 03 A2 0D 00 00 04 BB 
00 FF FF 00 10 0D 22 93 00 00 01 00 00 10 03 A3 0D 00 00 04 85 
00 FF FF 00 10 0D 22 93 00 00 01 00 00 10 03 A4 0D 00 00 05 98 
00 FF FF 00 10 0D 22 93 00 00 01 00 00 10 03 A5 0D 00 00 05 8E 
00 FF FF 00 10 0D 22 93 00 00 01 00 00 10 03 A6 0D 00 00 05 14 
00 FF FF 00 10 0D 22 93 00 00 01 00 00 10 03 A7 0D 00 00 08 3F 
00 FF FF 00 10 0D 22 93 00 00 01 00 00 10 03 A8 0D 00 00 06 CD 
00 FF FF 00 10 0D 22 93 00 00 01 00 00 10 03 A9 0D 00 00 02 FD 
00 FF FF 00 10 0D 22 93 00 00 01 00 00 10 03 AA 0D 00 00 06 B2 
00 FF FF 00 10 0D 22 93 00 00 01 00 00 10 03 AB 0D 00 00 05 3E 
00 FF FF 00 10 0D 22 93 00 00 01 00 00 10 03 AC 0D 00 00 06 A4 
00 FF FF 00 10 0D 22 93 00 00 01 00 00 10 03 AD 0D 00 00 03 3A 
00 FF FF 00 10 0D 22 93 00 00 01 00 00 10 03 AE 0D 00 00 04 FB 
00 FF FF 00 10 0D 22 93 00 00 01 00 00 10 03 AF 0D 00 00 05 72 
00 FF FF 00 10 0D 22 93 00 00 01 00 00 10 03 B0 0D 00 00 04 B2 
00 FF FF 00 10 0D 22 93 00 00 01 00 00 10 03 B1 0D 00 00 07 CB 
00 FF FF 00 10 0D 22 93 00 00 01 00 00 10 03 B2 0D 00 00 08 21 
00 FF FF 00 10 0D 22 93 00 00 01 00 00 10 03 B3 0D 00 00 05 90 
00 FF FF 00 10 0D 22 93 00 00 01 00 00 10 03 B4 0D 00 00 05 8A 
00 FF FF 00 10 0D 22 93 00 00 01 00 00 10 03 B5 0D 00 00 03 6F 
00 FF FF 00 10 0D 22 93 00 00 01 00 00 10 03 B6 0D 00 00 03 F4 
00 FF FF 00 10 0D 22 93 00 00 01 00 00 10 03 B7 0D 00 00 06 E4 
00 FF FF 00 10 0D 22 93 00 00 01 00 00 10 03 B8 0D 00 00 04 56 
00 FF FF 00 10 0D 22 93 00 00 01 00 00 10 03 B9 0D 00 00 08 76 
00 FF FF 00 10 0D 22 93 00 00 01 00 00 10 03 BA 0D 00 00 03 FE 
00 FF FF 00 10 0D 22 93 00 00 01 00 00 10 03 BB 0D 00 00 08 54 
00 FF FF 00 10 0D 22 93 00 00 01 00 00 10 03 BC 0D 00 00 06 08 
00 FF FF 00 10 0D 22 93 00 00 01 00 00 10 03 BD 0D 00 00 03 B2 
00 FF FF 00 10 0D 22 93 00 00 01 00 00 10 03 BE 0D 00 00 03 5A 
00 FF FF 00 10 0D 22 93 00 00 01 00 00 10 03 BF 0D 00 00 04 BE 
00 FF FF 00 10 0D 22 93 00 00 01 00 00 10 03 C0 0D 00 00 04 DF 
00 FF FF 00 10 0D 22 93 00 00 01 00 00 10 03 C1 0D 00 00 05 31 
00 FF FF 00 10 0D 22 93 00 00 01 00 00 10 03 C2 0D 00 00 07 21 
00 FF FF 00 10 0D 22 93 00 00 01 00 00 10 03 C3 0D 00 00 05 8A 
00 FF FF 00 10 0D 22 93 00 00 01 00 00 10 03 C4 0D 00 00 04 23 
00 FF FF 00 10 0D 22 93 00 00 01 00 00 10 03 C5 0D 00 00 03 6E 
00 FF FF 00 10 0D 22 93 00 00 01 00 00 10 03 C6 0D 00 00 04 7A 
00 FF FF 00 10 0D 22 93 00 00 01 00 00 10 03 C7 0D 00 00 05 2A 
00 FF FF 00 10 0D 22 93 00 00 01 00 00 10 03 C8 0D 00 00 03 B9 
00 FF FF 00 10 0D 22 93 00 00 01 00 00 10 03 C9 0D 00 00 03 1C 
00 FF FF 00 10 0D 22 93 00 00 01 00 00 10 03 CA 0D 00 00 02 BD 
00 FF FF 00 10 0D 22 93 00 00 01 00 00 10 03 CB 0D 00 00 01 89 
00 FF FF 00 10 0D 22 93 00 00 01 00 00 10 03 CC 0D 00 00 03 F1 
00 FF FF 00 10 0D 22 93 00 00 01 00 00 10 03 CD 0D 00 00 05 88 
00 FF FF 00 10 0D 22 93 00 00 01 00 00 10 03 CE 0D 00 00 03 2D 
00 FF FF 00 10 0D 22 93 00 00 01 00 00 10 03 CF 0D 00 00 04 0F 
