00 FF FF 00 10 0D 22 93 00 00 01 00 00 10 06 0C 0D 00 00 13 C9 
00 FF FF 00 10 0D 22 93 00 00 01 00 00 10 06 0D 0D 00 00 0C 56 
00 FF FF 00 10 0D 22 93 00 00 01 00 00 10 06 0E 0D 00 00 09 02 
00 FF FF 00 10 0D 22 93 00 00 01 00 00 10 06 0F 0D 00 00 22 73 
00 FF FF 00 10 0D 22 93 00 00 01 00 00 10 06 10 0D 00 00 0B 13 
00 FF FF 00 10 0D 22 93 00 00 01 00 00 10 06 11 0D 00 00 20 E6 
00 FF FF 00 10 0D 22 93 00 00 01 00 00 10 06 12 0D 00 00 0E 15 
00 FF FF 00 10 0D 22 93 00 00 01 00 00 10 06 13 0D 00 00 0B BB 
00 FF FF 00 10 0D 22 93 00 00 01 00 00 10 06 14 0D 00 00 0C 2D 
00 FF FF 00 10 0D 22 93 00 00 01 00 00 10 06 15 0D 00 00 0C 59 
00 FF FF 00 10 0D 22 93 00 00 01 00 00 10 06 16 0D 00 00 09 E8 
00 FF FF 00 10 0D 22 93 00 00 01 00 00 10 06 17 0D 00 00 06 AC 
00 FF FF 00 10 0D 22 93 00 00 01 00 00 10 06 18 0D 00 00 1B AD 
00 FF FF 00 10 0D 22 93 00 00 01 00 00 10 06 19 0D 00 00 06 14 
00 FF FF 00 10 0D 22 93 00 00 01 00 00 10 06 1A 0D 00 00 17 17 
00 FF FF 00 10 0D 22 93 00 00 01 00 00 10 06 1B 0D 00 00 05 67 
00 FF FF 00 10 0D 22 93 00 00 01 00 00 10 06 1C 0D 00 00 06 85 
00 FF FF 00 10 0D 22 93 00 00 01 00 00 10 06 1D 0D 00 00 0B 3E 
00 FF FF 00 10 0D 22 93 00 00 01 00 00 10 06 1E 0D 00 00 09 D2 
00 FF FF 00 10 0D 22 93 00 00 01 00 00 10 06 1F 0D 00 00 0A D7 
00 FF FF 00 10 0D 22 93 00 00 01 00 00 10 06 20 0D 00 00 06 1D 
00 FF FF 00 10 0D 22 93 00 00 01 00 00 10 06 21 0D 00 00 1D 53 
00 FF FF 00 10 0D 22 93 00 00 01 00 00 10 06 22 0D 00 00 05 A5 
00 FF FF 00 10 0D 22 93 00 00 01 00 00 10 06 23 0D 00 00 12 93 
00 FF FF 00 10 0D 22 93 00 00 01 00 00 10 06 24 0D 00 00 07 D1 
00 FF FF 00 10 0D 22 93 00 00 01 00 00 10 06 25 0D 00 00 0A 1B 
00 FF FF 00 10 0D 22 93 00 00 01 00 00 10 06 26 0D 00 00 09 DF 
00 FF FF 00 10 0D 22 93 00 00 01 00 00 10 06 27 0D 00 00 09 13 
00 FF FF 00 10 0D 22 93 00 00 01 00 00 10 06 28 0D 00 00 0C F5 
00 FF FF 00 10 0D 22 93 00 00 01 00 00 10 06 29 0D 00 00 00 7E 
00 FF FF 00 10 0D 22 93 00 00 01 00 00 10 06 2A 0D 00 00 0F E6 
00 FF FF 00 10 0D 22 93 00 00 01 00 00 10 06 2B 0D 00 00 0E FF 
00 FF FF 00 10 0D 22 93 00 00 01 00 00 10 06 2C 0D 00 00 26 75 
00 FF FF 00 10 0D 22 93 00 00 01 00 00 10 06 2D 0D 00 00 07 FF 
00 FF FF 00 10 0D 22 93 00 00 01 00 00 10 06 2E 0D 00 00 0B B3 
00 FF FF 00 10 0D 22 93 00 00 01 00 00 10 06 2F 0D 00 00 00 3C 
00 FF FF 00 10 0D 22 93 00 00 01 00 00 10 06 30 0D 00 00 0B 76 
00 FF FF 00 10 0D 22 93 00 00 01 00 00 10 06 31 0D 00 00 0C 39 
00 FF FF 00 10 0D 22 93 00 00 01 00 00 10 06 32 0D 00 00 0A 0E 
00 FF FF 00 10 0D 22 93 00 00 01 00 00 10 06 33 0D 00 00 29 B3 
00 FF FF 00 10 0D 22 93 00 00 01 00 00 10 06 34 0D 00 00 07 20 
00 FF FF 00 10 0D 22 93 00 00 01 00 00 10 06 35 0D 00 00 14 BA 
00 FF FF 00 10 0D 22 93 00 00 01 00 00 10 06 36 0D 00 00 0B 1F 
00 FF FF 00 10 0D 22 93 00 00 01 00 00 10 06 37 0D 00 00 16 E5 
00 FF FF 00 10 0D 22 93 00 00 01 00 00 10 06 38 0D 00 00 09 3D 
00 FF FF 00 10 0D 22 93 00 00 01 00 00 10 06 39 0D 00 00 06 42 
00 FF FF 00 10 0D 22 93 00 00 01 00 00 10 06 3A 0D 00 00 0C 60 
00 FF FF 00 10 0D 22 93 00 00 01 00 00 10 06 3B 0D 00 00 0C 1A 
00 FF FF 00 10 0D 22 93 00 00 01 00 00 10 06 3C 0D 00 00 2D B2 
00 FF FF 00 10 0D 22 93 00 00 01 00 00 10 06 3D 0D 00 00 0C 48 
00 FF FF 00 10 0D 22 93 00 00 01 00 00 10 06 3E 0D 00 00 1D A3 
00 FF FF 00 10 0D 22 93 00 00 01 00 00 10 06 3F 0D 00 00 0D AB 
00 FF FF 00 10 0D 22 93 00 00 01 00 00 10 06 40 0D 00 00 14 CD 
00 FF FF 00 10 0D 22 93 00 00 01 00 00 10 06 41 0D 00 00 0C 46 
00 FF FF 00 10 0D 22 93 00 00 01 00 00 10 06 42 0D 00 00 11 4E 
00 FF FF 00 10 0D 22 93 00 00 01 00 00 10 06 43 0D 00 00 1D C7 
00 FF FF 00 10 0D 22 93 00 00 01 00 00 10 06 44 0D 00 00 0F 08 
00 FF FF 00 10 0D 22 93 00 00 01 00 00 10 06 45 0D 00 00 2B 3E 
00 FF FF 00 10 0D 22 93 00 00 01 00 00 10 06 46 0D 00 00 0B FE 
00 FF FF 00 10 0D 22 93 00 00 01 00 00 10 06 47 0D 00 00 19 5B 
00 FF FF 00 10 0D 22 93 00 00 01 00 00 10 06 48 0D 00 00 10 D2 
00 FF FF 00 10 0D 22 93 00 00 01 00 00 10 06 49 0D 00 00 12 4A 
00 FF FF 00 10 0D 22 93 00 00 01 00 00 10 06 4A 0D 00 00 0C 16 
00 FF FF 00 10 0D 22 93 00 00 01 00 00 10 06 4B 0D 00 00 11 83 
00 FF FF 00 10 0D 22 93 00 00 01 00 00 10 06 4C 0D 00 00 1E F6 
00 FF FF 00 10 0D 22 93 00 00 01 00 00 10 06 4D 0D 00 00 09 39 
00 FF FF 00 10 0D 22 93 00 00 01 00 00 10 06 4E 0D 00 00 15 98 
00 FF FF 00 10 0D 22 93 00 00 01 00 00 10 06 4F 0D 00 00 0B B8 
00 FF FF 00 10 0D 22 93 00 00 01 00 00 10 06 50 0D 00 00 1B 72 
00 FF FF 00 10 0D 22 93 00 00 01 00 00 10 06 51 0D 00 00 11 EC 
00 FF FF 00 10 0D 22 93 00 00 01 00 00 10 06 52 0D 00 00 14 29 
00 FF FF 00 10 0D 22 93 00 00 01 00 00 10 06 53 0D 00 00 0C 2B 
00 FF FF 00 10 0D 22 93 00 00 01 00 00 10 06 54 0D 00 00 09 49 
00 FF FF 00 10 0D 22 93 00 00 01 00 00 10 06 55 0D 00 00 1C 62 
00 FF FF 00 10 0D 22 93 00 00 01 00 00 10 06 56 0D 00 00 12 08 
00 FF FF 00 10 0D 22 93 00 00 01 00 00 10 06 57 0D 00 00 17 09 
00 FF FF 00 10 0D 22 93 00 00 01 00 00 10 06 58 0D 00 00 08 90 
00 FF FF 00 10 0D 22 93 00 00 01 00 00 10 06 59 0D 00 00 16 77 
00 FF FF 00 10 0D 22 93 00 00 01 00 00 10 06 5A 0D 00 00 0B 4D 
00 FF FF 00 10 0D 22 93 00 00 01 00 00 10 06 5B 0D 00 00 0D 5C 
00 FF FF 00 10 0D 22 93 00 00 01 00 00 10 06 5C 0D 00 00 0B 98 
00 FF FF 00 10 0D 22 93 00 00 01 00 00 10 06 5D 0D 00 00 12 80 
00 FF FF 00 10 0D 22 93 00 00 01 00 00 10 06 5E 0D 00 00 0C B4 
00 FF FF 00 10 0D 22 93 00 00 01 00 00 10 06 5F 0D 00 00 0B 49 
00 FF FF 00 10 0D 22 93 00 00 01 00 00 10 06 60 0D 00 00 1D C7 
00 FF FF 00 10 0D 22 93 00 00 01 00 00 10 06 61 0D 00 00 0C 0B 
00 FF FF 00 10 0D 22 93 00 00 01 00 00 10 06 62 0D 00 00 11 28 
00 FF FF 00 10 0D 22 93 00 00 01 00 00 10 06 63 0D 00 00 0A B0 
00 FF FF 00 10 0D 22 93 00 00 01 00 00 10 06 64 0D 00 00 11 D3 
00 FF FF 00 10 0D 22 93 00 00 01 00 00 10 06 65 0D 00 00 0D AF 
00 FF FF 00 10 0D 22 93 00 00 01 00 00 10 06 66 0D 00 00 0A AC 
00 FF FF 00 10 0D 22 93 00 00 01 00 00 10 06 67 0D 00 00 0A AA 
00 FF FF 00 10 0D 22 93 00 00 01 00 00 10 06 68 0D 00 00 16 B9 
00 FF FF 00 10 0D 22 93 00 00 01 00 00 10 06 69 0D 00 00 12 1B 
00 FF FF 00 10 0D 22 93 00 00 01 00 00 10 06 6A 0D 00 00 10 76 
00 FF FF 00 10 0D 22 93 00 00 01 00 00 10 06 6B 0D 00 00 11 07 
00 FF FF 00 10 0D 22 93 00 00 01 00 00 10 06 6C 0D 00 00 09 8E 
00 FF FF 00 10 0D 22 93 00 00 01 00 00 10 06 6D 0D 00 00 13 E0 
00 FF FF 00 10 0D 22 93 00 00 01 00 00 10 06 6E 0D 00 00 18 F3 
00 FF FF 00 10 0D 22 93 00 00 01 00 00 10 06 6F 0D 00 00 14 23 
00 FF FF 00 10 0D 22 93 00 00 01 00 00 10 06 70 0D 00 00 13 47 
00 FF FF 00 10 0D 22 93 00 00 01 00 00 10 06 71 0D 00 00 15 A8 
00 FF FF 00 10 0D 22 93 00 00 01 00 00 10 06 72 0D 00 00 17 D4 
00 FF FF 00 10 0D 22 93 00 00 01 00 00 10 06 73 0D 00 00 12 D2 
00 FF FF 00 10 0D 22 93 00 00 01 00 00 10 06 74 0D 00 00 0A DF 
00 FF FF 00 10 0D 22 93 00 00 01 00 00 10 06 75 0D 00 00 0C 15 
00 FF FF 00 10 0D 22 93 00 00 01 00 00 10 06 76 0D 00 00 17 5D 
00 FF FF 00 10 0D 22 93 00 00 01 00 00 10 06 77 0D 00 00 19 BB 
00 FF FF 00 10 0D 22 93 00 00 01 00 00 10 06 78 0D 00 00 0A FB 
00 FF FF 00 10 0D 22 93 00 00 01 00 00 10 06 79 0D 00 00 11 1A 
00 FF FF 00 10 0D 22 93 00 00 01 00 00 10 06 7A 0D 00 00 16 05 
00 FF FF 00 10 0D 22 93 00 00 01 00 00 10 06 7B 0D 00 00 16 D1 
00 FF FF 00 10 0D 22 93 00 00 01 00 00 10 06 7C 0D 00 00 12 F1 
00 FF FF 00 10 0D 22 93 00 00 01 00 00 10 06 7D 0D 00 00 0D 42 
00 FF FF 00 10 0D 22 93 00 00 01 00 00 10 06 7E 0D 00 00 1D 33 
00 FF FF 00 10 0D 22 93 00 00 01 00 00 10 06 7F 0D 00 00 12 DE 
00 FF FF 00 10 0D 22 93 00 00 01 00 00 10 06 80 0D 00 00 20 5B 
00 FF FF 00 10 0D 22 93 00 00 01 00 00 10 06 81 0D 00 00 0D 9B 
00 FF FF 00 10 0D 22 93 00 00 01 00 00 10 06 82 0D 00 00 0F D1 
00 FF FF 00 10 0D 22 93 00 00 01 00 00 10 06 83 0D 00 00 16 11 
00 FF FF 00 10 0D 22 93 00 00 01 00 00 10 06 84 0D 00 00 19 DE 
00 FF FF 00 10 0D 22 93 00 00 01 00 00 10 06 85 0D 00 00 14 79 
00 FF FF 00 10 0D 22 93 00 00 01 00 00 10 06 86 0D 00 00 0C 37 
00 FF FF 00 10 0D 22 93 00 00 01 00 00 10 06 87 0D 00 00 0E C4 
00 FF FF 00 10 0D 22 93 00 00 01 00 00 10 06 88 0D 00 00 10 52 
00 FF FF 00 10 0D 22 93 00 00 01 00 00 10 06 89 0D 00 00 23 BA 
00 FF FF 00 10 0D 22 93 00 00 01 00 00 10 06 8A 0D 00 00 1C 4A 
00 FF FF 00 10 0D 22 93 00 00 01 00 00 10 06 8B 0D 00 00 0F 3B 
00 FF FF 00 10 0D 22 93 00 00 01 00 00 10 06 8C 0D 00 00 14 0A 
00 FF FF 00 10 0D 22 93 00 00 01 00 00 10 06 8D 0D 00 00 12 B0 
00 FF FF 00 10 0D 22 93 00 00 01 00 00 10 06 8E 0D 00 00 06 85 
00 FF FF 00 10 0D 22 93 00 00 01 00 00 10 06 8F 0D 00 00 08 31 
00 FF FF 00 10 0D 22 93 00 00 01 00 00 10 06 90 0D 00 00 28 2E 
00 FF FF 00 10 0D 22 93 00 00 01 00 00 10 06 91 0D 00 00 12 B1 
00 FF FF 00 10 0D 22 93 00 00 01 00 00 10 06 92 0D 00 00 27 96 
00 FF FF 00 10 0D 22 93 00 00 01 00 00 10 06 93 0D 00 00 19 CA 
00 FF FF 00 10 0D 22 93 00 00 01 00 00 10 06 94 0D 00 00 10 EB 
00 FF FF 00 10 0D 22 93 00 00 01 00 00 10 06 95 0D 00 00 19 1D 
00 FF FF 00 10 0D 22 93 00 00 01 00 00 10 06 96 0D 00 00 0B C5 
00 FF FF 00 10 0D 22 93 00 00 01 00 00 10 06 97 0D 00 00 17 C9 
00 FF FF 00 10 0D 22 93 00 00 01 00 00 10 06 98 0D 00 00 0D 2A 
00 FF FF 00 10 0D 22 93 00 00 01 00 00 10 06 99 0D 00 00 28 BA 
00 FF FF 00 10 0D 22 93 00 00 01 00 00 10 06 9A 0D 00 00 14 7D 
00 FF FF 00 10 0D 22 93 00 00 01 00 00 10 06 9B 0D 00 00 23 3D 
00 FF FF 00 10 0D 22 93 00 00 01 00 00 10 06 9C 0D 00 00 13 CC 
00 FF FF 00 10 0D 22 93 00 00 01 00 00 10 06 9D 0D 00 00 13 23 
00 FF FF 00 10 0D 22 93 00 00 01 00 00 10 06 9E 0D 00 00 13 82 
00 FF FF 00 10 0D 22 93 00 00 01 00 00 10 06 9F 0D 00 00 12 68 
00 FF FF 00 10 0D 22 93 00 00 01 00 00 10 06 A0 0D 00 00 1C CE 
00 FF FF 00 10 0D 22 93 00 00 01 00 00 10 06 A1 0D 00 00 0F AE 
00 FF FF 00 10 0D 22 93 00 00 01 00 00 10 06 A2 0D 00 00 25 24 
00 FF FF 00 10 0D 22 93 00 00 01 00 00 10 06 A3 0D 00 00 0F DB 
00 FF FF 00 10 0D 22 93 00 00 01 00 00 10 06 A4 0D 00 00 1F 7D 
00 FF FF 00 10 0D 22 93 00 00 01 00 00 10 06 A5 0D 00 00 15 F8 
00 FF FF 00 10 0D 22 93 00 00 01 00 00 10 06 A6 0D 00 00 16 EC 
00 FF FF 00 10 0D 22 93 00 00 01 00 00 10 06 A7 0D 00 00 12 95 
00 FF FF 00 10 0D 22 93 00 00 01 00 00 10 06 A8 0D 00 00 12 8F 
00 FF FF 00 10 0D 22 93 00 00 01 00 00 10 06 A9 0D 00 00 17 FE 
00 FF FF 00 10 0D 22 93 00 00 01 00 00 10 06 AA 0D 00 00 11 9D 
00 FF FF 00 10 0D 22 93 00 00 01 00 00 10 06 AB 0D 00 00 28 E6 
00 FF FF 00 10 0D 22 93 00 00 01 00 00 10 06 AC 0D 00 00 10 A9 
00 FF FF 00 10 0D 22 93 00 00 01 00 00 10 06 AD 0D 00 00 1C 6A 
00 FF FF 00 10 0D 22 93 00 00 01 00 00 10 06 AE 0D 00 00 14 6B 
00 FF FF 00 10 0D 22 93 00 00 01 00 00 10 06 AF 0D 00 00 16 9F 
00 FF FF 00 10 0D 22 93 00 00 01 00 00 10 06 B0 0D 00 00 0F 5F 
00 FF FF 00 10 0D 22 93 00 00 01 00 00 10 06 B1 0D 00 00 13 A7 
00 FF FF 00 10 0D 22 93 00 00 01 00 00 10 06 B2 0D 00 00 0F EC 
00 FF FF 00 10 0D 22 93 00 00 01 00 00 10 06 B3 0D 00 00 16 23 
00 FF FF 00 10 0D 22 93 00 00 01 00 00 10 06 B4 0D 00 00 26 DD 
00 FF FF 00 10 0D 22 93 00 00 01 00 00 10 06 B5 0D 00 00 0A 49 
00 FF FF 00 10 0D 22 93 00 00 01 00 00 10 06 B6 0D 00 00 17 BC 
00 FF FF 00 10 0D 22 93 00 00 01 00 00 10 06 B7 0D 00 00 0E 15 
00 FF FF 00 10 0D 22 93 00 00 01 00 00 10 06 B8 0D 00 00 13 83 
00 FF FF 00 10 0D 22 93 00 00 01 00 00 10 06 B9 0D 00 00 0C CA 
00 FF FF 00 10 0D 22 93 00 00 01 00 00 10 06 BA 0D 00 00 19 67 
00 FF FF 00 10 0D 22 93 00 00 01 00 00 10 06 BB 0D 00 00 1B 69 
00 FF FF 00 10 0D 22 93 00 00 01 00 00 10 06 BC 0D 00 00 10 16 
00 FF FF 00 10 0D 22 93 00 00 01 00 00 10 06 BD 0D 00 00 24 EB 
00 FF FF 00 10 0D 22 93 00 00 01 00 00 10 06 BE 0D 00 00 0E 5F 
00 FF FF 00 10 0D 22 93 00 00 01 00 00 10 06 BF 0D 00 00 11 08 
00 FF FF 00 10 0D 22 93 00 00 01 00 00 10 06 C0 0D 00 00 11 5E 
00 FF FF 00 10 0D 22 93 00 00 01 00 00 10 06 C1 0D 00 00 12 F5 
00 FF FF 00 10 0D 22 93 00 00 01 00 00 10 06 C2 0D 00 00 0B 20 
00 FF FF 00 10 0D 22 93 00 00 01 00 00 10 06 C3 0D 00 00 15 46 
00 FF FF 00 10 0D 22 93 00 00 01 00 00 10 06 C4 0D 00 00 15 39 
00 FF FF 00 10 0D 22 93 00 00 01 00 00 10 06 C5 0D 00 00 1E 22 
00 FF FF 00 10 0D 22 93 00 00 01 00 00 10 06 C6 0D 00 00 17 1C 
00 FF FF 00 10 0D 22 93 00 00 01 00 00 10 06 C7 0D 00 00 0C 3E 
00 FF FF 00 10 0D 22 93 00 00 01 00 00 10 06 C8 0D 00 00 17 33 
00 FF FF 00 10 0D 22 93 00 00 01 00 00 10 06 C9 0D 00 00 09 C0 
00 FF FF 00 10 0D 22 93 00 00 01 00 00 10 06 CA 0D 00 00 0B A3 
00 FF FF 00 10 0D 22 93 00 00 01 00 00 10 06 CB 0D 00 00 0C CB 
00 FF FF 00 10 0D 22 93 00 00 01 00 00 10 06 CC 0D 00 00 1D B8 
00 FF FF 00 10 0D 22 93 00 00 01 00 00 10 06 CD 0D 00 00 12 87 
00 FF FF 00 10 0D 22 93 00 00 01 00 00 10 06 CE 0D 00 00 1D D2 
00 FF FF 00 10 0D 22 93 00 00 01 00 00 10 06 CF 0D 00 00 1C 04 
00 FF FF 00 10 0D 22 93 00 00 01 00 00 10 06 D0 0D 00 00 0D D1 
00 FF FF 00 10 0D 22 93 00 00 01 00 00 10 06 D1 0D 00 00 15 CB 
00 FF FF 00 10 0D 22 93 00 00 01 00 00 10 06 D2 0D 00 00 10 75 
00 FF FF 00 10 0D 22 93 00 00 01 00 00 10 06 D3 0D 00 00 16 07 
00 FF FF 00 10 0D 22 93 00 00 01 00 00 10 06 D4 0D 00 00 06 CA 
00 FF FF 00 10 0D 22 93 00 00 01 00 00 10 06 D5 0D 00 00 1B 47 
00 FF FF 00 10 0D 22 93 00 00 01 00 00 10 06 D6 0D 00 00 09 F8 
00 FF FF 00 10 0D 22 93 00 00 01 00 00 10 06 D7 0D 00 00 0B C7 
00 FF FF 00 10 0D 22 93 00 00 01 00 00 10 06 D8 0D 00 00 18 DE 
00 FF FF 00 10 0D 22 93 00 00 01 00 00 10 06 D9 0D 00 00 10 3E 
00 FF FF 00 10 0D 22 93 00 00 01 00 00 10 06 DA 0D 00 00 04 9E 
00 FF FF 00 10 0D 22 93 00 00 01 00 00 10 06 DB 0D 00 00 10 72 
00 FF FF 00 10 0D 22 93 00 00 01 00 00 10 06 DC 0D 00 00 11 A3 
00 FF FF 00 10 0D 22 93 00 00 01 00 00 10 06 DD 0D 00 00 11 19 
00 FF FF 00 10 0D 22 93 00 00 01 00 00 10 06 DE 0D 00 00 12 FD 
00 FF FF 00 10 0D 22 93 00 00 01 00 00 10 06 DF 0D 00 00 0C 6B 
00 FF FF 00 10 0D 22 93 00 00 01 00 00 10 06 E0 0D 00 00 10 74 
00 FF FF 00 10 0D 22 93 00 00 01 00 00 10 06 E1 0D 00 00 0E 96 
00 FF FF 00 10 0D 22 93 00 00 01 00 00 10 06 E2 0D 00 00 0C D0 
00 FF FF 00 10 0D 22 93 00 00 01 00 00 10 06 E3 0D 00 00 10 02 
00 FF FF 00 10 0D 22 93 00 00 01 00 00 10 06 E4 0D 00 00 0F 28 
00 FF FF 00 10 0D 22 93 00 00 01 00 00 10 06 E5 0D 00 00 0B DF 
00 FF FF 00 10 0D 22 93 00 00 01 00 00 10 06 E6 0D 00 00 01 89 
00 FF FF 00 10 0D 22 93 00 00 01 00 00 10 06 E7 0D 00 00 0C 61 
00 FF FF 00 10 0D 22 93 00 00 01 00 00 10 06 E8 0D 00 00 06 73 
00 FF FF 00 10 0D 22 93 00 00 01 00 00 10 06 E9 0D 00 00 0B CC 
00 FF FF 00 10 0D 22 93 00 00 01 00 00 10 06 EA 0D 00 00 0C 1A 
00 FF FF 00 10 0D 22 93 00 00 01 00 00 10 06 EB 0D 00 00 0E E8 
00 FF FF 00 10 0D 22 93 00 00 01 00 00 10 06 EC 0D 00 00 0B 50 
00 FF FF 00 10 0D 22 93 00 00 01 00 00 10 06 ED 0D 00 00 0A 18 
00 FF FF 00 10 0D 22 93 00 00 01 00 00 10 06 EE 0D 00 00 1E 12 
00 FF FF 00 10 0D 22 93 00 00 01 00 00 10 06 EF 0D 00 00 0A DA 
00 FF FF 00 10 0D 22 93 00 00 01 00 00 10 06 F0 0D 00 00 0C CE 
00 FF FF 00 10 0D 22 93 00 00 01 00 00 10 06 F1 0D 00 00 0C 6F 
00 FF FF 00 10 0D 22 93 00 00 01 00 00 10 06 F2 0D 00 00 10 FA 
00 FF FF 00 10 0D 22 93 00 00 01 00 00 10 06 F3 0D 00 00 11 E8 
00 FF FF 00 10 0D 22 93 00 00 01 00 00 10 06 F4 0D 00 00 0E 8E 
00 FF FF 00 10 0D 22 93 00 00 01 00 00 10 06 F5 0D 00 00 08 28 
00 FF FF 00 10 0D 22 93 00 00 01 00 00 10 06 F6 0D 00 00 10 02 
00 FF FF 00 10 0D 22 93 00 00 01 00 00 10 06 F7 0D 00 00 0A 45 
00 FF FF 00 10 0D 22 93 00 00 01 00 00 10 06 F8 0D 00 00 10 E3 
00 FF FF 00 10 0D 22 93 00 00 01 00 00 10 06 F9 0D 00 00 11 8B 
00 FF FF 00 10 0D 22 93 00 00 01 00 00 10 06 FA 0D 00 00 09 84 
00 FF FF 00 10 0D 22 93 00 00 01 00 00 10 06 FB 0D 00 00 0C 2A 
00 FF FF 00 10 0D 22 93 00 00 01 00 00 10 06 FC 0D 00 00 09 AE 
00 FF FF 00 10 0D 22 93 00 00 01 00 00 10 06 FD 0D 00 00 0B D7 
00 FF FF 00 10 0D 22 93 00 00 01 00 00 10 06 FE 0D 00 00 07 75 
00 FF FF 00 10 0D 22 93 00 00 01 00 00 10 06 FF 0D 00 00 17 84 
00 FF FF 00 10 0D 22 93 00 00 01 00 00 10 07 00 0D 00 00 14 AF 
00 FF FF 00 10 0D 22 93 00 00 01 00 00 10 07 01 0D 00 00 11 77 
00 FF FF 00 10 0D 22 93 00 00 01 00 00 10 07 02 0D 00 00 15 14 
00 FF FF 00 10 0D 22 93 00 00 01 00 00 10 07 03 0D 00 00 09 3F 
00 FF FF 00 10 0D 22 93 00 00 01 00 00 10 07 04 0D 00 00 10 CA 
00 FF FF 00 10 0D 22 93 00 00 01 00 00 10 07 05 0D 00 00 0E D4 
00 FF FF 00 10 0D 22 93 00 00 01 00 00 10 07 06 0D 00 00 09 E2 
00 FF FF 00 10 0D 22 93 00 00 01 00 00 10 07 07 0D 00 00 0E 27 
00 FF FF 00 10 0D 22 93 00 00 01 00 00 10 07 08 0D 00 00 0C 7A 
00 FF FF 00 10 0D 22 93 00 00 01 00 00 10 07 09 0D 00 00 0A 21 
00 FF FF 00 10 0D 22 93 00 00 01 00 00 10 07 0A 0D 00 00 0E 26 
00 FF FF 00 10 0D 22 93 00 00 01 00 00 10 07 0B 0D 00 00 10 32 
00 FF FF 00 10 0D 22 93 00 00 01 00 00 10 07 0C 0D 00 00 10 2B 
00 FF FF 00 10 0D 22 93 00 00 01 00 00 10 07 0D 0D 00 00 10 2E 
00 FF FF 00 10 0D 22 93 00 00 01 00 00 10 07 0E 0D 00 00 17 56 
00 FF FF 00 10 0D 22 93 00 00 01 00 00 10 07 0F 0D 00 00 0E 32 
00 FF FF 00 10 0D 22 93 00 00 01 00 00 10 07 10 0D 00 00 10 7C 
00 FF FF 00 10 0D 22 93 00 00 01 00 00 10 07 11 0D 00 00 11 E6 
00 FF FF 00 10 0D 22 93 00 00 01 00 00 10 07 12 0D 00 00 12 9B 
00 FF FF 00 10 0D 22 93 00 00 01 00 00 10 07 13 0D 00 00 13 46 
00 FF FF 00 10 0D 22 93 00 00 01 00 00 10 07 14 0D 00 00 0C 37 
00 FF FF 00 10 0D 22 93 00 00 01 00 00 10 07 15 0D 00 00 0B 65 
00 FF FF 00 10 0D 22 93 00 00 01 00 00 10 07 16 0D 00 00 09 F2 
00 FF FF 00 10 0D 22 93 00 00 01 00 00 10 07 17 0D 00 00 10 84 
00 FF FF 00 10 0D 22 93 00 00 01 00 00 10 07 18 0D 00 00 0F F9 
00 FF FF 00 10 0D 22 93 00 00 01 00 00 10 07 19 0D 00 00 0E CB 
00 FF FF 00 10 0D 22 93 00 00 01 00 00 10 07 1A 0D 00 00 0E 58 
00 FF FF 00 10 0D 22 93 00 00 01 00 00 10 07 1B 0D 00 00 0F DE 
00 FF FF 00 10 0D 22 93 00 00 01 00 00 10 07 1C 0D 00 00 14 DB 
00 FF FF 00 10 0D 22 93 00 00 01 00 00 10 07 1D 0D 00 00 11 1D 
00 FF FF 00 10 0D 22 93 00 00 01 00 00 10 07 1E 0D 00 00 0D E3 
00 FF FF 00 10 0D 22 93 00 00 01 00 00 10 07 1F 0D 00 00 0B 5D 
00 FF FF 00 10 0D 22 93 00 00 01 00 00 10 07 20 0D 00 00 16 BF 
00 FF FF 00 10 0D 22 93 00 00 01 00 00 10 07 21 0D 00 00 0F 6F 
00 FF FF 00 10 0D 22 93 00 00 01 00 00 10 07 22 0D 00 00 17 AD 
00 FF FF 00 10 0D 22 93 00 00 01 00 00 10 07 23 0D 00 00 14 8F 
00 FF FF 00 10 0D 22 93 00 00 01 00 00 10 07 24 0D 00 00 0E EB 
00 FF FF 00 10 0D 22 93 00 00 01 00 00 10 07 25 0D 00 00 0D BB 
00 FF FF 00 10 0D 22 93 00 00 01 00 00 10 07 26 0D 00 00 10 B6 
00 FF FF 00 10 0D 22 93 00 00 01 00 00 10 07 27 0D 00 00 0D 4C 
00 FF FF 00 10 0D 22 93 00 00 01 00 00 10 07 28 0D 00 00 0C 6F 
00 FF FF 00 10 0D 22 93 00 00 01 00 00 10 07 29 0D 00 00 0D A1 
00 FF FF 00 10 0D 22 93 00 00 01 00 00 10 07 2A 0D 00 00 08 62 
00 FF FF 00 10 0D 22 93 00 00 01 00 00 10 07 2B 0D 00 00 16 C5 
00 FF FF 00 10 0D 22 93 00 00 01 00 00 10 07 2C 0D 00 00 0D DA 
00 FF FF 00 10 0D 22 93 00 00 01 00 00 10 07 2D 0D 00 00 0D BF 
00 FF FF 00 10 0D 22 93 00 00 01 00 00 10 07 2E 0D 00 00 14 3B 
00 FF FF 00 10 0D 22 93 00 00 01 00 00 10 07 2F 0D 00 00 0D 48 
00 FF FF 00 10 0D 22 93 00 00 01 00 00 10 07 30 0D 00 00 08 DA 
00 FF FF 00 10 0D 22 93 00 00 01 00 00 10 07 31 0D 00 00 0F B3 
00 FF FF 00 10 0D 22 93 00 00 01 00 00 10 07 32 0D 00 00 09 86 
00 FF FF 00 10 0D 22 93 00 00 01 00 00 10 07 33 0D 00 00 0E CC 
00 FF FF 00 10 0D 22 93 00 00 01 00 00 10 07 34 0D 00 00 17 02 
00 FF FF 00 10 0D 22 93 00 00 01 00 00 10 07 35 0D 00 00 0A 43 
00 FF FF 00 10 0D 22 93 00 00 01 00 00 10 07 36 0D 00 00 0C E6 
00 FF FF 00 10 0D 22 93 00 00 01 00 00 10 07 37 0D 00 00 14 95 
00 FF FF 00 10 0D 22 93 00 00 01 00 00 10 07 38 0D 00 00 0D 33 
00 FF FF 00 10 0D 22 93 00 00 01 00 00 10 07 39 0D 00 00 12 3B 
00 FF FF 00 10 0D 22 93 00 00 01 00 00 10 07 3A 0D 00 00 0C 76 
00 FF FF 00 10 0D 22 93 00 00 01 00 00 10 07 3B 0D 00 00 1E 29 
00 FF FF 00 10 0D 22 93 00 00 01 00 00 10 07 3C 0D 00 00 0B 55 
00 FF FF 00 10 0D 22 93 00 00 01 00 00 10 07 3D 0D 00 00 1F DB 
00 FF FF 00 10 0D 22 93 00 00 01 00 00 10 07 3E 0D 00 00 0E D8 
00 FF FF 00 10 0D 22 93 00 00 01 00 00 10 07 3F 0D 00 00 0B 04 
00 FF FF 00 10 0D 22 93 00 00 01 00 00 10 07 40 0D 00 00 0F 57 
00 FF FF 00 10 0D 22 93 00 00 01 00 00 10 07 41 0D 00 00 0E 5E 
00 FF FF 00 10 0D 22 93 00 00 01 00 00 10 07 42 0D 00 00 0B 00 
00 FF FF 00 10 0D 22 93 00 00 01 00 00 10 07 43 0D 00 00 0C E9 
00 FF FF 00 10 0D 22 93 00 00 01 00 00 10 07 44 0D 00 00 14 12 
00 FF FF 00 10 0D 22 93 00 00 01 00 00 10 07 45 0D 00 00 09 DB 
00 FF FF 00 10 0D 22 93 00 00 01 00 00 10 07 46 0D 00 00 17 CD 
00 FF FF 00 10 0D 22 93 00 00 01 00 00 10 07 47 0D 00 00 0E 41 
00 FF FF 00 10 0D 22 93 00 00 01 00 00 10 07 48 0D 00 00 0F CC 
00 FF FF 00 10 0D 22 93 00 00 01 00 00 10 07 49 0D 00 00 08 B3 
00 FF FF 00 10 0D 22 93 00 00 01 00 00 10 07 4A 0D 00 00 0C 8F 
00 FF FF 00 10 0D 22 93 00 00 01 00 00 10 07 4B 0D 00 00 0C 2C 
00 FF FF 00 10 0D 22 93 00 00 01 00 00 10 07 4C 0D 00 00 0A F6 
00 FF FF 00 10 0D 22 93 00 00 01 00 00 10 07 4D 0D 00 00 20 11 
00 FF FF 00 10 0D 22 93 00 00 01 00 00 10 07 4E 0D 00 00 09 77 
00 FF FF 00 10 0D 22 93 00 00 01 00 00 10 07 4F 0D 00 00 19 6C 
00 FF FF 00 10 0D 22 93 00 00 01 00 00 10 07 50 0D 00 00 0E 32 
00 FF FF 00 10 0D 22 93 00 00 01 00 00 10 07 51 0D 00 00 14 3A 
00 FF FF 00 10 0D 22 93 00 00 01 00 00 10 07 52 0D 00 00 07 9A 
00 FF FF 00 10 0D 22 93 00 00 01 00 00 10 07 53 0D 00 00 0E 73 
00 FF FF 00 10 0D 22 93 00 00 01 00 00 10 07 54 0D 00 00 17 F9 
00 FF FF 00 10 0D 22 93 00 00 01 00 00 10 07 55 0D 00 00 0E 22 
00 FF FF 00 10 0D 22 93 00 00 01 00 00 10 07 56 0D 00 00 18 62 
00 FF FF 00 10 0D 22 93 00 00 01 00 00 10 07 57 0D 00 00 07 79 
00 FF FF 00 10 0D 22 93 00 00 01 00 00 10 07 58 0D 00 00 15 AF 
00 FF FF 00 10 0D 22 93 00 00 01 00 00 10 07 59 0D 00 00 0F 94 
00 FF FF 00 10 0D 22 93 00 00 01 00 00 10 07 5A 0D 00 00 0F F1 
00 FF FF 00 10 0D 22 93 00 00 01 00 00 10 07 5B 0D 00 00 0D 65 
00 FF FF 00 10 0D 22 93 00 00 01 00 00 10 07 5C 0D 00 00 0F 8E 
00 FF FF 00 10 0D 22 93 00 00 01 00 00 10 07 5D 0D 00 00 09 BE 
00 FF FF 00 10 0D 22 93 00 00 01 00 00 10 07 5E 0D 00 00 0E F2 
00 FF FF 00 10 0D 22 93 00 00 01 00 00 10 07 5F 0D 00 00 17 6B 
00 FF FF 00 10 0D 22 93 00 00 01 00 00 10 07 60 0D 00 00 09 DD 
00 FF FF 00 10 0D 22 93 00 00 01 00 00 10 07 61 0D 00 00 14 DF 
00 FF FF 00 10 0D 22 93 00 00 01 00 00 10 07 62 0D 00 00 0A 0E 
00 FF FF 00 10 0D 22 93 00 00 01 00 00 10 07 63 0D 00 00 0A C6 
00 FF FF 00 10 0D 22 93 00 00 01 00 00 10 07 64 0D 00 00 0C 32 
00 FF FF 00 10 0D 22 93 00 00 01 00 00 10 07 65 0D 00 00 12 53 
00 FF FF 00 10 0D 22 93 00 00 01 00 00 10 07 66 0D 00 00 1E C2 
00 FF FF 00 10 0D 22 93 00 00 01 00 00 10 07 67 0D 00 00 0E 28 
00 FF FF 00 10 0D 22 93 00 00 01 00 00 10 07 68 0D 00 00 08 E4 
00 FF FF 00 10 0D 22 93 00 00 01 00 00 10 07 69 0D 00 00 0C E2 
00 FF FF 00 10 0D 22 93 00 00 01 00 00 10 07 6A 0D 00 00 16 52 
00 FF FF 00 10 0D 22 93 00 00 01 00 00 10 07 6B 0D 00 00 0E 4C 
00 FF FF 00 10 0D 22 93 00 00 01 00 00 10 07 6C 0D 00 00 10 72 
00 FF FF 00 10 0D 22 93 00 00 01 00 00 10 07 6D 0D 00 00 0A 49 
00 FF FF 00 10 0D 22 93 00 00 01 00 00 10 07 6E 0D 00 00 0C 83 
00 FF FF 00 10 0D 22 93 00 00 01 00 00 10 07 6F 0D 00 00 15 2D 
00 FF FF 00 10 0D 22 93 00 00 01 00 00 10 07 70 0D 00 00 0A A0 
00 FF FF 00 10 0D 22 93 00 00 01 00 00 10 07 71 0D 00 00 1A 11 
00 FF FF 00 10 0D 22 93 00 00 01 00 00 10 07 72 0D 00 00 09 36 
00 FF FF 00 10 0D 22 93 00 00 01 00 00 10 07 73 0D 00 00 0D 1E 
00 FF FF 00 10 0D 22 93 00 00 01 00 00 10 07 74 0D 00 00 15 9F 
00 FF FF 00 10 0D 22 93 00 00 01 00 00 10 07 75 0D 00 00 12 95 
00 FF FF 00 10 0D 22 93 00 00 01 00 00 10 07 76 0D 00 00 05 5A 
00 FF FF 00 10 0D 22 93 00 00 01 00 00 10 07 77 0D 00 00 09 87 
00 FF FF 00 10 0D 22 93 00 00 01 00 00 10 07 78 0D 00 00 15 8A 
00 FF FF 00 10 0D 22 93 00 00 01 00 00 10 07 79 0D 00 00 03 E5 
00 FF FF 00 10 0D 22 93 00 00 01 00 00 10 07 7A 0D 00 00 16 95 
00 FF FF 00 10 0D 22 93 00 00 01 00 00 10 07 7B 0D 00 00 06 8D 
00 FF FF 00 10 0D 22 93 00 00 01 00 00 10 07 7C 0D 00 00 14 99 
00 FF FF 00 10 0D 22 93 00 00 01 00 00 10 07 7D 0D 00 00 0C 18 
00 FF FF 00 10 0D 22 93 00 00 01 00 00 10 07 7E 0D 00 00 0A 54 
00 FF FF 00 10 0D 22 93 00 00 01 00 00 10 07 7F 0D 00 00 05 6B 
00 FF FF 00 10 0D 22 93 00 00 01 00 00 10 07 80 0D 00 00 0D 63 
00 FF FF 00 10 0D 22 93 00 00 01 00 00 10 07 81 0D 00 00 0B B5 
00 FF FF 00 10 0D 22 93 00 00 01 00 00 10 07 82 0D 00 00 0D 4C 
00 FF FF 00 10 0D 22 93 00 00 01 00 00 10 07 83 0D 00 00 0D A2 
00 FF FF 00 10 0D 22 93 00 00 01 00 00 10 07 84 0D 00 00 0B E9 
00 FF FF 00 10 0D 22 93 00 00 01 00 00 10 07 85 0D 00 00 0D 3F 
00 FF FF 00 10 0D 22 93 00 00 01 00 00 10 07 86 0D 00 00 0A 52 
00 FF FF 00 10 0D 22 93 00 00 01 00 00 10 07 87 0D 00 00 14 48 
00 FF FF 00 10 0D 22 93 00 00 01 00 00 10 07 88 0D 00 00 04 A4 
00 FF FF 00 10 0D 22 93 00 00 01 00 00 10 07 89 0D 00 00 08 AB 
00 FF FF 00 10 0D 22 93 00 00 01 00 00 10 07 8A 0D 00 00 06 BA 
00 FF FF 00 10 0D 22 93 00 00 01 00 00 10 07 8B 0D 00 00 0F 52 
00 FF FF 00 10 0D 22 93 00 00 01 00 00 10 07 8C 0D 00 00 1A 61 
00 FF FF 00 10 0D 22 93 00 00 01 00 00 10 07 8D 0D 00 00 0C 9B 
00 FF FF 00 10 0D 22 93 00 00 01 00 00 10 07 8E 0D 00 00 03 81 
00 FF FF 00 10 0D 22 93 00 00 01 00 00 10 07 8F 0D 00 00 07 60 
00 FF FF 00 10 0D 22 93 00 00 01 00 00 10 07 90 0D 00 00 14 1C 
00 FF FF 00 10 0D 22 93 00 00 01 00 00 10 07 91 0D 00 00 17 2D 
00 FF FF 00 10 0D 22 93 00 00 01 00 00 10 07 92 0D 00 00 10 20 
00 FF FF 00 10 0D 22 93 00 00 01 00 00 10 07 93 0D 00 00 0A B3 
00 FF FF 00 10 0D 22 93 00 00 01 00 00 10 07 94 0D 00 00 0E 9E 
00 FF FF 00 10 0D 22 93 00 00 01 00 00 10 07 95 0D 00 00 11 21 
00 FF FF 00 10 0D 22 93 00 00 01 00 00 10 07 96 0D 00 00 19 38 
00 FF FF 00 10 0D 22 93 00 00 01 00 00 10 07 97 0D 00 00 0D E4 
00 FF FF 00 10 0D 22 93 00 00 01 00 00 10 07 98 0D 00 00 0F 18 
00 FF FF 00 10 0D 22 93 00 00 01 00 00 10 07 99 0D 00 00 0A 7B 
00 FF FF 00 10 0D 22 93 00 00 01 00 00 10 07 9A 0D 00 00 11 25 
00 FF FF 00 10 0D 22 93 00 00 01 00 00 10 07 9B 0D 00 00 10 55 
00 FF FF 00 10 0D 22 93 00 00 01 00 00 10 07 9C 0D 00 00 0E 6A 
00 FF FF 00 10 0D 22 93 00 00 01 00 00 10 07 9D 0D 00 00 0B 30 
00 FF FF 00 10 0D 22 93 00 00 01 00 00 10 07 9E 0D 00 00 15 F8 
00 FF FF 00 10 0D 22 93 00 00 01 00 00 10 07 9F 0D 00 00 14 3E 
00 FF FF 00 10 0D 22 93 00 00 01 00 00 10 07 A0 0D 00 00 0C D0 
00 FF FF 00 10 0D 22 93 00 00 01 00 00 10 07 A1 0D 00 00 10 08 
00 FF FF 00 10 0D 22 93 00 00 01 00 00 10 07 A2 0D 00 00 16 2F 
00 FF FF 00 10 0D 22 93 00 00 01 00 00 10 07 A3 0D 00 00 1C 32 
00 FF FF 00 10 0D 22 93 00 00 01 00 00 10 07 A4 0D 00 00 0C FB 
00 FF FF 00 10 0D 22 93 00 00 01 00 00 10 07 A5 0D 00 00 0D 97 
00 FF FF 00 10 0D 22 93 00 00 01 00 00 10 07 A6 0D 00 00 08 C6 
00 FF FF 00 10 0D 22 93 00 00 01 00 00 10 07 A7 0D 00 00 0B 24 
00 FF FF 00 10 0D 22 93 00 00 01 00 00 10 07 A8 0D 00 00 19 62 
00 FF FF 00 10 0D 22 93 00 00 01 00 00 10 07 A9 0D 00 00 0B C8 
00 FF FF 00 10 0D 22 93 00 00 01 00 00 10 07 AA 0D 00 00 1E E5 
00 FF FF 00 10 0D 22 93 00 00 01 00 00 10 07 AB 0D 00 00 15 F1 
00 FF FF 00 10 0D 22 93 00 00 01 00 00 10 07 AC 0D 00 00 1A 31 
00 FF FF 00 10 0D 22 93 00 00 01 00 00 10 07 AD 0D 00 00 08 94 
00 FF FF 00 10 0D 22 93 00 00 01 00 00 10 07 AE 0D 00 00 09 51 
00 FF FF 00 10 0D 22 93 00 00 01 00 00 10 07 AF 0D 00 00 0D 3E 
00 FF FF 00 10 0D 22 93 00 00 01 00 00 10 07 B0 0D 00 00 19 CC 
00 FF FF 00 10 0D 22 93 00 00 01 00 00 10 07 B1 0D 00 00 14 7F 
00 FF FF 00 10 0D 22 93 00 00 01 00 00 10 07 B2 0D 00 00 0C 1F 
00 FF FF 00 10 0D 22 93 00 00 01 00 00 10 07 B3 0D 00 00 1E CD 
00 FF FF 00 10 0D 22 93 00 00 01 00 00 10 07 B4 0D 00 00 13 22 
00 FF FF 00 10 0D 22 93 00 00 01 00 00 10 07 B5 0D 00 00 14 6D 
00 FF FF 00 10 0D 22 93 00 00 01 00 00 10 07 B6 0D 00 00 0A F1 
00 FF FF 00 10 0D 22 93 00 00 01 00 00 10 07 B7 0D 00 00 17 CD 
00 FF FF 00 10 0D 22 93 00 00 01 00 00 10 07 B8 0D 00 00 07 9E 
00 FF FF 00 10 0D 22 93 00 00 01 00 00 10 07 B9 0D 00 00 1B AF 
00 FF FF 00 10 0D 22 93 00 00 01 00 00 10 07 BA 0D 00 00 18 17 
00 FF FF 00 10 0D 22 93 00 00 01 00 00 10 07 BB 0D 00 00 05 C1 
00 FF FF 00 10 0D 22 93 00 00 01 00 00 10 07 BC 0D 00 00 18 8E 
00 FF FF 00 10 0D 22 93 00 00 01 00 00 10 07 BD 0D 00 00 0A 12 
00 FF FF 00 10 0D 22 93 00 00 01 00 00 10 07 BE 0D 00 00 12 C0 
00 FF FF 00 10 0D 22 93 00 00 01 00 00 10 07 BF 0D 00 00 0B 3E 
00 FF FF 00 10 0D 22 93 00 00 01 00 00 10 07 C0 0D 00 00 1A D5 
00 FF FF 00 10 0D 22 93 00 00 01 00 00 10 07 C1 0D 00 00 0C 06 
00 FF FF 00 10 0D 22 93 00 00 01 00 00 10 07 C2 0D 00 00 19 F6 
00 FF FF 00 10 0D 22 93 00 00 01 00 00 10 07 C3 0D 00 00 0B 1D 
00 FF FF 00 10 0D 22 93 00 00 01 00 00 10 07 C4 0D 00 00 0A 5F 
00 FF FF 00 10 0D 22 93 00 00 01 00 00 10 07 C5 0D 00 00 1A C8 
00 FF FF 00 10 0D 22 93 00 00 01 00 00 10 07 C6 0D 00 00 03 F5 
00 FF FF 00 10 0D 22 93 00 00 01 00 00 10 07 C7 0D 00 00 0E A5 
00 FF FF 00 10 0D 22 93 00 00 01 00 00 10 07 C8 0D 00 00 08 B2 
00 FF FF 00 10 0D 22 93 00 00 01 00 00 10 07 C9 0D 00 00 09 69 
00 FF FF 00 10 0D 22 93 00 00 01 00 00 10 07 CA 0D 00 00 05 69 
00 FF FF 00 10 0D 22 93 00 00 01 00 00 10 07 CB 0D 00 00 0E 6A 
00 FF FF 00 10 0D 22 93 00 00 01 00 00 10 07 CC 0D 00 00 05 AD 
00 FF FF 00 10 0D 22 93 00 00 01 00 00 10 07 CD 0D 00 00 0A A1 
00 FF FF 00 10 0D 22 93 00 00 01 00 00 10 07 CE 0D 00 00 0D E5 
00 FF FF 00 10 0D 22 93 00 00 01 00 00 10 07 CF 0D 00 00 06 87 
00 FF FF 00 10 0D 22 93 00 00 01 00 00 10 07 D0 0D 00 00 14 CB 
00 FF FF 00 10 0D 22 93 00 00 01 00 00 10 07 D1 0D 00 00 07 95 
00 FF FF 00 10 0D 22 93 00 00 01 00 00 10 07 D2 0D 00 00 15 5B 
00 FF FF 00 10 0D 22 93 00 00 01 00 00 10 07 D3 0D 00 00 09 45 
00 FF FF 00 10 0D 22 93 00 00 01 00 00 10 07 D4 0D 00 00 1E E8 
00 FF FF 00 10 0D 22 93 00 00 01 00 00 10 07 D5 0D 00 00 18 B1 
00 FF FF 00 10 0D 22 93 00 00 01 00 00 10 07 D6 0D 00 00 09 3A 
00 FF FF 00 10 0D 22 93 00 00 01 00 00 10 07 D7 0D 00 00 0F 19 
00 FF FF 00 10 0D 22 93 00 00 01 00 00 10 07 D8 0D 00 00 09 46 
00 FF FF 00 10 0D 22 93 00 00 01 00 00 10 07 D9 0D 00 00 1B EE 
00 FF FF 00 10 0D 22 93 00 00 01 00 00 10 07 DA 0D 00 00 16 8A 
00 FF FF 00 10 0D 22 93 00 00 01 00 00 10 07 DB 0D 00 00 1B EA 
00 FF FF 00 10 0D 22 93 00 00 01 00 00 10 07 DC 0D 00 00 0C 31 
00 FF FF 00 10 0D 22 93 00 00 01 00 00 10 07 DD 0D 00 00 22 32 
00 FF FF 00 10 0D 22 93 00 00 01 00 00 10 07 DE 0D 00 00 1E DB 
00 FF FF 00 10 0D 22 93 00 00 01 00 00 10 07 DF 0D 00 00 19 41 
00 FF FF 00 10 0D 22 93 00 00 01 00 00 10 07 E0 0D 00 00 19 64 
00 FF FF 00 10 0D 22 93 00 00 01 00 00 10 07 E1 0D 00 00 0B CC 
00 FF FF 00 10 0D 22 93 00 00 01 00 00 10 07 E2 0D 00 00 18 7D 
00 FF FF 00 10 0D 22 93 00 00 01 00 00 10 07 E3 0D 00 00 0E 7B 
00 FF FF 00 10 0D 22 93 00 00 01 00 00 10 07 E4 0D 00 00 04 7E 
00 FF FF 00 10 0D 22 93 00 00 01 00 00 10 07 E5 0D 00 00 0B 4E 
00 FF FF 00 10 0D 22 93 00 00 01 00 00 10 07 E6 0D 00 00 22 F2 
00 FF FF 00 10 0D 22 93 00 00 01 00 00 10 07 E7 0D 00 00 16 F2 
00 FF FF 00 10 0D 22 93 00 00 01 00 00 10 07 E8 0D 00 00 16 5E 
00 FF FF 00 10 0D 22 93 00 00 01 00 00 10 07 E9 0D 00 00 15 8D 
00 FF FF 00 10 0D 22 93 00 00 01 00 00 10 07 EA 0D 00 00 0F 9F 
00 FF FF 00 10 0D 22 93 00 00 01 00 00 10 07 EB 0D 00 00 15 71 
00 FF FF 00 10 0D 22 93 00 00 01 00 00 10 07 EC 0D 00 00 13 9D 
00 FF FF 00 10 0D 22 93 00 00 01 00 00 10 07 ED 0D 00 00 0F C7 
00 FF FF 00 10 0D 22 93 00 00 01 00 00 10 07 EE 0D 00 00 05 0A 
00 FF FF 00 10 0D 22 93 00 00 01 00 00 10 07 EF 0D 00 00 21 B3 
00 FF FF 00 10 0D 22 93 00 00 01 00 00 10 07 F0 0D 00 00 15 45 
00 FF FF 00 10 0D 22 93 00 00 01 00 00 10 07 F1 0D 00 00 13 EE 
00 FF FF 00 10 0D 22 93 00 00 01 00 00 10 07 F2 0D 00 00 04 F2 
00 FF FF 00 10 0D 22 93 00 00 01 00 00 10 07 F3 0D 00 00 0B 19 
00 FF FF 00 10 0D 22 93 00 00 01 00 00 10 07 F4 0D 00 00 16 62 
00 FF FF 00 10 0D 22 93 00 00 01 00 00 10 07 F5 0D 00 00 13 CF 
00 FF FF 00 10 0D 22 93 00 00 01 00 00 10 07 F6 0D 00 00 19 E5 
00 FF FF 00 10 0D 22 93 00 00 01 00 00 10 07 F7 0D 00 00 06 64 
00 FF FF 00 10 0D 22 93 00 00 01 00 00 10 07 F8 0D 00 00 17 9F 
00 FF FF 00 10 0D 22 93 00 00 01 00 00 10 07 F9 0D 00 00 09 8B 
00 FF FF 00 10 0D 22 93 00 00 01 00 00 10 07 FA 0D 00 00 13 00 
00 FF FF 00 10 0D 22 93 00 00 01 00 00 10 07 FB 0D 00 00 0F 5E 
00 FF FF 00 10 0D 22 93 00 00 01 00 00 10 07 FC 0D 00 00 13 33 
00 FF FF 00 10 0D 22 93 00 00 01 00 00 10 07 FD 0D 00 00 14 DF 
00 FF FF 00 10 0D 22 93 00 00 01 00 00 10 07 FE 0D 00 00 07 CF 
00 FF FF 00 10 0D 22 93 00 00 01 00 00 10 07 FF 0D 00 00 27 39 
00 FF FF 00 10 0D 22 93 00 00 01 00 00 10 08 00 0D 00 00 0F 5F 
00 FF FF 00 10 0D 22 93 00 00 01 00 00 10 08 01 0D 00 00 1C A6 
00 FF FF 00 10 0D 22 93 00 00 01 00 00 10 08 02 0D 00 00 00 EA 
00 FF FF 00 10 0D 22 93 00 00 01 00 00 10 08 03 0D 00 00 11 87 
00 FF FF 00 10 0D 22 93 00 00 01 00 00 10 08 04 0D 00 00 07 31 
00 FF FF 00 10 0D 22 93 00 00 01 00 00 10 08 05 0D 00 00 15 05 
00 FF FF 00 10 0D 22 93 00 00 01 00 00 10 08 06 0D 00 00 0E 6B 
00 FF FF 00 10 0D 22 93 00 00 01 00 00 10 08 07 0D 00 00 14 57 
00 FF FF 00 10 0D 22 93 00 00 01 00 00 10 08 08 0D 00 00 0C E3 
00 FF FF 00 10 0D 22 93 00 00 01 00 00 10 08 09 0D 00 00 10 76 
00 FF FF 00 10 0D 22 93 00 00 01 00 00 10 08 0A 0D 00 00 0C 96 
00 FF FF 00 10 0D 22 93 00 00 01 00 00 10 08 0B 0D 00 00 0B 9A 
00 FF FF 00 10 0D 22 93 00 00 01 00 00 10 08 0C 0D 00 00 11 1B 
00 FF FF 00 10 0D 22 93 00 00 01 00 00 10 08 0D 0D 00 00 11 77 
00 FF FF 00 10 0D 22 93 00 00 01 00 00 10 08 0E 0D 00 00 09 23 
00 FF FF 00 10 0D 22 93 00 00 01 00 00 10 08 0F 0D 00 00 07 35 
00 FF FF 00 10 0D 22 93 00 00 01 00 00 10 08 10 0D 00 00 18 4F 
00 FF FF 00 10 0D 22 93 00 00 01 00 00 10 08 11 0D 00 00 12 A2 
00 FF FF 00 10 0D 22 93 00 00 01 00 00 10 08 12 0D 00 00 12 81 
00 FF FF 00 10 0D 22 93 00 00 01 00 00 10 08 13 0D 00 00 10 63 
00 FF FF 00 10 0D 22 93 00 00 01 00 00 10 08 14 0D 00 00 0C 1E 
00 FF FF 00 10 0D 22 93 00 00 01 00 00 10 08 15 0D 00 00 0A 22 
00 FF FF 00 10 0D 22 93 00 00 01 00 00 10 08 16 0D 00 00 07 0D 
00 FF FF 00 10 0D 22 93 00 00 01 00 00 10 08 17 0D 00 00 0A F7 
00 FF FF 00 10 0D 22 93 00 00 01 00 00 10 08 18 0D 00 00 0F 88 
00 FF FF 00 10 0D 22 93 00 00 01 00 00 10 08 19 0D 00 00 1E 2E 
00 FF FF 00 10 0D 22 93 00 00 01 00 00 10 08 1A 0D 00 00 00 A1 
00 FF FF 00 10 0D 22 93 00 00 01 00 00 10 08 1B 0D 00 00 0B 70 
00 FF FF 00 10 0D 22 93 00 00 01 00 00 10 08 1C 0D 00 00 0E D7 
00 FF FF 00 10 0D 22 93 00 00 01 00 00 10 08 1D 0D 00 00 0F 3C 
00 FF FF 00 10 0D 22 93 00 00 01 00 00 10 08 1E 0D 00 00 0A 2F 
00 FF FF 00 10 0D 22 93 00 00 01 00 00 10 08 1F 0D 00 00 18 B2 
00 FF FF 00 10 0D 22 93 00 00 01 00 00 10 08 20 0D 00 00 16 EF 
00 FF FF 00 10 0D 22 93 00 00 01 00 00 10 08 21 0D 00 00 07 63 
00 FF FF 00 10 0D 22 93 00 00 01 00 00 10 08 22 0D 00 00 1C D7 
00 FF FF 00 10 0D 22 93 00 00 01 00 00 10 08 23 0D 00 00 17 15 
00 FF FF 00 10 0D 22 93 00 00 01 00 00 10 08 24 0D 00 00 17 4C 
00 FF FF 00 10 0D 22 93 00 00 01 00 00 10 08 25 0D 00 00 0C C8 
00 FF FF 00 10 0D 22 93 00 00 01 00 00 10 08 26 0D 00 00 07 FD 
00 FF FF 00 10 0D 22 93 00 00 01 00 00 10 08 27 0D 00 00 05 83 
00 FF FF 00 10 0D 22 93 00 00 01 00 00 10 08 28 0D 00 00 0B EA 
00 FF FF 00 10 0D 22 93 00 00 01 00 00 10 08 29 0D 00 00 0A 4F 
00 FF FF 00 10 0D 22 93 00 00 01 00 00 10 08 2A 0D 00 00 06 9B 
00 FF FF 00 10 0D 22 93 00 00 01 00 00 10 08 2B 0D 00 00 1F 03 
00 FF FF 00 10 0D 22 93 00 00 01 00 00 10 08 2C 0D 00 00 09 65 
00 FF FF 00 10 0D 22 93 00 00 01 00 00 10 08 2D 0D 00 00 19 E1 
00 FF FF 00 10 0D 22 93 00 00 01 00 00 10 08 2E 0D 00 00 0A D8 
00 FF FF 00 10 0D 22 93 00 00 01 00 00 10 08 2F 0D 00 00 1A 7A 
00 FF FF 00 10 0D 22 93 00 00 01 00 00 10 08 30 0D 00 00 09 EC 
00 FF FF 00 10 0D 22 93 00 00 01 00 00 10 08 31 0D 00 00 23 5D 
00 FF FF 00 10 0D 22 93 00 00 01 00 00 10 08 32 0D 00 00 10 8C 
00 FF FF 00 10 0D 22 93 00 00 01 00 00 10 08 33 0D 00 00 13 92 
00 FF FF 00 10 0D 22 93 00 00 01 00 00 10 08 34 0D 00 00 0D 94 
00 FF FF 00 10 0D 22 93 00 00 01 00 00 10 08 35 0D 00 00 09 C4 
00 FF FF 00 10 0D 22 93 00 00 01 00 00 10 08 36 0D 00 00 11 93 
00 FF FF 00 10 0D 22 93 00 00 01 00 00 10 08 37 0D 00 00 0D BF 
00 FF FF 00 10 0D 22 93 00 00 01 00 00 10 08 38 0D 00 00 10 FD 
00 FF FF 00 10 0D 22 93 00 00 01 00 00 10 08 39 0D 00 00 0B 9F 
00 FF FF 00 10 0D 22 93 00 00 01 00 00 10 08 3A 0D 00 00 0F E0 
00 FF FF 00 10 0D 22 93 00 00 01 00 00 10 08 3B 0D 00 00 15 41 
00 FF FF 00 10 0D 22 93 00 00 01 00 00 10 08 3C 0D 00 00 05 8B 
00 FF FF 00 10 0D 22 93 00 00 01 00 00 10 08 3D 0D 00 00 15 FD 
00 FF FF 00 10 0D 22 93 00 00 01 00 00 10 08 3E 0D 00 00 08 CA 
00 FF FF 00 10 0D 22 93 00 00 01 00 00 10 08 3F 0D 00 00 12 5E 
00 FF FF 00 10 0D 22 93 00 00 01 00 00 10 08 40 0D 00 00 0F 02 
00 FF FF 00 10 0D 22 93 00 00 01 00 00 10 08 41 0D 00 00 1B 2A 
00 FF FF 00 10 0D 22 93 00 00 01 00 00 10 08 42 0D 00 00 06 80 
00 FF FF 00 10 0D 22 93 00 00 01 00 00 10 08 43 0D 00 00 21 76 
00 FF FF 00 10 0D 22 93 00 00 01 00 00 10 08 44 0D 00 00 0B FD 
00 FF FF 00 10 0D 22 93 00 00 01 00 00 10 08 45 0D 00 00 0B 50 
00 FF FF 00 10 0D 22 93 00 00 01 00 00 10 08 46 0D 00 00 0D 9A 
00 FF FF 00 10 0D 22 93 00 00 01 00 00 10 08 47 0D 00 00 0D A8 
00 FF FF 00 10 0D 22 93 00 00 01 00 00 10 08 48 0D 00 00 0D 9D 
00 FF FF 00 10 0D 22 93 00 00 01 00 00 10 08 49 0D 00 00 0E 3E 
00 FF FF 00 10 0D 22 93 00 00 01 00 00 10 08 4A 0D 00 00 22 E3 
00 FF FF 00 10 0D 22 93 00 00 01 00 00 10 08 4B 0D 00 00 06 BD 
00 FF FF 00 10 0D 22 93 00 00 01 00 00 10 08 4C 0D 00 00 12 1E 
00 FF FF 00 10 0D 22 93 00 00 01 00 00 10 08 4D 0D 00 00 0E B1 
00 FF FF 00 10 0D 22 93 00 00 01 00 00 10 08 4E 0D 00 00 11 96 
00 FF FF 00 10 0D 22 93 00 00 01 00 00 10 08 4F 0D 00 00 13 0A 
00 FF FF 00 10 0D 22 93 00 00 01 00 00 10 08 50 0D 00 00 07 09 
00 FF FF 00 10 0D 22 93 00 00 01 00 00 10 08 51 0D 00 00 19 C3 
00 FF FF 00 10 0D 22 93 00 00 01 00 00 10 08 52 0D 00 00 09 97 
00 FF FF 00 10 0D 22 93 00 00 01 00 00 10 08 53 0D 00 00 28 A4 
00 FF FF 00 10 0D 22 93 00 00 01 00 00 10 08 54 0D 00 00 0A E7 
00 FF FF 00 10 0D 22 93 00 00 01 00 00 10 08 55 0D 00 00 21 89 
00 FF FF 00 10 0D 22 93 00 00 01 00 00 10 08 56 0D 00 00 13 89 
00 FF FF 00 10 0D 22 93 00 00 01 00 00 10 08 57 0D 00 00 12 2B 
00 FF FF 00 10 0D 22 93 00 00 01 00 00 10 08 58 0D 00 00 13 2B 
00 FF FF 00 10 0D 22 93 00 00 01 00 00 10 08 59 0D 00 00 0B 2D 
00 FF FF 00 10 0D 22 93 00 00 01 00 00 10 08 5A 0D 00 00 0E 97 
00 FF FF 00 10 0D 22 93 00 00 01 00 00 10 08 5B 0D 00 00 0A 31 
00 FF FF 00 10 0D 22 93 00 00 01 00 00 10 08 5C 0D 00 00 0D CC 
00 FF FF 00 10 0D 22 93 00 00 01 00 00 10 08 5D 0D 00 00 0A 00 
00 FF FF 00 10 0D 22 93 00 00 01 00 00 10 08 5E 0D 00 00 15 7D 
00 FF FF 00 10 0D 22 93 00 00 01 00 00 10 08 5F 0D 00 00 11 32 
00 FF FF 00 10 0D 22 93 00 00 01 00 00 10 08 60 0D 00 00 18 EB 
00 FF FF 00 10 0D 22 93 00 00 01 00 00 10 08 61 0D 00 00 13 1D 
00 FF FF 00 10 0D 22 93 00 00 01 00 00 10 08 62 0D 00 00 0D AC 
00 FF FF 00 10 0D 22 93 00 00 01 00 00 10 08 63 0D 00 00 14 37 
00 FF FF 00 10 0D 22 93 00 00 01 00 00 10 08 64 0D 00 00 10 37 
00 FF FF 00 10 0D 22 93 00 00 01 00 00 10 08 65 0D 00 00 21 62 
00 FF FF 00 10 0D 22 93 00 00 01 00 00 10 08 66 0D 00 00 0F 90 
00 FF FF 00 10 0D 22 93 00 00 01 00 00 10 08 67 0D 00 00 0D A3 
00 FF FF 00 10 0D 22 93 00 00 01 00 00 10 08 68 0D 00 00 0E 4A 
00 FF FF 00 10 0D 22 93 00 00 01 00 00 10 08 69 0D 00 00 0C 73 
00 FF FF 00 10 0D 22 93 00 00 01 00 00 10 08 6A 0D 00 00 11 65 
00 FF FF 00 10 0D 22 93 00 00 01 00 00 10 08 6B 0D 00 00 0F 47 
00 FF FF 00 10 0D 22 93 00 00 01 00 00 10 08 6C 0D 00 00 0B 9F 
00 FF FF 00 10 0D 22 93 00 00 01 00 00 10 08 6D 0D 00 00 04 AE 
00 FF FF 00 10 0D 22 93 00 00 01 00 00 10 08 6E 0D 00 00 12 EA 
00 FF FF 00 10 0D 22 93 00 00 01 00 00 10 08 6F 0D 00 00 0D C0 
00 FF FF 00 10 0D 22 93 00 00 01 00 00 10 08 70 0D 00 00 13 59 
00 FF FF 00 10 0D 22 93 00 00 01 00 00 10 08 71 0D 00 00 0B F0 
00 FF FF 00 10 0D 22 93 00 00 01 00 00 10 08 72 0D 00 00 12 70 
00 FF FF 00 10 0D 22 93 00 00 01 00 00 10 08 73 0D 00 00 14 C7 
00 FF FF 00 10 0D 22 93 00 00 01 00 00 10 08 74 0D 00 00 09 4E 
00 FF FF 00 10 0D 22 93 00 00 01 00 00 10 08 75 0D 00 00 12 BA 
00 FF FF 00 10 0D 22 93 00 00 01 00 00 10 08 76 0D 00 00 07 E6 
00 FF FF 00 10 0D 22 93 00 00 01 00 00 10 08 77 0D 00 00 0E 4F 
00 FF FF 00 10 0D 22 93 00 00 01 00 00 10 08 78 0D 00 00 13 2E 
00 FF FF 00 10 0D 22 93 00 00 01 00 00 10 08 79 0D 00 00 0B 88 
00 FF FF 00 10 0D 22 93 00 00 01 00 00 10 08 7A 0D 00 00 0C 10 
00 FF FF 00 10 0D 22 93 00 00 01 00 00 10 08 7B 0D 00 00 10 B7 
00 FF FF 00 10 0D 22 93 00 00 01 00 00 10 08 7C 0D 00 00 11 BA 
00 FF FF 00 10 0D 22 93 00 00 01 00 00 10 08 7D 0D 00 00 0E 71 
00 FF FF 00 10 0D 22 93 00 00 01 00 00 10 08 7E 0D 00 00 0E 5E 
00 FF FF 00 10 0D 22 93 00 00 01 00 00 10 08 7F 0D 00 00 11 A8 
00 FF FF 00 10 0D 22 93 00 00 01 00 00 10 08 80 0D 00 00 0E 6A 
00 FF FF 00 10 0D 22 93 00 00 01 00 00 10 08 81 0D 00 00 11 F3 
00 FF FF 00 10 0D 22 93 00 00 01 00 00 10 08 82 0D 00 00 19 4C 
00 FF FF 00 10 0D 22 93 00 00 01 00 00 10 08 83 0D 00 00 0A 65 
00 FF FF 00 10 0D 22 93 00 00 01 00 00 10 08 84 0D 00 00 09 46 
00 FF FF 00 10 0D 22 93 00 00 01 00 00 10 08 85 0D 00 00 0B EC 
00 FF FF 00 10 0D 22 93 00 00 01 00 00 10 08 86 0D 00 00 0D 2E 
00 FF FF 00 10 0D 22 93 00 00 01 00 00 10 08 87 0D 00 00 0D 0C 
00 FF FF 00 10 0D 22 93 00 00 01 00 00 10 08 88 0D 00 00 0B CE 
00 FF FF 00 10 0D 22 93 00 00 01 00 00 10 08 89 0D 00 00 0E CE 
00 FF FF 00 10 0D 22 93 00 00 01 00 00 10 08 8A 0D 00 00 0C BC 
00 FF FF 00 10 0D 22 93 00 00 01 00 00 10 08 8B 0D 00 00 16 89 
00 FF FF 00 10 0D 22 93 00 00 01 00 00 10 08 8C 0D 00 00 0A 21 
00 FF FF 00 10 0D 22 93 00 00 01 00 00 10 08 8D 0D 00 00 08 5F 
00 FF FF 00 10 0D 22 93 00 00 01 00 00 10 08 8E 0D 00 00 0D AC 
00 FF FF 00 10 0D 22 93 00 00 01 00 00 10 08 8F 0D 00 00 0C 6C 
00 FF FF 00 10 0D 22 93 00 00 01 00 00 10 08 90 0D 00 00 0E AE 
00 FF FF 00 10 0D 22 93 00 00 01 00 00 10 08 91 0D 00 00 10 67 
00 FF FF 00 10 0D 22 93 00 00 01 00 00 10 08 92 0D 00 00 0B DF 
00 FF FF 00 10 0D 22 93 00 00 01 00 00 10 08 93 0D 00 00 12 3A 
00 FF FF 00 10 0D 22 93 00 00 01 00 00 10 08 94 0D 00 00 0F 61 
00 FF FF 00 10 0D 22 93 00 00 01 00 00 10 08 95 0D 00 00 0A C0 
00 FF FF 00 10 0D 22 93 00 00 01 00 00 10 08 96 0D 00 00 01 42 
00 FF FF 00 10 0D 22 93 00 00 01 00 00 10 08 97 0D 00 00 15 53 
00 FF FF 00 10 0D 22 93 00 00 01 00 00 10 08 98 0D 00 00 0E 4C 
00 FF FF 00 10 0D 22 93 00 00 01 00 00 10 08 99 0D 00 00 0F AC 
00 FF FF 00 10 0D 22 93 00 00 01 00 00 10 08 9A 0D 00 00 0F F9 
00 FF FF 00 10 0D 22 93 00 00 01 00 00 10 08 9B 0D 00 00 11 CD 
00 FF FF 00 10 0D 22 93 00 00 01 00 00 10 08 9C 0D 00 00 02 B4 
00 FF FF 00 10 0D 22 93 00 00 01 00 00 10 08 9D 0D 00 00 0E 8B 
00 FF FF 00 10 0D 22 93 00 00 01 00 00 10 08 9E 0D 00 00 0C 13 
00 FF FF 00 10 0D 22 93 00 00 01 00 00 10 08 9F 0D 00 00 08 1F 
00 FF FF 00 10 0D 22 93 00 00 01 00 00 10 08 A0 0D 00 00 0F 81 
00 FF FF 00 10 0D 22 93 00 00 01 00 00 10 08 A1 0D 00 00 0E 72 
00 FF FF 00 10 0D 22 93 00 00 01 00 00 10 08 A2 0D 00 00 0F 00 
00 FF FF 00 10 0D 22 93 00 00 01 00 00 10 08 A3 0D 00 00 0A EC 
00 FF FF 00 10 0D 22 93 00 00 01 00 00 10 08 A4 0D 00 00 0A 05 
00 FF FF 00 10 0D 22 93 00 00 01 00 00 10 08 A5 0D 00 00 14 20 
00 FF FF 00 10 0D 22 93 00 00 01 00 00 10 08 A6 0D 00 00 0C A4 
00 FF FF 00 10 0D 22 93 00 00 01 00 00 10 08 A7 0D 00 00 0F 72 
00 FF FF 00 10 0D 22 93 00 00 01 00 00 10 08 A8 0D 00 00 08 00 
00 FF FF 00 10 0D 22 93 00 00 01 00 00 10 08 A9 0D 00 00 20 90 
00 FF FF 00 10 0D 22 93 00 00 01 00 00 10 08 AA 0D 00 00 0E 63 
00 FF FF 00 10 0D 22 93 00 00 01 00 00 10 08 AB 0D 00 00 15 1B 
00 FF FF 00 10 0D 22 93 00 00 01 00 00 10 08 AC 0D 00 00 0E 66 
00 FF FF 00 10 0D 22 93 00 00 01 00 00 10 08 AD 0D 00 00 0C 8B 
00 FF FF 00 10 0D 22 93 00 00 01 00 00 10 08 AE 0D 00 00 0C F4 
00 FF FF 00 10 0D 22 93 00 00 01 00 00 10 08 AF 0D 00 00 0C 3E 
00 FF FF 00 10 0D 22 93 00 00 01 00 00 10 08 B0 0D 00 00 1F 5B 
00 FF FF 00 10 0D 22 93 00 00 01 00 00 10 08 B1 0D 00 00 07 EE 
00 FF FF 00 10 0D 22 93 00 00 01 00 00 10 08 B2 0D 00 00 0F 7B 
00 FF FF 00 10 0D 22 93 00 00 01 00 00 10 08 B3 0D 00 00 0A 9E 
00 FF FF 00 10 0D 22 93 00 00 01 00 00 10 08 B4 0D 00 00 0C 0C 
00 FF FF 00 10 0D 22 93 00 00 01 00 00 10 08 B5 0D 00 00 0F 1F 
00 FF FF 00 10 0D 22 93 00 00 01 00 00 10 08 B6 0D 00 00 08 28 
00 FF FF 00 10 0D 22 93 00 00 01 00 00 10 08 B7 0D 00 00 16 FD 
00 FF FF 00 10 0D 22 93 00 00 01 00 00 10 08 B8 0D 00 00 09 14 
00 FF FF 00 10 0D 22 93 00 00 01 00 00 10 08 B9 0D 00 00 0F 83 
00 FF FF 00 10 0D 22 93 00 00 01 00 00 10 08 BA 0D 00 00 05 06 
00 FF FF 00 10 0D 22 93 00 00 01 00 00 10 08 BB 0D 00 00 14 DE 
00 FF FF 00 10 0D 22 93 00 00 01 00 00 10 08 BC 0D 00 00 0B 75 
00 FF FF 00 10 0D 22 93 00 00 01 00 00 10 08 BD 0D 00 00 12 D8 
00 FF FF 00 10 0D 22 93 00 00 01 00 00 10 08 BE 0D 00 00 0D 74 
00 FF FF 00 10 0D 22 93 00 00 01 00 00 10 08 BF 0D 00 00 0C 91 
00 FF FF 00 10 0D 22 93 00 00 01 00 00 10 08 C0 0D 00 00 05 34 
00 FF FF 00 10 0D 22 93 00 00 01 00 00 10 08 C1 0D 00 00 0C 90 
00 FF FF 00 10 0D 22 93 00 00 01 00 00 10 08 C2 0D 00 00 20 3F 
00 FF FF 00 10 0D 22 93 00 00 01 00 00 10 08 C3 0D 00 00 0A 57 
00 FF FF 00 10 0D 22 93 00 00 01 00 00 10 08 C4 0D 00 00 16 AD 
00 FF FF 00 10 0D 22 93 00 00 01 00 00 10 08 C5 0D 00 00 0C 12 
00 FF FF 00 10 0D 22 93 00 00 01 00 00 10 08 C6 0D 00 00 08 22 
00 FF FF 00 10 0D 22 93 00 00 01 00 00 10 08 C7 0D 00 00 09 DC 
00 FF FF 00 10 0D 22 93 00 00 01 00 00 10 08 C8 0D 00 00 0A 12 
00 FF FF 00 10 0D 22 93 00 00 01 00 00 10 08 C9 0D 00 00 19 85 
00 FF FF 00 10 0D 22 93 00 00 01 00 00 10 08 CA 0D 00 00 0D B5 
00 FF FF 00 10 0D 22 93 00 00 01 00 00 10 08 CB 0D 00 00 21 A2 
00 FF FF 00 10 0D 22 93 00 00 01 00 00 10 08 CC 0D 00 00 06 D1 
00 FF FF 00 10 0D 22 93 00 00 01 00 00 10 08 CD 0D 00 00 0E 00 
00 FF FF 00 10 0D 22 93 00 00 01 00 00 10 08 CE 0D 00 00 0B 86 
00 FF FF 00 10 0D 22 93 00 00 01 00 00 10 08 CF 0D 00 00 10 B4 
00 FF FF 00 10 0D 22 93 00 00 01 00 00 10 08 D0 0D 00 00 09 57 
00 FF FF 00 10 0D 22 93 00 00 01 00 00 10 08 D1 0D 00 00 09 E7 
00 FF FF 00 10 0D 22 93 00 00 01 00 00 10 08 D2 0D 00 00 0C B2 
00 FF FF 00 10 0D 22 93 00 00 01 00 00 10 08 D3 0D 00 00 0B 42 
00 FF FF 00 10 0D 22 93 00 00 01 00 00 10 08 D4 0D 00 00 0B 2F 
00 FF FF 00 10 0D 22 93 00 00 01 00 00 10 08 D5 0D 00 00 08 EC 
00 FF FF 00 10 0D 22 93 00 00 01 00 00 10 08 D6 0D 00 00 17 F5 
00 FF FF 00 10 0D 22 93 00 00 01 00 00 10 08 D7 0D 00 00 08 3F 
00 FF FF 00 10 0D 22 93 00 00 01 00 00 10 08 D8 0D 00 00 0C AC 
00 FF FF 00 10 0D 22 93 00 00 01 00 00 10 08 D9 0D 00 00 00 F4 
00 FF FF 00 10 0D 22 93 00 00 01 00 00 10 08 DA 0D 00 00 06 ED 
00 FF FF 00 10 0D 22 93 00 00 01 00 00 10 08 DB 0D 00 00 15 96 
00 FF FF 00 10 0D 22 93 00 00 01 00 00 10 08 DC 0D 00 00 09 4D 
00 FF FF 00 10 0D 22 93 00 00 01 00 00 10 08 DD 0D 00 00 25 AB 
00 FF FF 00 10 0D 22 93 00 00 01 00 00 10 08 DE 0D 00 00 03 5B 
00 FF FF 00 10 0D 22 93 00 00 01 00 00 10 08 DF 0D 00 00 0D 5B 
00 FF FF 00 10 0D 22 93 00 00 01 00 00 10 08 E0 0D 00 00 0C B7 
00 FF FF 00 10 0D 22 93 00 00 01 00 00 10 08 E1 0D 00 00 08 AC 
00 FF FF 00 10 0D 22 93 00 00 01 00 00 10 08 E2 0D 00 00 0B D3 
00 FF FF 00 10 0D 22 93 00 00 01 00 00 10 08 E3 0D 00 00 09 A1 
00 FF FF 00 10 0D 22 93 00 00 01 00 00 10 08 E4 0D 00 00 14 4D 
00 FF FF 00 10 0D 22 93 00 00 01 00 00 10 08 E5 0D 00 00 0A 5C 
00 FF FF 00 10 0D 22 93 00 00 01 00 00 10 08 E6 0D 00 00 0F 4C 
00 FF FF 00 10 0D 22 93 00 00 01 00 00 10 08 E7 0D 00 00 08 38 
00 FF FF 00 10 0D 22 93 00 00 01 00 00 10 08 E8 0D 00 00 07 E2 
00 FF FF 00 10 0D 22 93 00 00 01 00 00 10 08 E9 0D 00 00 01 D0 
00 FF FF 00 10 0D 22 93 00 00 01 00 00 10 08 EA 0D 00 00 10 B2 
00 FF FF 00 10 0D 22 93 00 00 01 00 00 10 08 EB 0D 00 00 0C 2B 
00 FF FF 00 10 0D 22 93 00 00 01 00 00 10 08 EC 0D 00 00 06 AE 
00 FF FF 00 10 0D 22 93 00 00 01 00 00 10 08 ED 0D 00 00 20 FB 
00 FF FF 00 10 0D 22 93 00 00 01 00 00 10 08 EE 0D 00 00 07 4D 
00 FF FF 00 10 0D 22 93 00 00 01 00 00 10 08 EF 0D 00 00 1B E3 
00 FF FF 00 10 0D 22 93 00 00 01 00 00 10 08 F0 0D 00 00 0A 2E 
00 FF FF 00 10 0D 22 93 00 00 01 00 00 10 08 F1 0D 00 00 11 DC 
00 FF FF 00 10 0D 22 93 00 00 01 00 00 10 08 F2 0D 00 00 09 6B 
00 FF FF 00 10 0D 22 93 00 00 01 00 00 10 08 F3 0D 00 00 0C 4C 
00 FF FF 00 10 0D 22 93 00 00 01 00 00 10 08 F4 0D 00 00 10 E2 
00 FF FF 00 10 0D 22 93 00 00 01 00 00 10 08 F5 0D 00 00 0D 0C 
00 FF FF 00 10 0D 22 93 00 00 01 00 00 10 08 F6 0D 00 00 10 8A 
00 FF FF 00 10 0D 22 93 00 00 01 00 00 10 08 F7 0D 00 00 0D F3 
00 FF FF 00 10 0D 22 93 00 00 01 00 00 10 08 F8 0D 00 00 09 84 
00 FF FF 00 10 0D 22 93 00 00 01 00 00 10 08 F9 0D 00 00 0B 9E 
00 FF FF 00 10 0D 22 93 00 00 01 00 00 10 08 FA 0D 00 00 0C 9D 
00 FF FF 00 10 0D 22 93 00 00 01 00 00 10 08 FB 0D 00 00 13 C8 
00 FF FF 00 10 0D 22 93 00 00 01 00 00 10 08 FC 0D 00 00 0F 2F 
00 FF FF 00 10 0D 22 93 00 00 01 00 00 10 08 FD 0D 00 00 0D 9E 
00 FF FF 00 10 0D 22 93 00 00 01 00 00 10 08 FE 0D 00 00 0E 45 
00 FF FF 00 10 0D 22 93 00 00 01 00 00 10 08 FF 0D 00 00 20 FF 
00 FF FF 00 10 0D 22 93 00 00 01 00 00 10 09 00 0D 00 00 09 17 
00 FF FF 00 10 0D 22 93 00 00 01 00 00 10 09 01 0D 00 00 11 CC 
00 FF FF 00 10 0D 22 93 00 00 01 00 00 10 09 02 0D 00 00 04 7E 
00 FF FF 00 10 0D 22 93 00 00 01 00 00 10 09 03 0D 00 00 0C 6B 
00 FF FF 00 10 0D 22 93 00 00 01 00 00 10 09 04 0D 00 00 16 63 
00 FF FF 00 10 0D 22 93 00 00 01 00 00 10 09 05 0D 00 00 0D 90 
00 FF FF 00 10 0D 22 93 00 00 01 00 00 10 09 06 0D 00 00 1D 14 
00 FF FF 00 10 0D 22 93 00 00 01 00 00 10 09 07 0D 00 00 0F 98 
00 FF FF 00 10 0D 22 93 00 00 01 00 00 10 09 08 0D 00 00 14 5E 
00 FF FF 00 10 0D 22 93 00 00 01 00 00 10 09 09 0D 00 00 0C 58 
00 FF FF 00 10 0D 22 93 00 00 01 00 00 10 09 0A 0D 00 00 0C 7E 
00 FF FF 00 10 0D 22 93 00 00 01 00 00 10 09 0B 0D 00 00 0C 17 
00 FF FF 00 10 0D 22 93 00 00 01 00 00 10 09 0C 0D 00 00 0A 7E 
00 FF FF 00 10 0D 22 93 00 00 01 00 00 10 09 0D 0D 00 00 14 C2 
00 FF FF 00 10 0D 22 93 00 00 01 00 00 10 09 0E 0D 00 00 0A FA 
00 FF FF 00 10 0D 22 93 00 00 01 00 00 10 09 0F 0D 00 00 13 32 
00 FF FF 00 10 0D 22 93 00 00 01 00 00 10 09 10 0D 00 00 11 62 
00 FF FF 00 10 0D 22 93 00 00 01 00 00 10 09 11 0D 00 00 14 63 
00 FF FF 00 10 0D 22 93 00 00 01 00 00 10 09 12 0D 00 00 14 0D 
00 FF FF 00 10 0D 22 93 00 00 01 00 00 10 09 13 0D 00 00 0E 6B 
00 FF FF 00 10 0D 22 93 00 00 01 00 00 10 09 14 0D 00 00 0C 78 
00 FF FF 00 10 0D 22 93 00 00 01 00 00 10 09 15 0D 00 00 0D 78 
00 FF FF 00 10 0D 22 93 00 00 01 00 00 10 09 16 0D 00 00 0C 3F 
00 FF FF 00 10 0D 22 93 00 00 01 00 00 10 09 17 0D 00 00 0F DC 
00 FF FF 00 10 0D 22 93 00 00 01 00 00 10 09 18 0D 00 00 29 A7 
00 FF FF 00 10 0D 22 93 00 00 01 00 00 10 09 19 0D 00 00 12 97 
00 FF FF 00 10 0D 22 93 00 00 01 00 00 10 09 1A 0D 00 00 05 E6 
00 FF FF 00 10 0D 22 93 00 00 01 00 00 10 09 1B 0D 00 00 10 2B 
00 FF FF 00 10 0D 22 93 00 00 01 00 00 10 09 1C 0D 00 00 0D 44 
00 FF FF 00 10 0D 22 93 00 00 01 00 00 10 09 1D 0D 00 00 12 9F 
00 FF FF 00 10 0D 22 93 00 00 01 00 00 10 09 1E 0D 00 00 0B 5D 
00 FF FF 00 10 0D 22 93 00 00 01 00 00 10 09 1F 0D 00 00 1C F5 
00 FF FF 00 10 0D 22 93 00 00 01 00 00 10 09 20 0D 00 00 06 12 
00 FF FF 00 10 0D 22 93 00 00 01 00 00 10 09 21 0D 00 00 03 27 
00 FF FF 00 10 0D 22 93 00 00 01 00 00 10 09 22 0D 00 00 08 9B 
00 FF FF 00 10 0D 22 93 00 00 01 00 00 10 09 23 0D 00 00 11 DE 
00 FF FF 00 10 0D 22 93 00 00 01 00 00 10 09 24 0D 00 00 11 50 
00 FF FF 00 10 0D 22 93 00 00 01 00 00 10 09 25 0D 00 00 0A 72 
00 FF FF 00 10 0D 22 93 00 00 01 00 00 10 09 26 0D 00 00 0F 8D 
00 FF FF 00 10 0D 22 93 00 00 01 00 00 10 09 27 0D 00 00 0A 01 
00 FF FF 00 10 0D 22 93 00 00 01 00 00 10 09 28 0D 00 00 17 AE 
00 FF FF 00 10 0D 22 93 00 00 01 00 00 10 09 29 0D 00 00 04 B4 
00 FF FF 00 10 0D 22 93 00 00 01 00 00 10 09 2A 0D 00 00 0F 03 
00 FF FF 00 10 0D 22 93 00 00 01 00 00 10 09 2B 0D 00 00 0A ED 
00 FF FF 00 10 0D 22 93 00 00 01 00 00 10 09 2C 0D 00 00 0D CA 
00 FF FF 00 10 0D 22 93 00 00 01 00 00 10 09 2D 0D 00 00 0F AE 
00 FF FF 00 10 0D 22 93 00 00 01 00 00 10 09 2E 0D 00 00 09 00 
00 FF FF 00 10 0D 22 93 00 00 01 00 00 10 09 2F 0D 00 00 17 01 
00 FF FF 00 10 0D 22 93 00 00 01 00 00 10 09 30 0D 00 00 12 93 
00 FF FF 00 10 0D 22 93 00 00 01 00 00 10 09 31 0D 00 00 0E BA 
00 FF FF 00 10 0D 22 93 00 00 01 00 00 10 09 32 0D 00 00 15 B2 
00 FF FF 00 10 0D 22 93 00 00 01 00 00 10 09 33 0D 00 00 2A 5B 
00 FF FF 00 10 0D 22 93 00 00 01 00 00 10 09 34 0D 00 00 0B B7 
00 FF FF 00 10 0D 22 93 00 00 01 00 00 10 09 35 0D 00 00 1A 9D 
00 FF FF 00 10 0D 22 93 00 00 01 00 00 10 09 36 0D 00 00 0C F4 
00 FF FF 00 10 0D 22 93 00 00 01 00 00 10 09 37 0D 00 00 12 67 
00 FF FF 00 10 0D 22 93 00 00 01 00 00 10 09 38 0D 00 00 17 F4 
00 FF FF 00 10 0D 22 93 00 00 01 00 00 10 09 39 0D 00 00 11 F2 
00 FF FF 00 10 0D 22 93 00 00 01 00 00 10 09 3A 0D 00 00 0F 67 
00 FF FF 00 10 0D 22 93 00 00 01 00 00 10 09 3B 0D 00 00 08 43 
00 FF FF 00 10 0D 22 93 00 00 01 00 00 10 09 3C 0D 00 00 19 73 
00 FF FF 00 10 0D 22 93 00 00 01 00 00 10 09 3D 0D 00 00 11 3F 
00 FF FF 00 10 0D 22 93 00 00 01 00 00 10 09 3E 0D 00 00 16 DA 
00 FF FF 00 10 0D 22 93 00 00 01 00 00 10 09 3F 0D 00 00 0B 74 
00 FF FF 00 10 0D 22 93 00 00 01 00 00 10 09 40 0D 00 00 07 F8 
00 FF FF 00 10 0D 22 93 00 00 01 00 00 10 09 41 0D 00 00 08 A0 
00 FF FF 00 10 0D 22 93 00 00 01 00 00 10 09 42 0D 00 00 0B 41 
00 FF FF 00 10 0D 22 93 00 00 01 00 00 10 09 43 0D 00 00 0F A5 
00 FF FF 00 10 0D 22 93 00 00 01 00 00 10 09 44 0D 00 00 0A 06 
00 FF FF 00 10 0D 22 93 00 00 01 00 00 10 09 45 0D 00 00 1C 6A 
00 FF FF 00 10 0D 22 93 00 00 01 00 00 10 09 46 0D 00 00 0C C4 
00 FF FF 00 10 0D 22 93 00 00 01 00 00 10 09 47 0D 00 00 0D 9E 
00 FF FF 00 10 0D 22 93 00 00 01 00 00 10 09 48 0D 00 00 0D 66 
00 FF FF 00 10 0D 22 93 00 00 01 00 00 10 09 49 0D 00 00 19 DE 
00 FF FF 00 10 0D 22 93 00 00 01 00 00 10 09 4A 0D 00 00 15 9E 
00 FF FF 00 10 0D 22 93 00 00 01 00 00 10 09 4B 0D 00 00 13 97 
00 FF FF 00 10 0D 22 93 00 00 01 00 00 10 09 4C 0D 00 00 14 08 
00 FF FF 00 10 0D 22 93 00 00 01 00 00 10 09 4D 0D 00 00 0F B6 
00 FF FF 00 10 0D 22 93 00 00 01 00 00 10 09 4E 0D 00 00 11 88 
00 FF FF 00 10 0D 22 93 00 00 01 00 00 10 09 4F 0D 00 00 0C 85 
00 FF FF 00 10 0D 22 93 00 00 01 00 00 10 09 50 0D 00 00 11 84 
00 FF FF 00 10 0D 22 93 00 00 01 00 00 10 09 51 0D 00 00 0D 2B 
00 FF FF 00 10 0D 22 93 00 00 01 00 00 10 09 52 0D 00 00 12 C1 
00 FF FF 00 10 0D 22 93 00 00 01 00 00 10 09 53 0D 00 00 14 F8 
00 FF FF 00 10 0D 22 93 00 00 01 00 00 10 09 54 0D 00 00 0B F5 
00 FF FF 00 10 0D 22 93 00 00 01 00 00 10 09 55 0D 00 00 26 3E 
00 FF FF 00 10 0D 22 93 00 00 01 00 00 10 09 56 0D 00 00 11 F2 
00 FF FF 00 10 0D 22 93 00 00 01 00 00 10 09 57 0D 00 00 19 F6 
00 FF FF 00 10 0D 22 93 00 00 01 00 00 10 09 58 0D 00 00 13 6E 
00 FF FF 00 10 0D 22 93 00 00 01 00 00 10 09 59 0D 00 00 13 45 
00 FF FF 00 10 0D 22 93 00 00 01 00 00 10 09 5A 0D 00 00 01 7A 
00 FF FF 00 10 0D 22 93 00 00 01 00 00 10 09 5B 0D 00 00 17 FE 
00 FF FF 00 10 0D 22 93 00 00 01 00 00 10 09 5C 0D 00 00 14 A6 
00 FF FF 00 10 0D 22 93 00 00 01 00 00 10 09 5D 0D 00 00 1B 15 
00 FF FF 00 10 0D 22 93 00 00 01 00 00 10 09 5E 0D 00 00 19 C0 
00 FF FF 00 10 0D 22 93 00 00 01 00 00 10 09 5F 0D 00 00 12 A2 
00 FF FF 00 10 0D 22 93 00 00 01 00 00 10 09 60 0D 00 00 16 9C 
00 FF FF 00 10 0D 22 93 00 00 01 00 00 10 09 61 0D 00 00 10 88 
00 FF FF 00 10 0D 22 93 00 00 01 00 00 10 09 62 0D 00 00 14 19 
00 FF FF 00 10 0D 22 93 00 00 01 00 00 10 09 63 0D 00 00 09 54 
00 FF FF 00 10 0D 22 93 00 00 01 00 00 10 09 64 0D 00 00 0C 2A 
00 FF FF 00 10 0D 22 93 00 00 01 00 00 10 09 65 0D 00 00 09 ED 
00 FF FF 00 10 0D 22 93 00 00 01 00 00 10 09 66 0D 00 00 19 D3 
00 FF FF 00 10 0D 22 93 00 00 01 00 00 10 09 67 0D 00 00 08 37 
00 FF FF 00 10 0D 22 93 00 00 01 00 00 10 09 68 0D 00 00 07 62 
00 FF FF 00 10 0D 22 93 00 00 01 00 00 10 09 69 0D 00 00 0E 3A 
00 FF FF 00 10 0D 22 93 00 00 01 00 00 10 09 6A 0D 00 00 14 3A 
00 FF FF 00 10 0D 22 93 00 00 01 00 00 10 09 6B 0D 00 00 14 82 
00 FF FF 00 10 0D 22 93 00 00 01 00 00 10 09 6C 0D 00 00 18 09 
00 FF FF 00 10 0D 22 93 00 00 01 00 00 10 09 6D 0D 00 00 19 9C 
00 FF FF 00 10 0D 22 93 00 00 01 00 00 10 09 6E 0D 00 00 0E 04 
00 FF FF 00 10 0D 22 93 00 00 01 00 00 10 09 6F 0D 00 00 0D 6D 
00 FF FF 00 10 0D 22 93 00 00 01 00 00 10 09 70 0D 00 00 04 60 
00 FF FF 00 10 0D 22 93 00 00 01 00 00 10 09 71 0D 00 00 0F 1A 
00 FF FF 00 10 0D 22 93 00 00 01 00 00 10 09 72 0D 00 00 0B AA 
00 FF FF 00 10 0D 22 93 00 00 01 00 00 10 09 73 0D 00 00 10 75 
00 FF FF 00 10 0D 22 93 00 00 01 00 00 10 09 74 0D 00 00 08 26 
00 FF FF 00 10 0D 22 93 00 00 01 00 00 10 09 75 0D 00 00 0B 46 
00 FF FF 00 10 0D 22 93 00 00 01 00 00 10 09 76 0D 00 00 0C B8 
00 FF FF 00 10 0D 22 93 00 00 01 00 00 10 09 77 0D 00 00 10 27 
00 FF FF 00 10 0D 22 93 00 00 01 00 00 10 09 78 0D 00 00 03 1D 
00 FF FF 00 10 0D 22 93 00 00 01 00 00 10 09 79 0D 00 00 13 27 
00 FF FF 00 10 0D 22 93 00 00 01 00 00 10 09 7A 0D 00 00 12 8E 
00 FF FF 00 10 0D 22 93 00 00 01 00 00 10 09 7B 0D 00 00 0A 35 
00 FF FF 00 10 0D 22 93 00 00 01 00 00 10 09 7C 0D 00 00 0A 57 
00 FF FF 00 10 0D 22 93 00 00 01 00 00 10 09 7D 0D 00 00 13 C6 
00 FF FF 00 10 0D 22 93 00 00 01 00 00 10 09 7E 0D 00 00 10 1B 
00 FF FF 00 10 0D 22 93 00 00 01 00 00 10 09 7F 0D 00 00 17 13 
00 FF FF 00 10 0D 22 93 00 00 01 00 00 10 09 80 0D 00 00 0D 77 
00 FF FF 00 10 0D 22 93 00 00 01 00 00 10 09 81 0D 00 00 1A 7C 
00 FF FF 00 10 0D 22 93 00 00 01 00 00 10 09 82 0D 00 00 0D 40 
00 FF FF 00 10 0D 22 93 00 00 01 00 00 10 09 83 0D 00 00 0F BC 
00 FF FF 00 10 0D 22 93 00 00 01 00 00 10 09 84 0D 00 00 0D CB 
00 FF FF 00 10 0D 22 93 00 00 01 00 00 10 09 85 0D 00 00 1A 16 
00 FF FF 00 10 0D 22 93 00 00 01 00 00 10 09 86 0D 00 00 0F B5 
00 FF FF 00 10 0D 22 93 00 00 01 00 00 10 09 87 0D 00 00 18 CD 
00 FF FF 00 10 0D 22 93 00 00 01 00 00 10 09 88 0D 00 00 17 33 
00 FF FF 00 10 0D 22 93 00 00 01 00 00 10 09 89 0D 00 00 0B 1F 
00 FF FF 00 10 0D 22 93 00 00 01 00 00 10 09 8A 0D 00 00 11 C8 
00 FF FF 00 10 0D 22 93 00 00 01 00 00 10 09 8B 0D 00 00 0D 62 
00 FF FF 00 10 0D 22 93 00 00 01 00 00 10 09 8C 0D 00 00 0E D2 
00 FF FF 00 10 0D 22 93 00 00 01 00 00 10 09 8D 0D 00 00 0A 36 
00 FF FF 00 10 0D 22 93 00 00 01 00 00 10 09 8E 0D 00 00 11 FA 
00 FF FF 00 10 0D 22 93 00 00 01 00 00 10 09 8F 0D 00 00 08 31 
00 FF FF 00 10 0D 22 93 00 00 01 00 00 10 09 90 0D 00 00 17 D7 
00 FF FF 00 10 0D 22 93 00 00 01 00 00 10 09 91 0D 00 00 09 89 
00 FF FF 00 10 0D 22 93 00 00 01 00 00 10 09 92 0D 00 00 0C 73 
00 FF FF 00 10 0D 22 93 00 00 01 00 00 10 09 93 0D 00 00 15 0E 
00 FF FF 00 10 0D 22 93 00 00 01 00 00 10 09 94 0D 00 00 0D F6 
00 FF FF 00 10 0D 22 93 00 00 01 00 00 10 09 95 0D 00 00 12 FD 
00 FF FF 00 10 0D 22 93 00 00 01 00 00 10 09 96 0D 00 00 0D 7B 
00 FF FF 00 10 0D 22 93 00 00 01 00 00 10 09 97 0D 00 00 09 2F 
00 FF FF 00 10 0D 22 93 00 00 01 00 00 10 09 98 0D 00 00 0D 30 
00 FF FF 00 10 0D 22 93 00 00 01 00 00 10 09 99 0D 00 00 16 7F 
00 FF FF 00 10 0D 22 93 00 00 01 00 00 10 09 9A 0D 00 00 0A 86 
00 FF FF 00 10 0D 22 93 00 00 01 00 00 10 09 9B 0D 00 00 18 64 
00 FF FF 00 10 0D 22 93 00 00 01 00 00 10 09 9C 0D 00 00 13 0C 
00 FF FF 00 10 0D 22 93 00 00 01 00 00 10 09 9D 0D 00 00 0E 80 
00 FF FF 00 10 0D 22 93 00 00 01 00 00 10 09 9E 0D 00 00 0F 26 
00 FF FF 00 10 0D 22 93 00 00 01 00 00 10 09 9F 0D 00 00 16 CD 
00 FF FF 00 10 0D 22 93 00 00 01 00 00 10 09 A0 0D 00 00 1C 12 
00 FF FF 00 10 0D 22 93 00 00 01 00 00 10 09 A1 0D 00 00 09 52 
00 FF FF 00 10 0D 22 93 00 00 01 00 00 10 09 A2 0D 00 00 22 6D 
00 FF FF 00 10 0D 22 93 00 00 01 00 00 10 09 A3 0D 00 00 14 68 
00 FF FF 00 10 0D 22 93 00 00 01 00 00 10 09 A4 0D 00 00 0B 84 
00 FF FF 00 10 0D 22 93 00 00 01 00 00 10 09 A5 0D 00 00 0B AF 
00 FF FF 00 10 0D 22 93 00 00 01 00 00 10 09 A6 0D 00 00 08 EB 
00 FF FF 00 10 0D 22 93 00 00 01 00 00 10 09 A7 0D 00 00 0B 1E 
00 FF FF 00 10 0D 22 93 00 00 01 00 00 10 09 A8 0D 00 00 15 98 
00 FF FF 00 10 0D 22 93 00 00 01 00 00 10 09 A9 0D 00 00 13 9F 
00 FF FF 00 10 0D 22 93 00 00 01 00 00 10 09 AA 0D 00 00 05 A9 
00 FF FF 00 10 0D 22 93 00 00 01 00 00 10 09 AB 0D 00 00 0A 95 
00 FF FF 00 10 0D 22 93 00 00 01 00 00 10 09 AC 0D 00 00 07 BA 
00 FF FF 00 10 0D 22 93 00 00 01 00 00 10 09 AD 0D 00 00 0E 00 
00 FF FF 00 10 0D 22 93 00 00 01 00 00 10 09 AE 0D 00 00 0A 44 
00 FF FF 00 10 0D 22 93 00 00 01 00 00 10 09 AF 0D 00 00 0D 1A 
00 FF FF 00 10 0D 22 93 00 00 01 00 00 10 09 B0 0D 00 00 09 3B 
00 FF FF 00 10 0D 22 93 00 00 01 00 00 10 09 B1 0D 00 00 14 58 
00 FF FF 00 10 0D 22 93 00 00 01 00 00 10 09 B2 0D 00 00 14 2F 
00 FF FF 00 10 0D 22 93 00 00 01 00 00 10 09 B3 0D 00 00 09 18 
00 FF FF 00 10 0D 22 93 00 00 01 00 00 10 09 B4 0D 00 00 13 64 
00 FF FF 00 10 0D 22 93 00 00 01 00 00 10 09 B5 0D 00 00 0C 08 
00 FF FF 00 10 0D 22 93 00 00 01 00 00 10 09 B6 0D 00 00 0F 0D 
00 FF FF 00 10 0D 22 93 00 00 01 00 00 10 09 B7 0D 00 00 0C 8A 
00 FF FF 00 10 0D 22 93 00 00 01 00 00 10 09 B8 0D 00 00 0B 80 
00 FF FF 00 10 0D 22 93 00 00 01 00 00 10 09 B9 0D 00 00 09 CE 
00 FF FF 00 10 0D 22 93 00 00 01 00 00 10 09 BA 0D 00 00 0C D3 
00 FF FF 00 10 0D 22 93 00 00 01 00 00 10 09 BB 0D 00 00 0C 7D 
00 FF FF 00 10 0D 22 93 00 00 01 00 00 10 09 BC 0D 00 00 12 3D 
00 FF FF 00 10 0D 22 93 00 00 01 00 00 10 09 BD 0D 00 00 0A BE 
00 FF FF 00 10 0D 22 93 00 00 01 00 00 10 09 BE 0D 00 00 0E 9B 
00 FF FF 00 10 0D 22 93 00 00 01 00 00 10 09 BF 0D 00 00 0A 2C 
00 FF FF 00 10 0D 22 93 00 00 01 00 00 10 09 C0 0D 00 00 0A 49 
00 FF FF 00 10 0D 22 93 00 00 01 00 00 10 09 C1 0D 00 00 14 88 
00 FF FF 00 10 0D 22 93 00 00 01 00 00 10 09 C2 0D 00 00 0B 27 
00 FF FF 00 10 0D 22 93 00 00 01 00 00 10 09 C3 0D 00 00 17 29 
00 FF FF 00 10 0D 22 93 00 00 01 00 00 10 09 C4 0D 00 00 11 A4 
00 FF FF 00 10 0D 22 93 00 00 01 00 00 10 09 C5 0D 00 00 0B DF 
00 FF FF 00 10 0D 22 93 00 00 01 00 00 10 09 C6 0D 00 00 0C 5D 
00 FF FF 00 10 0D 22 93 00 00 01 00 00 10 09 C7 0D 00 00 0A 99 
00 FF FF 00 10 0D 22 93 00 00 01 00 00 10 09 C8 0D 00 00 0F 9B 
00 FF FF 00 10 0D 22 93 00 00 01 00 00 10 09 C9 0D 00 00 13 47 
00 FF FF 00 10 0D 22 93 00 00 01 00 00 10 09 CA 0D 00 00 18 63 
00 FF FF 00 10 0D 22 93 00 00 01 00 00 10 09 CB 0D 00 00 10 AC 
00 FF FF 00 10 0D 22 93 00 00 01 00 00 10 09 CC 0D 00 00 18 32 
00 FF FF 00 10 0D 22 93 00 00 01 00 00 10 09 CD 0D 00 00 14 4F 
00 FF FF 00 10 0D 22 93 00 00 01 00 00 10 09 CE 0D 00 00 0A 4D 
00 FF FF 00 10 0D 22 93 00 00 01 00 00 10 09 CF 0D 00 00 14 3B 
00 FF FF 00 10 0D 22 93 00 00 01 00 00 10 09 D0 0D 00 00 0F 85 
00 FF FF 00 10 0D 22 93 00 00 01 00 00 10 09 D1 0D 00 00 15 0B 
00 FF FF 00 10 0D 22 93 00 00 01 00 00 10 09 D2 0D 00 00 09 EC 
00 FF FF 00 10 0D 22 93 00 00 01 00 00 10 09 D3 0D 00 00 0B F9 
00 FF FF 00 10 0D 22 93 00 00 01 00 00 10 09 D4 0D 00 00 0B EC 
00 FF FF 00 10 0D 22 93 00 00 01 00 00 10 09 D5 0D 00 00 0E 12 
00 FF FF 00 10 0D 22 93 00 00 01 00 00 10 09 D6 0D 00 00 11 82 
00 FF FF 00 10 0D 22 93 00 00 01 00 00 10 09 D7 0D 00 00 0A 37 
00 FF FF 00 10 0D 22 93 00 00 01 00 00 10 09 D8 0D 00 00 0B F7 
00 FF FF 00 10 0D 22 93 00 00 01 00 00 10 09 D9 0D 00 00 0D 6A 
00 FF FF 00 10 0D 22 93 00 00 01 00 00 10 09 DA 0D 00 00 0A 5F 
00 FF FF 00 10 0D 22 93 00 00 01 00 00 10 09 DB 0D 00 00 01 CB 
00 FF FF 00 10 0D 22 93 00 00 01 00 00 10 09 DC 0D 00 00 1F 22 
00 FF FF 00 10 0D 22 93 00 00 01 00 00 10 09 DD 0D 00 00 10 D7 
00 FF FF 00 10 0D 22 93 00 00 01 00 00 10 09 DE 0D 00 00 0D 64 
00 FF FF 00 10 0D 22 93 00 00 01 00 00 10 09 DF 0D 00 00 17 14 
00 FF FF 00 10 0D 22 93 00 00 01 00 00 10 09 E0 0D 00 00 13 6E 
00 FF FF 00 10 0D 22 93 00 00 01 00 00 10 09 E1 0D 00 00 13 8C 
00 FF FF 00 10 0D 22 93 00 00 01 00 00 10 09 E2 0D 00 00 0D 36 
00 FF FF 00 10 0D 22 93 00 00 01 00 00 10 09 E3 0D 00 00 14 5A 
00 FF FF 00 10 0D 22 93 00 00 01 00 00 10 09 E4 0D 00 00 0C A1 
00 FF FF 00 10 0D 22 93 00 00 01 00 00 10 09 E5 0D 00 00 13 9D 
00 FF FF 00 10 0D 22 93 00 00 01 00 00 10 09 E6 0D 00 00 0E 73 
00 FF FF 00 10 0D 22 93 00 00 01 00 00 10 09 E7 0D 00 00 0D 3E 
00 FF FF 00 10 0D 22 93 00 00 01 00 00 10 09 E8 0D 00 00 0E 24 
00 FF FF 00 10 0D 22 93 00 00 01 00 00 10 09 E9 0D 00 00 12 37 
00 FF FF 00 10 0D 22 93 00 00 01 00 00 10 09 EA 0D 00 00 09 A6 
00 FF FF 00 10 0D 22 93 00 00 01 00 00 10 09 EB 0D 00 00 0E EB 
00 FF FF 00 10 0D 22 93 00 00 01 00 00 10 09 EC 0D 00 00 13 73 
00 FF FF 00 10 0D 22 93 00 00 01 00 00 10 09 ED 0D 00 00 12 2B 
00 FF FF 00 10 0D 22 93 00 00 01 00 00 10 09 EE 0D 00 00 18 81 
00 FF FF 00 10 0D 22 93 00 00 01 00 00 10 09 EF 0D 00 00 01 AB 
00 FF FF 00 10 0D 22 93 00 00 01 00 00 10 09 F0 0D 00 00 0D DC 
00 FF FF 00 10 0D 22 93 00 00 01 00 00 10 09 F1 0D 00 00 0C D3 
00 FF FF 00 10 0D 22 93 00 00 01 00 00 10 09 F2 0D 00 00 08 E6 
00 FF FF 00 10 0D 22 93 00 00 01 00 00 10 09 F3 0D 00 00 11 AA 
00 FF FF 00 10 0D 22 93 00 00 01 00 00 10 09 F4 0D 00 00 0B A5 
00 FF FF 00 10 0D 22 93 00 00 01 00 00 10 09 F5 0D 00 00 27 3D 
00 FF FF 00 10 0D 22 93 00 00 01 00 00 10 09 F6 0D 00 00 10 B3 
00 FF FF 00 10 0D 22 93 00 00 01 00 00 10 09 F7 0D 00 00 06 A5 
00 FF FF 00 10 0D 22 93 00 00 01 00 00 10 09 F8 0D 00 00 0C 4E 
00 FF FF 00 10 0D 22 93 00 00 01 00 00 10 09 F9 0D 00 00 11 D0 
00 FF FF 00 10 0D 22 93 00 00 01 00 00 10 09 FA 0D 00 00 0B AF 
00 FF FF 00 10 0D 22 93 00 00 01 00 00 10 09 FB 0D 00 00 0D 82 
00 FF FF 00 10 0D 22 93 00 00 01 00 00 10 09 FC 0D 00 00 11 12 
00 FF FF 00 10 0D 22 93 00 00 01 00 00 10 09 FD 0D 00 00 10 3C 
00 FF FF 00 10 0D 22 93 00 00 01 00 00 10 09 FE 0D 00 00 16 CA 
00 FF FF 00 10 0D 22 93 00 00 01 00 00 10 09 FF 0D 00 00 0E 01 
00 FF FF 00 10 0D 22 93 00 00 01 00 00 10 0A 00 0D 00 00 19 E5 
00 FF FF 00 10 0D 22 93 00 00 01 00 00 10 0A 01 0D 00 00 0B 87 
00 FF FF 00 10 0D 22 93 00 00 01 00 00 10 0A 02 0D 00 00 10 C1 
00 FF FF 00 10 0D 22 93 00 00 01 00 00 10 0A 03 0D 00 00 0A 02 
00 FF FF 00 10 0D 22 93 00 00 01 00 00 10 0A 04 0D 00 00 0F 5A 
00 FF FF 00 10 0D 22 93 00 00 01 00 00 10 0A 05 0D 00 00 0C F8 
00 FF FF 00 10 0D 22 93 00 00 01 00 00 10 0A 06 0D 00 00 0C 8F 
00 FF FF 00 10 0D 22 93 00 00 01 00 00 10 0A 07 0D 00 00 0F CE 
00 FF FF 00 10 0D 22 93 00 00 01 00 00 10 0A 08 0D 00 00 0F E5 
00 FF FF 00 10 0D 22 93 00 00 01 00 00 10 0A 09 0D 00 00 17 6F 
00 FF FF 00 10 0D 22 93 00 00 01 00 00 10 0A 0A 0D 00 00 05 67 
00 FF FF 00 10 0D 22 93 00 00 01 00 00 10 0A 0B 0D 00 00 0B 5A 
00 FF FF 00 10 0D 22 93 00 00 01 00 00 10 0A 0C 0D 00 00 12 A6 
00 FF FF 00 10 0D 22 93 00 00 01 00 00 10 0A 0D 0D 00 00 0A B7 
00 FF FF 00 10 0D 22 93 00 00 01 00 00 10 0A 0E 0D 00 00 0D D2 
00 FF FF 00 10 0D 22 93 00 00 01 00 00 10 0A 0F 0D 00 00 0D 6B 
00 FF FF 00 10 0D 22 93 00 00 01 00 00 10 0A 10 0D 00 00 0F 24 
00 FF FF 00 10 0D 22 93 00 00 01 00 00 10 0A 11 0D 00 00 11 4E 
00 FF FF 00 10 0D 22 93 00 00 01 00 00 10 0A 12 0D 00 00 14 1A 
00 FF FF 00 10 0D 22 93 00 00 01 00 00 10 0A 13 0D 00 00 11 91 
00 FF FF 00 10 0D 22 93 00 00 01 00 00 10 0A 14 0D 00 00 0F 63 
00 FF FF 00 10 0D 22 93 00 00 01 00 00 10 0A 15 0D 00 00 09 C3 
00 FF FF 00 10 0D 22 93 00 00 01 00 00 10 0A 16 0D 00 00 0E 2C 
00 FF FF 00 10 0D 22 93 00 00 01 00 00 10 0A 17 0D 00 00 15 78 
00 FF FF 00 10 0D 22 93 00 00 01 00 00 10 0A 18 0D 00 00 0E 1D 
00 FF FF 00 10 0D 22 93 00 00 01 00 00 10 0A 19 0D 00 00 0B 02 
00 FF FF 00 10 0D 22 93 00 00 01 00 00 10 0A 1A 0D 00 00 0D 84 
00 FF FF 00 10 0D 22 93 00 00 01 00 00 10 0A 1B 0D 00 00 0F 26 
00 FF FF 00 10 0D 22 93 00 00 01 00 00 10 0A 1C 0D 00 00 0E 88 
00 FF FF 00 10 0D 22 93 00 00 01 00 00 10 0A 1D 0D 00 00 0B 09 
00 FF FF 00 10 0D 22 93 00 00 01 00 00 10 0A 1E 0D 00 00 0A EB 
00 FF FF 00 10 0D 22 93 00 00 01 00 00 10 0A 1F 0D 00 00 0E B8 
00 FF FF 00 10 0D 22 93 00 00 01 00 00 10 0A 20 0D 00 00 18 C1 
00 FF FF 00 10 0D 22 93 00 00 01 00 00 10 0A 21 0D 00 00 0F C6 
00 FF FF 00 10 0D 22 93 00 00 01 00 00 10 0A 22 0D 00 00 20 D5 
00 FF FF 00 10 0D 22 93 00 00 01 00 00 10 0A 23 0D 00 00 0C E3 
00 FF FF 00 10 0D 22 93 00 00 01 00 00 10 0A 24 0D 00 00 14 67 
00 FF FF 00 10 0D 22 93 00 00 01 00 00 10 0A 25 0D 00 00 0C FF 
00 FF FF 00 10 0D 22 93 00 00 01 00 00 10 0A 26 0D 00 00 0A 47 
00 FF FF 00 10 0D 22 93 00 00 01 00 00 10 0A 27 0D 00 00 14 53 
00 FF FF 00 10 0D 22 93 00 00 01 00 00 10 0A 28 0D 00 00 0A 25 
00 FF FF 00 10 0D 22 93 00 00 01 00 00 10 0A 29 0D 00 00 0C B1 
00 FF FF 00 10 0D 22 93 00 00 01 00 00 10 0A 2A 0D 00 00 0E D7 
00 FF FF 00 10 0D 22 93 00 00 01 00 00 10 0A 2B 0D 00 00 0E 0F 
00 FF FF 00 10 0D 22 93 00 00 01 00 00 10 0A 2C 0D 00 00 0B 30 
00 FF FF 00 10 0D 22 93 00 00 01 00 00 10 0A 2D 0D 00 00 14 DA 
00 FF FF 00 10 0D 22 93 00 00 01 00 00 10 0A 2E 0D 00 00 13 F4 
00 FF FF 00 10 0D 22 93 00 00 01 00 00 10 0A 2F 0D 00 00 12 C2 
00 FF FF 00 10 0D 22 93 00 00 01 00 00 10 0A 30 0D 00 00 0C 4A 
00 FF FF 00 10 0D 22 93 00 00 01 00 00 10 0A 31 0D 00 00 0E F4 
00 FF FF 00 10 0D 22 93 00 00 01 00 00 10 0A 32 0D 00 00 1C BB 
00 FF FF 00 10 0D 22 93 00 00 01 00 00 10 0A 33 0D 00 00 0B F3 
00 FF FF 00 10 0D 22 93 00 00 01 00 00 10 0A 34 0D 00 00 10 5B 
00 FF FF 00 10 0D 22 93 00 00 01 00 00 10 0A 35 0D 00 00 0D FA 
00 FF FF 00 10 0D 22 93 00 00 01 00 00 10 0A 36 0D 00 00 10 EB 
00 FF FF 00 10 0D 22 93 00 00 01 00 00 10 0A 37 0D 00 00 16 BD 
00 FF FF 00 10 0D 22 93 00 00 01 00 00 10 0A 38 0D 00 00 09 AA 
00 FF FF 00 10 0D 22 93 00 00 01 00 00 10 0A 39 0D 00 00 0D F3 
00 FF FF 00 10 0D 22 93 00 00 01 00 00 10 0A 3A 0D 00 00 0B 10 
00 FF FF 00 10 0D 22 93 00 00 01 00 00 10 0A 3B 0D 00 00 09 34 
00 FF FF 00 10 0D 22 93 00 00 01 00 00 10 0A 3C 0D 00 00 0B 7A 
00 FF FF 00 10 0D 22 93 00 00 01 00 00 10 0A 3D 0D 00 00 1A 95 
00 FF FF 00 10 0D 22 93 00 00 01 00 00 10 0A 3E 0D 00 00 0A D4 
00 FF FF 00 10 0D 22 93 00 00 01 00 00 10 0A 3F 0D 00 00 0C 01 
00 FF FF 00 10 0D 22 93 00 00 01 00 00 10 0A 40 0D 00 00 13 2A 
00 FF FF 00 10 0D 22 93 00 00 01 00 00 10 0A 41 0D 00 00 11 9B 
00 FF FF 00 10 0D 22 93 00 00 01 00 00 10 0A 42 0D 00 00 15 A5 
00 FF FF 00 10 0D 22 93 00 00 01 00 00 10 0A 43 0D 00 00 0D AF 
00 FF FF 00 10 0D 22 93 00 00 01 00 00 10 0A 44 0D 00 00 1A C5 
00 FF FF 00 10 0D 22 93 00 00 01 00 00 10 0A 45 0D 00 00 0A 2A 
00 FF FF 00 10 0D 22 93 00 00 01 00 00 10 0A 46 0D 00 00 11 2E 
00 FF FF 00 10 0D 22 93 00 00 01 00 00 10 0A 47 0D 00 00 0C 52 
00 FF FF 00 10 0D 22 93 00 00 01 00 00 10 0A 48 0D 00 00 0B CB 
00 FF FF 00 10 0D 22 93 00 00 01 00 00 10 0A 49 0D 00 00 13 2E 
00 FF FF 00 10 0D 22 93 00 00 01 00 00 10 0A 4A 0D 00 00 0A 2B 
00 FF FF 00 10 0D 22 93 00 00 01 00 00 10 0A 4B 0D 00 00 11 45 
00 FF FF 00 10 0D 22 93 00 00 01 00 00 10 0A 4C 0D 00 00 0C B5 
00 FF FF 00 10 0D 22 93 00 00 01 00 00 10 0A 4D 0D 00 00 1E CA 
00 FF FF 00 10 0D 22 93 00 00 01 00 00 10 0A 4E 0D 00 00 09 37 
00 FF FF 00 10 0D 22 93 00 00 01 00 00 10 0A 4F 0D 00 00 14 51 
00 FF FF 00 10 0D 22 93 00 00 01 00 00 10 0A 50 0D 00 00 08 80 
00 FF FF 00 10 0D 22 93 00 00 01 00 00 10 0A 51 0D 00 00 0E 1C 
00 FF FF 00 10 0D 22 93 00 00 01 00 00 10 0A 52 0D 00 00 15 73 
00 FF FF 00 10 0D 22 93 00 00 01 00 00 10 0A 53 0D 00 00 13 92 
00 FF FF 00 10 0D 22 93 00 00 01 00 00 10 0A 54 0D 00 00 18 93 
00 FF FF 00 10 0D 22 93 00 00 01 00 00 10 0A 55 0D 00 00 0B 7B 
00 FF FF 00 10 0D 22 93 00 00 01 00 00 10 0A 56 0D 00 00 14 EB 
00 FF FF 00 10 0D 22 93 00 00 01 00 00 10 0A 57 0D 00 00 09 62 
00 FF FF 00 10 0D 22 93 00 00 01 00 00 10 0A 58 0D 00 00 13 01 
00 FF FF 00 10 0D 22 93 00 00 01 00 00 10 0A 59 0D 00 00 0A 17 
00 FF FF 00 10 0D 22 93 00 00 01 00 00 10 0A 5A 0D 00 00 0C 94 
00 FF FF 00 10 0D 22 93 00 00 01 00 00 10 0A 5B 0D 00 00 0D 6A 
00 FF FF 00 10 0D 22 93 00 00 01 00 00 10 0A 5C 0D 00 00 14 D1 
00 FF FF 00 10 0D 22 93 00 00 01 00 00 10 0A 5D 0D 00 00 11 F8 
00 FF FF 00 10 0D 22 93 00 00 01 00 00 10 0A 5E 0D 00 00 0C 63 
00 FF FF 00 10 0D 22 93 00 00 01 00 00 10 0A 5F 0D 00 00 10 0E 
00 FF FF 00 10 0D 22 93 00 00 01 00 00 10 0A 60 0D 00 00 09 7E 
00 FF FF 00 10 0D 22 93 00 00 01 00 00 10 0A 61 0D 00 00 16 37 
00 FF FF 00 10 0D 22 93 00 00 01 00 00 10 0A 62 0D 00 00 0B 39 
00 FF FF 00 10 0D 22 93 00 00 01 00 00 10 0A 63 0D 00 00 0A F9 
00 FF FF 00 10 0D 22 93 00 00 01 00 00 10 0A 64 0D 00 00 0B 11 
