00 FF FF 00 10 0D 22 93 00 00 01 00 00 10 02 AB 0D 00 00 26 6F 
00 FF FF 00 10 0D 22 93 00 00 01 00 00 10 02 AC 0D 00 00 21 99 
00 FF FF 00 10 0D 22 93 00 00 01 00 00 10 02 AE 0D 00 00 17 24 
00 FF FF 00 10 0D 22 93 00 00 01 00 00 10 02 B0 0D 00 00 0D DB 
00 FF FF 00 10 0D 22 93 00 00 01 00 00 10 02 B1 0D 00 00 1F 49 
00 FF FF 00 10 0D 22 93 00 00 01 00 00 10 02 B3 0D 00 00 34 A9 
00 FF FF 00 10 0D 22 93 00 00 01 00 00 10 00 19 0D 00 00 2A 5D 
00 FF FF 00 10 0D 22 93 00 00 01 00 00 10 00 1A 0D 00 00 18 92 
00 FF FF 00 10 0D 22 93 00 00 01 00 00 10 00 1B 0D 00 00 1B CE 
00 FF FF 00 10 0D 22 93 00 00 01 00 00 10 00 1C 0D 00 00 17 3A 
00 FF FF 00 10 0D 22 93 00 00 01 00 00 10 00 1D 0D 00 00 19 3A 
00 FF FF 00 10 0D 22 93 00 00 01 00 00 10 00 1E 0D 00 00 1F 09 
00 FF FF 00 10 0D 22 93 00 00 01 00 00 10 00 1F 0D 00 00 1B 39 
00 FF FF 00 10 0D 22 93 00 00 01 00 00 10 00 20 0D 00 00 2B 56 
00 FF FF 00 10 0D 22 93 00 00 01 00 00 10 00 21 0D 00 00 22 51 
00 FF FF 00 10 0D 22 93 00 00 01 00 00 10 00 22 0D 00 00 27 6B 
00 FF FF 00 10 0D 22 93 00 00 01 00 00 10 00 23 0D 00 00 18 45 
00 FF FF 00 10 0D 22 93 00 00 01 00 00 10 00 24 0D 00 00 1A 3B 
00 FF FF 00 10 0D 22 93 00 00 01 00 00 10 00 25 0D 00 00 1A 1E 
00 FF FF 00 10 0D 22 93 00 00 01 00 00 10 00 26 0D 00 00 16 49 
00 FF FF 00 10 0D 22 93 00 00 01 00 00 10 00 27 0D 00 00 1B 22 
00 FF FF 00 10 0D 22 93 00 00 01 00 00 10 00 28 0D 00 00 1E 03 
00 FF FF 00 10 0D 22 93 00 00 01 00 00 10 00 29 0D 00 00 24 52 
00 FF FF 00 10 0D 22 93 00 00 01 00 00 10 00 2A 0D 00 00 2E E2 
00 FF FF 00 10 0D 22 93 00 00 01 00 00 10 00 2B 0D 00 00 24 B2 
00 FF FF 00 10 0D 22 93 00 00 01 00 00 10 00 2C 0D 00 00 1D EE 
00 FF FF 00 10 0D 22 93 00 00 01 00 00 10 00 2D 0D 00 00 19 B3 
00 FF FF 00 10 0D 22 93 00 00 01 00 00 10 00 2E 0D 00 00 1C AD 
00 FF FF 00 10 0D 22 93 00 00 01 00 00 10 00 2F 0D 00 00 15 15 
00 FF FF 00 10 0D 22 93 00 00 01 00 00 10 00 30 0D 00 00 18 0C 
00 FF FF 00 10 0D 22 93 00 00 01 00 00 10 00 31 0D 00 00 21 D9 
00 FF FF 00 10 0D 22 93 00 00 01 00 00 10 00 32 0D 00 00 1D 72 
00 FF FF 00 10 0D 22 93 00 00 01 00 00 10 00 33 0D 00 00 2E 90 
00 FF FF 00 10 0D 22 93 00 00 01 00 00 10 00 34 0D 00 00 21 DD 
00 FF FF 00 10 0D 22 93 00 00 01 00 00 10 00 35 0D 00 00 22 62 
00 FF FF 00 10 0D 22 93 00 00 01 00 00 10 00 36 0D 00 00 17 59 
00 FF FF 00 10 0D 22 93 00 00 01 00 00 10 00 37 0D 00 00 1B 54 
00 FF FF 00 10 0D 22 93 00 00 01 00 00 10 00 39 0D 00 00 17 C5 
00 FF FF 00 10 0D 22 93 00 00 01 00 00 10 00 3A 0D 00 00 1A 91 
00 FF FF 00 10 0D 22 93 00 00 01 00 00 10 00 3B 0D 00 00 19 A2 
00 FF FF 00 10 0D 22 93 00 00 01 00 00 10 00 3C 0D 00 00 32 8A 
00 FF FF 00 10 0D 22 93 00 00 01 00 00 10 00 3D 0D 00 00 1F DA 
00 FF FF 00 10 0D 22 93 00 00 01 00 00 10 00 3E 0D 00 00 34 B4 
00 FF FF 00 10 0D 22 93 00 00 01 00 00 10 00 3F 0D 00 00 16 B4 
00 FF FF 00 10 0D 22 93 00 00 01 00 00 10 00 40 0D 00 00 1E F2 
00 FF FF 00 10 0D 22 93 00 00 01 00 00 10 00 41 0D 00 00 18 F9 
00 FF FF 00 10 0D 22 93 00 00 01 00 00 10 00 42 0D 00 00 1C AE 
00 FF FF 00 10 0D 22 93 00 00 01 00 00 10 00 43 0D 00 00 14 1E 
00 FF FF 00 10 0D 22 93 00 00 01 00 00 10 00 44 0D 00 00 16 CD 
00 FF FF 00 10 0D 22 93 00 00 01 00 00 10 00 45 0D 00 00 1B 81 
00 FF FF 00 10 0D 22 93 00 00 01 00 00 10 00 46 0D 00 00 1C CD 
00 FF FF 00 10 0D 22 93 00 00 01 00 00 10 00 47 0D 00 00 22 C6 
00 FF FF 00 10 0D 22 93 00 00 01 00 00 10 00 48 0D 00 00 25 FD 
00 FF FF 00 10 0D 22 93 00 00 01 00 00 10 00 49 0D 00 00 0B FE 
00 FF FF 00 10 0D 22 93 00 00 01 00 00 10 00 4A 0D 00 00 0F FD 
00 FF FF 00 10 0D 22 93 00 00 01 00 00 10 00 4B 0D 00 00 1E 2C 
00 FF FF 00 10 0D 22 93 00 00 01 00 00 10 00 4C 0D 00 00 2B B1 
00 FF FF 00 10 0D 22 93 00 00 01 00 00 10 00 4D 0D 00 00 14 B8 
00 FF FF 00 10 0D 22 93 00 00 01 00 00 10 00 4E 0D 00 00 36 A4 
00 FF FF 00 10 0D 22 93 00 00 01 00 00 10 00 4F 0D 00 00 18 F6 
00 FF FF 00 10 0D 22 93 00 00 01 00 00 10 00 50 0D 00 00 34 F4 
00 FF FF 00 10 0D 22 93 00 00 01 00 00 10 00 51 0D 00 00 11 E8 
00 FF FF 00 10 0D 22 93 00 00 01 00 00 10 00 52 0D 00 00 35 9D 
00 FF FF 00 10 0D 22 93 00 00 01 00 00 10 00 53 0D 00 00 18 53 
00 FF FF 00 10 0D 22 93 00 00 01 00 00 10 00 54 0D 00 00 09 6D 
00 FF FF 00 10 0D 22 93 00 00 01 00 00 10 00 55 0D 00 00 25 61 
00 FF FF 00 10 0D 22 93 00 00 01 00 00 10 00 56 0D 00 00 14 ED 
00 FF FF 00 10 0D 22 93 00 00 01 00 00 10 00 57 0D 00 00 0D 70 
00 FF FF 00 10 0D 22 93 00 00 01 00 00 10 00 58 0D 00 00 15 35 
00 FF FF 00 10 0D 22 93 00 00 01 00 00 10 00 59 0D 00 00 34 22 
00 FF FF 00 10 0D 22 93 00 00 01 00 00 10 00 5A 0D 00 00 13 5E 
00 FF FF 00 10 0D 22 93 00 00 01 00 00 10 00 5B 0D 00 00 2D 74 
00 FF FF 00 10 0D 22 93 00 00 01 00 00 10 00 5C 0D 00 00 14 FF 
00 FF FF 00 10 0D 22 93 00 00 01 00 00 10 00 5D 0D 00 00 14 0E 
00 FF FF 00 10 0D 22 93 00 00 01 00 00 10 00 5E 0D 00 00 29 B2 
00 FF FF 00 10 0D 22 93 00 00 01 00 00 10 00 5F 0D 00 00 15 AC 
00 FF FF 00 10 0D 22 93 00 00 01 00 00 10 00 60 0D 00 00 3A 34 
00 FF FF 00 10 0D 22 93 00 00 01 00 00 10 00 61 0D 00 00 11 87 
00 FF FF 00 10 0D 22 93 00 00 01 00 00 10 00 62 0D 00 00 2D 74 
00 FF FF 00 10 0D 22 93 00 00 01 00 00 10 00 63 0D 00 00 12 B3 
00 FF FF 00 10 0D 22 93 00 00 01 00 00 10 00 64 0D 00 00 38 64 
00 FF FF 00 10 0D 22 93 00 00 01 00 00 10 00 65 0D 00 00 12 2A 
00 FF FF 00 10 0D 22 93 00 00 01 00 00 10 00 66 0D 00 00 31 22 
00 FF FF 00 10 0D 22 93 00 00 01 00 00 10 00 67 0D 00 00 23 0C 
00 FF FF 00 10 0D 22 93 00 00 01 00 00 10 00 68 0D 00 00 19 C5 
00 FF FF 00 10 0D 22 93 00 00 01 00 00 10 00 69 0D 00 00 2D 74 
00 FF FF 00 10 0D 22 93 00 00 01 00 00 10 00 6A 0D 00 00 0C F9 
00 FF FF 00 10 0D 22 93 00 00 01 00 00 10 00 6B 0D 00 00 2D 74 
00 FF FF 00 10 0D 22 93 00 00 01 00 00 10 00 6C 0D 00 00 10 BD 
00 FF FF 00 10 0D 22 93 00 00 01 00 00 10 00 6D 0D 00 00 31 02 
00 FF FF 00 10 0D 22 93 00 00 01 00 00 10 00 6E 0D 00 00 11 F7 
00 FF FF 00 10 0D 22 93 00 00 01 00 00 10 00 6F 0D 00 00 1E DC 
00 FF FF 00 10 0D 22 93 00 00 01 00 00 10 00 70 0D 00 00 24 95 
00 FF FF 00 10 0D 22 93 00 00 01 00 00 10 00 71 0D 00 00 1D 56 
00 FF FF 00 10 0D 22 93 00 00 01 00 00 10 00 72 0D 00 00 31 34 
00 FF FF 00 10 0D 22 93 00 00 01 00 00 10 00 73 0D 00 00 12 45 
00 FF FF 00 10 0D 22 93 00 00 01 00 00 10 00 74 0D 00 00 39 4A 
00 FF FF 00 10 0D 22 93 00 00 01 00 00 10 00 75 0D 00 00 0E D2 
00 FF FF 00 10 0D 22 93 00 00 01 00 00 10 00 76 0D 00 00 33 54 
00 FF FF 00 10 0D 22 93 00 00 01 00 00 10 00 77 0D 00 00 0C 1F 
00 FF FF 00 10 0D 22 93 00 00 01 00 00 10 00 78 0D 00 00 33 C3 
00 FF FF 00 10 0D 22 93 00 00 01 00 00 10 00 79 0D 00 00 20 6D 
00 FF FF 00 10 0D 22 93 00 00 01 00 00 10 00 7A 0D 00 00 07 89 
00 FF FF 00 10 0D 22 93 00 00 01 00 00 10 00 7B 0D 00 00 25 02 
00 FF FF 00 10 0D 22 93 00 00 01 00 00 10 00 7C 0D 00 00 12 25 
00 FF FF 00 10 0D 22 93 00 00 01 00 00 10 00 7D 0D 00 00 13 DE 
00 FF FF 00 10 0D 22 93 00 00 01 00 00 10 00 7E 0D 00 00 15 B2 
00 FF FF 00 10 0D 22 93 00 00 01 00 00 10 00 7F 0D 00 00 2E D4 
00 FF FF 00 10 0D 22 93 00 00 01 00 00 10 00 80 0D 00 00 11 CE 
00 FF FF 00 10 0D 22 93 00 00 01 00 00 10 00 81 0D 00 00 2C 91 
00 FF FF 00 10 0D 22 93 00 00 01 00 00 10 00 82 0D 00 00 1A EE 
00 FF FF 00 10 0D 22 93 00 00 01 00 00 10 00 83 0D 00 00 1F DB 
00 FF FF 00 10 0D 22 93 00 00 01 00 00 10 00 84 0D 00 00 27 24 
00 FF FF 00 10 0D 22 93 00 00 01 00 00 10 00 85 0D 00 00 16 24 
00 FF FF 00 10 0D 22 93 00 00 01 00 00 10 00 86 0D 00 00 36 7D 
00 FF FF 00 10 0D 22 93 00 00 01 00 00 10 00 87 0D 00 00 14 D9 
00 FF FF 00 10 0D 22 93 00 00 01 00 00 10 00 88 0D 00 00 33 54 
00 FF FF 00 10 0D 22 93 00 00 01 00 00 10 00 89 0D 00 00 10 FE 
00 FF FF 00 10 0D 22 93 00 00 01 00 00 10 00 8A 0D 00 00 29 AD 
00 FF FF 00 10 0D 22 93 00 00 01 00 00 10 00 8B 0D 00 00 19 24 
00 FF FF 00 10 0D 22 93 00 00 01 00 00 10 00 8C 0D 00 00 0C 20 
00 FF FF 00 10 0D 22 93 00 00 01 00 00 10 00 8D 0D 00 00 20 52 
00 FF FF 00 10 0D 22 93 00 00 01 00 00 10 00 8E 0D 00 00 18 9D 
00 FF FF 00 10 0D 22 93 00 00 01 00 00 10 00 8F 0D 00 00 2B 02 
00 FF FF 00 10 0D 22 93 00 00 01 00 00 10 00 90 0D 00 00 14 58 
00 FF FF 00 10 0D 22 93 00 00 01 00 00 10 00 91 0D 00 00 2C 12 
00 FF FF 00 10 0D 22 93 00 00 01 00 00 10 00 92 0D 00 00 1B 8C 
00 FF FF 00 10 0D 22 93 00 00 01 00 00 10 00 93 0D 00 00 28 6D 
00 FF FF 00 10 0D 22 93 00 00 01 00 00 10 00 94 0D 00 00 15 43 
00 FF FF 00 10 0D 22 93 00 00 01 00 00 10 00 95 0D 00 00 1D 65 
00 FF FF 00 10 0D 22 93 00 00 01 00 00 10 00 96 0D 00 00 1B 7A 
00 FF FF 00 10 0D 22 93 00 00 01 00 00 10 00 97 0D 00 00 17 2D 
00 FF FF 00 10 0D 22 93 00 00 01 00 00 10 00 98 0D 00 00 08 AA 
00 FF FF 00 10 0D 22 93 00 00 01 00 00 10 00 99 0D 00 00 11 EA 
00 FF FF 00 10 0D 22 93 00 00 01 00 00 10 00 9A 0D 00 00 36 74 
00 FF FF 00 10 0D 22 93 00 00 01 00 00 10 00 9B 0D 00 00 23 DA 
00 FF FF 00 10 0D 22 93 00 00 01 00 00 10 00 9C 0D 00 00 26 91 
00 FF FF 00 10 0D 22 93 00 00 01 00 00 10 00 9D 0D 00 00 16 44 
00 FF FF 00 10 0D 22 93 00 00 01 00 00 10 00 9E 0D 00 00 1A C6 
00 FF FF 00 10 0D 22 93 00 00 01 00 00 10 00 9F 0D 00 00 18 1A 
00 FF FF 00 10 0D 22 93 00 00 01 00 00 10 00 A0 0D 00 00 17 39 
00 FF FF 00 10 0D 22 93 00 00 01 00 00 10 00 A1 0D 00 00 21 4A 
00 FF FF 00 10 0D 22 93 00 00 01 00 00 10 00 A2 0D 00 00 1B F3 
00 FF FF 00 10 0D 22 93 00 00 01 00 00 10 00 A3 0D 00 00 2C E3 
00 FF FF 00 10 0D 22 93 00 00 01 00 00 10 00 A4 0D 00 00 24 36 
00 FF FF 00 10 0D 22 93 00 00 01 00 00 10 00 A5 0D 00 00 24 55 
00 FF FF 00 10 0D 22 93 00 00 01 00 00 10 00 A6 0D 00 00 22 11 
00 FF FF 00 10 0D 22 93 00 00 01 00 00 10 00 A7 0D 00 00 1A 7D 
00 FF FF 00 10 0D 22 93 00 00 01 00 00 10 00 A8 0D 00 00 1C AE 
00 FF FF 00 10 0D 22 93 00 00 01 00 00 10 00 A9 0D 00 00 16 53 
00 FF FF 00 10 0D 22 93 00 00 01 00 00 10 00 AA 0D 00 00 19 5E 
00 FF FF 00 10 0D 22 93 00 00 01 00 00 10 00 AB 0D 00 00 1A F9 
00 FF FF 00 10 0D 22 93 00 00 01 00 00 10 00 AC 0D 00 00 24 B6 
00 FF FF 00 10 0D 22 93 00 00 01 00 00 10 00 AD 0D 00 00 31 40 
00 FF FF 00 10 0D 22 93 00 00 01 00 00 10 00 AE 0D 00 00 24 B9 
00 FF FF 00 10 0D 22 93 00 00 01 00 00 10 00 AF 0D 00 00 1C 7A 
00 FF FF 00 10 0D 22 93 00 00 01 00 00 10 00 B0 0D 00 00 1C 89 
00 FF FF 00 10 0D 22 93 00 00 01 00 00 10 00 B1 0D 00 00 1E FA 
00 FF FF 00 10 0D 22 93 00 00 01 00 00 10 00 B2 0D 00 00 12 7F 
00 FF FF 00 10 0D 22 93 00 00 01 00 00 10 00 B3 0D 00 00 1C 36 
00 FF FF 00 10 0D 22 93 00 00 01 00 00 10 00 B4 0D 00 00 27 41 
00 FF FF 00 10 0D 22 93 00 00 01 00 00 10 00 B5 0D 00 00 1D 52 
00 FF FF 00 10 0D 22 93 00 00 01 00 00 10 00 B6 0D 00 00 36 88 
00 FF FF 00 10 0D 22 93 00 00 01 00 00 10 00 B7 0D 00 00 22 2B 
00 FF FF 00 10 0D 22 93 00 00 01 00 00 10 00 B8 0D 00 00 1D CD 
00 FF FF 00 10 0D 22 93 00 00 01 00 00 10 00 B9 0D 00 00 18 03 
00 FF FF 00 10 0D 22 93 00 00 01 00 00 10 00 BA 0D 00 00 1B EE 
00 FF FF 00 10 0D 22 93 00 00 01 00 00 10 00 BB 0D 00 00 19 CE 
00 FF FF 00 10 0D 22 93 00 00 01 00 00 10 00 BC 0D 00 00 1A 5A 
00 FF FF 00 10 0D 22 93 00 00 01 00 00 10 00 BD 0D 00 00 22 2D 
00 FF FF 00 10 0D 22 93 00 00 01 00 00 10 00 BE 0D 00 00 16 48 
00 FF FF 00 10 0D 22 93 00 00 01 00 00 10 00 BF 0D 00 00 34 F4 
00 FF FF 00 10 0D 22 93 00 00 01 00 00 10 00 C0 0D 00 00 21 0E 
00 FF FF 00 10 0D 22 93 00 00 01 00 00 10 00 C1 0D 00 00 32 32 
00 FF FF 00 10 0D 22 93 00 00 01 00 00 10 00 C2 0D 00 00 17 A1 
00 FF FF 00 10 0D 22 93 00 00 01 00 00 10 00 C3 0D 00 00 21 C4 
00 FF FF 00 10 0D 22 93 00 00 01 00 00 10 00 C4 0D 00 00 17 69 
00 FF FF 00 10 0D 22 93 00 00 01 00 00 10 00 C5 0D 00 00 16 5A 
00 FF FF 00 10 0D 22 93 00 00 01 00 00 10 00 C6 0D 00 00 20 F3 
00 FF FF 00 10 0D 22 93 00 00 01 00 00 10 00 C7 0D 00 00 15 CE 
00 FF FF 00 10 0D 22 93 00 00 01 00 00 10 00 C8 0D 00 00 31 C4 
00 FF FF 00 10 0D 22 93 00 00 01 00 00 10 00 C9 0D 00 00 1B F5 
00 FF FF 00 10 0D 22 93 00 00 01 00 00 10 00 CA 0D 00 00 30 44 
00 FF FF 00 10 0D 22 93 00 00 01 00 00 10 00 CB 0D 00 00 14 30 
00 FF FF 00 10 0D 22 93 00 00 01 00 00 10 00 CC 0D 00 00 23 AA 
00 FF FF 00 10 0D 22 93 00 00 01 00 00 10 00 CD 0D 00 00 16 3A 
00 FF FF 00 10 0D 22 93 00 00 01 00 00 10 00 CE 0D 00 00 21 D4 
00 FF FF 00 10 0D 22 93 00 00 01 00 00 10 00 CF 0D 00 00 27 ED 
00 FF FF 00 10 0D 22 93 00 00 01 00 00 10 00 D0 0D 00 00 14 9D 
00 FF FF 00 10 0D 22 93 00 00 01 00 00 10 00 D1 0D 00 00 2C 24 
00 FF FF 00 10 0D 22 93 00 00 01 00 00 10 00 D2 0D 00 00 17 17 
00 FF FF 00 10 0D 22 93 00 00 01 00 00 10 00 D3 0D 00 00 36 A4 
00 FF FF 00 10 0D 22 93 00 00 01 00 00 10 00 D4 0D 00 00 12 63 
00 FF FF 00 10 0D 22 93 00 00 01 00 00 10 00 D5 0D 00 00 33 FA 
00 FF FF 00 10 0D 22 93 00 00 01 00 00 10 00 D6 0D 00 00 11 F5 
00 FF FF 00 10 0D 22 93 00 00 01 00 00 10 00 D7 0D 00 00 22 01 
00 FF FF 00 10 0D 22 93 00 00 01 00 00 10 00 D8 0D 00 00 2A D1 
00 FF FF 00 10 0D 22 93 00 00 01 00 00 10 00 D9 0D 00 00 15 05 
00 FF FF 00 10 0D 22 93 00 00 01 00 00 10 00 DA 0D 00 00 36 A4 
00 FF FF 00 10 0D 22 93 00 00 01 00 00 10 00 DB 0D 00 00 11 EE 
00 FF FF 00 10 0D 22 93 00 00 01 00 00 10 00 DC 0D 00 00 36 95 
00 FF FF 00 10 0D 22 93 00 00 01 00 00 10 00 DD 0D 00 00 11 45 
00 FF FF 00 10 0D 22 93 00 00 01 00 00 10 00 DE 0D 00 00 38 64 
00 FF FF 00 10 0D 22 93 00 00 01 00 00 10 00 DF 0D 00 00 15 87 
00 FF FF 00 10 0D 22 93 00 00 01 00 00 10 00 E0 0D 00 00 2C EE 
00 FF FF 00 10 0D 22 93 00 00 01 00 00 10 00 E1 0D 00 00 2C 19 
00 FF FF 00 10 0D 22 93 00 00 01 00 00 10 00 E2 0D 00 00 17 DB 
00 FF FF 00 10 0D 22 93 00 00 01 00 00 10 00 E3 0D 00 00 08 E2 
00 FF FF 00 10 0D 22 93 00 00 01 00 00 10 00 E4 0D 00 00 12 87 
00 FF FF 00 10 0D 22 93 00 00 01 00 00 10 00 E5 0D 00 00 31 02 
00 FF FF 00 10 0D 22 93 00 00 01 00 00 10 00 E6 0D 00 00 0B 3E 
00 FF FF 00 10 0D 22 93 00 00 01 00 00 10 00 E7 0D 00 00 2E D4 
00 FF FF 00 10 0D 22 93 00 00 01 00 00 10 00 E8 0D 00 00 12 01 
00 FF FF 00 10 0D 22 93 00 00 01 00 00 10 00 E9 0D 00 00 1C 82 
00 FF FF 00 10 0D 22 93 00 00 01 00 00 10 00 EA 0D 00 00 2A EA 
00 FF FF 00 10 0D 22 93 00 00 01 00 00 10 00 EB 0D 00 00 19 E1 
00 FF FF 00 10 0D 22 93 00 00 01 00 00 10 00 EC 0D 00 00 36 A4 
00 FF FF 00 10 0D 22 93 00 00 01 00 00 10 00 ED 0D 00 00 0F 45 
00 FF FF 00 10 0D 22 93 00 00 01 00 00 10 00 EE 0D 00 00 37 82 
00 FF FF 00 10 0D 22 93 00 00 01 00 00 10 00 EF 0D 00 00 11 D6 
00 FF FF 00 10 0D 22 93 00 00 01 00 00 10 00 F0 0D 00 00 36 A4 
00 FF FF 00 10 0D 22 93 00 00 01 00 00 10 00 F1 0D 00 00 11 D5 
00 FF FF 00 10 0D 22 93 00 00 01 00 00 10 00 F2 0D 00 00 2F 85 
00 FF FF 00 10 0D 22 93 00 00 01 00 00 10 00 F3 0D 00 00 19 F0 
00 FF FF 00 10 0D 22 93 00 00 01 00 00 10 00 F4 0D 00 00 1C 9D 
00 FF FF 00 10 0D 22 93 00 00 01 00 00 10 00 F5 0D 00 00 2C 66 
00 FF FF 00 10 0D 22 93 00 00 01 00 00 10 00 F6 0D 00 00 15 18 
00 FF FF 00 10 0D 22 93 00 00 01 00 00 10 00 F7 0D 00 00 37 82 
00 FF FF 00 10 0D 22 93 00 00 01 00 00 10 00 F8 0D 00 00 16 03 
00 FF FF 00 10 0D 22 93 00 00 01 00 00 10 00 F9 0D 00 00 34 F4 
00 FF FF 00 10 0D 22 93 00 00 01 00 00 10 00 FA 0D 00 00 10 1F 
00 FF FF 00 10 0D 22 93 00 00 01 00 00 10 00 FB 0D 00 00 2E 24 
00 FF FF 00 10 0D 22 93 00 00 01 00 00 10 00 FC 0D 00 00 1F F3 
00 FF FF 00 10 0D 22 93 00 00 01 00 00 10 00 FD 0D 00 00 21 69 
00 FF FF 00 10 0D 22 93 00 00 01 00 00 10 00 FE 0D 00 00 2A 9B 
00 FF FF 00 10 0D 22 93 00 00 01 00 00 10 00 FF 0D 00 00 12 74 
00 FF FF 00 10 0D 22 93 00 00 01 00 00 10 01 00 0D 00 00 38 59 
00 FF FF 00 10 0D 22 93 00 00 01 00 00 10 01 01 0D 00 00 18 9B 
00 FF FF 00 10 0D 22 93 00 00 01 00 00 10 01 02 0D 00 00 09 32 
00 FF FF 00 10 0D 22 93 00 00 01 00 00 10 01 03 0D 00 00 11 BA 
00 FF FF 00 10 0D 22 93 00 00 01 00 00 10 01 04 0D 00 00 27 83 
00 FF FF 00 10 0D 22 93 00 00 01 00 00 10 01 05 0D 00 00 1A D2 
00 FF FF 00 10 0D 22 93 00 00 01 00 00 10 01 06 0D 00 00 1D 55 
00 FF FF 00 10 0D 22 93 00 00 01 00 00 10 01 07 0D 00 00 24 D6 
00 FF FF 00 10 0D 22 93 00 00 01 00 00 10 01 08 0D 00 00 12 66 
00 FF FF 00 10 0D 22 93 00 00 01 00 00 10 01 09 0D 00 00 2F 94 
00 FF FF 00 10 0D 22 93 00 00 01 00 00 10 01 0A 0D 00 00 17 3B 
00 FF FF 00 10 0D 22 93 00 00 01 00 00 10 01 0B 0D 00 00 39 4A 
00 FF FF 00 10 0D 22 93 00 00 01 00 00 10 01 0C 0D 00 00 19 AE 
00 FF FF 00 10 0D 22 93 00 00 01 00 00 10 01 0D 0D 00 00 2D FD 
00 FF FF 00 10 0D 22 93 00 00 01 00 00 10 01 0E 0D 00 00 17 21 
00 FF FF 00 10 0D 22 93 00 00 01 00 00 10 01 0F 0D 00 00 1E 83 
00 FF FF 00 10 0D 22 93 00 00 01 00 00 10 01 10 0D 00 00 05 34 
00 FF FF 00 10 0D 22 93 00 00 01 00 00 10 01 11 0D 00 00 17 42 
00 FF FF 00 10 0D 22 93 00 00 01 00 00 10 01 12 0D 00 00 2D 52 
00 FF FF 00 10 0D 22 93 00 00 01 00 00 10 01 13 0D 00 00 1C AF 
00 FF FF 00 10 0D 22 93 00 00 01 00 00 10 01 14 0D 00 00 34 B4 
00 FF FF 00 10 0D 22 93 00 00 01 00 00 10 01 15 0D 00 00 1C 07 
00 FF FF 00 10 0D 22 93 00 00 01 00 00 10 01 16 0D 00 00 27 F9 
00 FF FF 00 10 0D 22 93 00 00 01 00 00 10 01 17 0D 00 00 17 8C 
00 FF FF 00 10 0D 22 93 00 00 01 00 00 10 01 18 0D 00 00 19 E2 
00 FF FF 00 10 0D 22 93 00 00 01 00 00 10 01 19 0D 00 00 1A BA 
00 FF FF 00 10 0D 22 93 00 00 01 00 00 10 01 1A 0D 00 00 17 25 
00 FF FF 00 10 0D 22 93 00 00 01 00 00 10 01 1B 0D 00 00 24 F5 
00 FF FF 00 10 0D 22 93 00 00 01 00 00 10 01 1C 0D 00 00 17 76 
00 FF FF 00 10 0D 22 93 00 00 01 00 00 10 01 1D 0D 00 00 29 A4 
00 FF FF 00 10 0D 22 93 00 00 01 00 00 10 01 1E 0D 00 00 23 91 
00 FF FF 00 10 0D 22 93 00 00 01 00 00 10 01 1F 0D 00 00 23 D0 
00 FF FF 00 10 0D 22 93 00 00 01 00 00 10 01 20 0D 00 00 18 54 
00 FF FF 00 10 0D 22 93 00 00 01 00 00 10 01 21 0D 00 00 1C 29 
00 FF FF 00 10 0D 22 93 00 00 01 00 00 10 01 24 0D 00 00 1E E6 
00 FF FF 00 10 0D 22 93 00 00 01 00 00 10 01 26 0D 00 00 2C 39 
00 FF FF 00 10 0D 22 93 00 00 01 00 00 10 01 27 0D 00 00 26 DF 
00 FF FF 00 10 0D 22 93 00 00 01 00 00 10 01 28 0D 00 00 26 2F 
00 FF FF 00 10 0D 22 93 00 00 01 00 00 10 01 29 0D 00 00 1C 0C 
00 FF FF 00 10 0D 22 93 00 00 01 00 00 10 01 2A 0D 00 00 1A EA 
00 FF FF 00 10 0D 22 93 00 00 01 00 00 10 01 2B 0D 00 00 15 9F 
00 FF FF 00 10 0D 22 93 00 00 01 00 00 10 01 2C 0D 00 00 0B 6F 
00 FF FF 00 10 0D 22 93 00 00 01 00 00 10 01 2D 0D 00 00 1A D9 
00 FF FF 00 10 0D 22 93 00 00 01 00 00 10 01 2E 0D 00 00 1E F3 
00 FF FF 00 10 0D 22 93 00 00 01 00 00 10 01 2F 0D 00 00 09 15 
00 FF FF 00 10 0D 22 93 00 00 01 00 00 10 01 30 0D 00 00 2D 86 
00 FF FF 00 10 0D 22 93 00 00 01 00 00 10 01 31 0D 00 00 23 82 
00 FF FF 00 10 0D 22 93 00 00 01 00 00 10 01 32 0D 00 00 26 4E 
00 FF FF 00 10 0D 22 93 00 00 01 00 00 10 01 33 0D 00 00 1A D2 
00 FF FF 00 10 0D 22 93 00 00 01 00 00 10 01 34 0D 00 00 1A E6 
00 FF FF 00 10 0D 22 93 00 00 01 00 00 10 01 35 0D 00 00 31 C4 
00 FF FF 00 10 0D 22 93 00 00 01 00 00 10 01 36 0D 00 00 17 67 
00 FF FF 00 10 0D 22 93 00 00 01 00 00 10 01 37 0D 00 00 21 89 
00 FF FF 00 10 0D 22 93 00 00 01 00 00 10 01 38 0D 00 00 06 E6 
00 FF FF 00 10 0D 22 93 00 00 01 00 00 10 01 39 0D 00 00 34 0D 
00 FF FF 00 10 0D 22 93 00 00 01 00 00 10 01 3A 0D 00 00 1F 59 
00 FF FF 00 10 0D 22 93 00 00 01 00 00 10 01 3B 0D 00 00 2B AE 
00 FF FF 00 10 0D 22 93 00 00 01 00 00 10 01 3C 0D 00 00 18 EF 
00 FF FF 00 10 0D 22 93 00 00 01 00 00 10 01 3D 0D 00 00 1A 86 
00 FF FF 00 10 0D 22 93 00 00 01 00 00 10 01 3E 0D 00 00 1A 5D 
00 FF FF 00 10 0D 22 93 00 00 01 00 00 10 01 3F 0D 00 00 18 44 
00 FF FF 00 10 0D 22 93 00 00 01 00 00 10 01 40 0D 00 00 25 61 
00 FF FF 00 10 0D 22 93 00 00 01 00 00 10 01 41 0D 00 00 17 B1 
00 FF FF 00 10 0D 22 93 00 00 01 00 00 10 01 42 0D 00 00 38 64 
00 FF FF 00 10 0D 22 93 00 00 01 00 00 10 01 43 0D 00 00 1C D6 
00 FF FF 00 10 0D 22 93 00 00 01 00 00 10 01 44 0D 00 00 2E 54 
00 FF FF 00 10 0D 22 93 00 00 01 00 00 10 01 45 0D 00 00 16 1F 
00 FF FF 00 10 0D 22 93 00 00 01 00 00 10 01 46 0D 00 00 20 6D 
00 FF FF 00 10 0D 22 93 00 00 01 00 00 10 01 47 0D 00 00 19 A5 
00 FF FF 00 10 0D 22 93 00 00 01 00 00 10 01 48 0D 00 00 17 91 
00 FF FF 00 10 0D 22 93 00 00 01 00 00 10 01 49 0D 00 00 23 51 
00 FF FF 00 10 0D 22 93 00 00 01 00 00 10 01 4A 0D 00 00 12 07 
00 FF FF 00 10 0D 22 93 00 00 01 00 00 10 01 4B 0D 00 00 2E 22 
00 FF FF 00 10 0D 22 93 00 00 01 00 00 10 01 4C 0D 00 00 1C 89 
00 FF FF 00 10 0D 22 93 00 00 01 00 00 10 01 4D 0D 00 00 2E D4 
00 FF FF 00 10 0D 22 93 00 00 01 00 00 10 01 4E 0D 00 00 14 0F 
00 FF FF 00 10 0D 22 93 00 00 01 00 00 10 01 4F 0D 00 00 15 0A 
00 FF FF 00 10 0D 22 93 00 00 01 00 00 10 01 50 0D 00 00 15 FF 
00 FF FF 00 10 0D 22 93 00 00 01 00 00 10 01 51 0D 00 00 14 6A 
00 FF FF 00 10 0D 22 93 00 00 01 00 00 10 01 52 0D 00 00 27 EA 
00 FF FF 00 10 0D 22 93 00 00 01 00 00 10 01 53 0D 00 00 0F BA 
00 FF FF 00 10 0D 22 93 00 00 01 00 00 10 01 54 0D 00 00 3C 14 
00 FF FF 00 10 0D 22 93 00 00 01 00 00 10 01 55 0D 00 00 14 74 
00 FF FF 00 10 0D 22 93 00 00 01 00 00 10 01 56 0D 00 00 37 82 
00 FF FF 00 10 0D 22 93 00 00 01 00 00 10 01 57 0D 00 00 0B 53 
00 FF FF 00 10 0D 22 93 00 00 01 00 00 10 01 58 0D 00 00 38 64 
00 FF FF 00 10 0D 22 93 00 00 01 00 00 10 01 59 0D 00 00 12 CE 
00 FF FF 00 10 0D 22 93 00 00 01 00 00 10 01 5A 0D 00 00 20 25 
00 FF FF 00 10 0D 22 93 00 00 01 00 00 10 01 5B 0D 00 00 31 35 
00 FF FF 00 10 0D 22 93 00 00 01 00 00 10 01 5C 0D 00 00 14 C8 
00 FF FF 00 10 0D 22 93 00 00 01 00 00 10 01 5D 0D 00 00 27 9D 
00 FF FF 00 10 0D 22 93 00 00 01 00 00 10 01 5E 0D 00 00 12 48 
00 FF FF 00 10 0D 22 93 00 00 01 00 00 10 01 5F 0D 00 00 32 8A 
00 FF FF 00 10 0D 22 93 00 00 01 00 00 10 01 60 0D 00 00 10 6F 
00 FF FF 00 10 0D 22 93 00 00 01 00 00 10 01 61 0D 00 00 2F 8A 
00 FF FF 00 10 0D 22 93 00 00 01 00 00 10 01 62 0D 00 00 15 41 
00 FF FF 00 10 0D 22 93 00 00 01 00 00 10 01 63 0D 00 00 28 4B 
00 FF FF 00 10 0D 22 93 00 00 01 00 00 10 01 64 0D 00 00 30 3A 
00 FF FF 00 10 0D 22 93 00 00 01 00 00 10 01 65 0D 00 00 0D BF 
00 FF FF 00 10 0D 22 93 00 00 01 00 00 10 01 66 0D 00 00 30 44 
00 FF FF 00 10 0D 22 93 00 00 01 00 00 10 01 67 0D 00 00 0D 86 
00 FF FF 00 10 0D 22 93 00 00 01 00 00 10 01 68 0D 00 00 2D 74 
00 FF FF 00 10 0D 22 93 00 00 01 00 00 10 01 69 0D 00 00 0A FE 
00 FF FF 00 10 0D 22 93 00 00 01 00 00 10 01 6A 0D 00 00 2E 22 
00 FF FF 00 10 0D 22 93 00 00 01 00 00 10 01 6B 0D 00 00 13 5C 
00 FF FF 00 10 0D 22 93 00 00 01 00 00 10 01 6C 0D 00 00 20 84 
00 FF FF 00 10 0D 22 93 00 00 01 00 00 10 01 6D 0D 00 00 20 6C 
00 FF FF 00 10 0D 22 93 00 00 01 00 00 10 01 6E 0D 00 00 0C 65 
00 FF FF 00 10 0D 22 93 00 00 01 00 00 10 01 6F 0D 00 00 38 42 
00 FF FF 00 10 0D 22 93 00 00 01 00 00 10 01 70 0D 00 00 0D A6 
00 FF FF 00 10 0D 22 93 00 00 01 00 00 10 01 71 0D 00 00 30 44 
00 FF FF 00 10 0D 22 93 00 00 01 00 00 10 01 72 0D 00 00 0F FA 
00 FF FF 00 10 0D 22 93 00 00 01 00 00 10 01 73 0D 00 00 2F 9E 
00 FF FF 00 10 0D 22 93 00 00 01 00 00 10 01 74 0D 00 00 0F F9 
00 FF FF 00 10 0D 22 93 00 00 01 00 00 10 01 75 0D 00 00 1E 56 
00 FF FF 00 10 0D 22 93 00 00 01 00 00 10 01 76 0D 00 00 25 45 
00 FF FF 00 10 0D 22 93 00 00 01 00 00 10 01 77 0D 00 00 0E ED 
00 FF FF 00 10 0D 22 93 00 00 01 00 00 10 01 78 0D 00 00 33 DB 
00 FF FF 00 10 0D 22 93 00 00 01 00 00 10 01 79 0D 00 00 0A 06 
00 FF FF 00 10 0D 22 93 00 00 01 00 00 10 01 7A 0D 00 00 37 82 
00 FF FF 00 10 0D 22 93 00 00 01 00 00 10 01 7B 0D 00 00 07 71 
00 FF FF 00 10 0D 22 93 00 00 01 00 00 10 01 7C 0D 00 00 35 CA 
00 FF FF 00 10 0D 22 93 00 00 01 00 00 10 01 7D 0D 00 00 0E A6 
00 FF FF 00 10 0D 22 93 00 00 01 00 00 10 01 7E 0D 00 00 32 21 
00 FF FF 00 10 0D 22 93 00 00 01 00 00 10 01 7F 0D 00 00 21 49 
00 FF FF 00 10 0D 22 93 00 00 01 00 00 10 01 80 0D 00 00 21 86 
00 FF FF 00 10 0D 22 93 00 00 01 00 00 10 01 81 0D 00 00 1C 3E 
00 FF FF 00 10 0D 22 93 00 00 01 00 00 10 01 82 0D 00 00 11 87 
00 FF FF 00 10 0D 22 93 00 00 01 00 00 10 01 83 0D 00 00 31 02 
00 FF FF 00 10 0D 22 93 00 00 01 00 00 10 01 84 0D 00 00 18 66 
00 FF FF 00 10 0D 22 93 00 00 01 00 00 10 01 85 0D 00 00 28 4D 
00 FF FF 00 10 0D 22 93 00 00 01 00 00 10 01 86 0D 00 00 10 FE 
00 FF FF 00 10 0D 22 93 00 00 01 00 00 10 01 87 0D 00 00 1A 51 
00 FF FF 00 10 0D 22 93 00 00 01 00 00 10 01 88 0D 00 00 09 FD 
00 FF FF 00 10 0D 22 93 00 00 01 00 00 10 01 89 0D 00 00 1F 09 
00 FF FF 00 10 0D 22 93 00 00 01 00 00 10 01 8A 0D 00 00 08 38 
00 FF FF 00 10 0D 22 93 00 00 01 00 00 10 01 8B 0D 00 00 16 3D 
00 FF FF 00 10 0D 22 93 00 00 01 00 00 10 01 8C 0D 00 00 19 83 
00 FF FF 00 10 0D 22 93 00 00 01 00 00 10 01 8D 0D 00 00 04 C6 
00 FF FF 00 10 0D 22 93 00 00 01 00 00 10 01 8E 0D 00 00 22 63 
00 FF FF 00 10 0D 22 93 00 00 01 00 00 10 01 8F 0D 00 00 18 81 
00 FF FF 00 10 0D 22 93 00 00 01 00 00 10 01 90 0D 00 00 07 27 
00 FF FF 00 10 0D 22 93 00 00 01 00 00 10 01 91 0D 00 00 1B 2A 
00 FF FF 00 10 0D 22 93 00 00 01 00 00 10 01 92 0D 00 00 1D 91 
00 FF FF 00 10 0D 22 93 00 00 01 00 00 10 01 93 0D 00 00 20 1B 
00 FF FF 00 10 0D 22 93 00 00 01 00 00 10 01 94 0D 00 00 16 1D 
00 FF FF 00 10 0D 22 93 00 00 01 00 00 10 01 95 0D 00 00 2C 6C 
00 FF FF 00 10 0D 22 93 00 00 01 00 00 10 01 96 0D 00 00 28 0A 
00 FF FF 00 10 0D 22 93 00 00 01 00 00 10 01 97 0D 00 00 34 A4 
00 FF FF 00 10 0D 22 93 00 00 01 00 00 10 01 98 0D 00 00 17 93 
00 FF FF 00 10 0D 22 93 00 00 01 00 00 10 01 99 0D 00 00 17 07 
00 FF FF 00 10 0D 22 93 00 00 01 00 00 10 01 9A 0D 00 00 19 B4 
00 FF FF 00 10 0D 22 93 00 00 01 00 00 10 01 9B 0D 00 00 0E 2C 
00 FF FF 00 10 0D 22 93 00 00 01 00 00 10 01 9C 0D 00 00 1A BD 
00 FF FF 00 10 0D 22 93 00 00 01 00 00 10 01 9D 0D 00 00 11 39 
00 FF FF 00 10 0D 22 93 00 00 01 00 00 10 01 9E 0D 00 00 23 7B 
00 FF FF 00 10 0D 22 93 00 00 01 00 00 10 01 9F 0D 00 00 18 C9 
00 FF FF 00 10 0D 22 93 00 00 01 00 00 10 01 A0 0D 00 00 1A EF 
00 FF FF 00 10 0D 22 93 00 00 01 00 00 10 01 A1 0D 00 00 20 9E 
00 FF FF 00 10 0D 22 93 00 00 01 00 00 10 01 A2 0D 00 00 12 BF 
00 FF FF 00 10 0D 22 93 00 00 01 00 00 10 01 A3 0D 00 00 0C AB 
00 FF FF 00 10 0D 22 93 00 00 01 00 00 10 01 A4 0D 00 00 1F A1 
00 FF FF 00 10 0D 22 93 00 00 01 00 00 10 01 A5 0D 00 00 19 D2 
00 FF FF 00 10 0D 22 93 00 00 01 00 00 10 01 A6 0D 00 00 18 F4 
00 FF FF 00 10 0D 22 93 00 00 01 00 00 10 01 A7 0D 00 00 1E F5 
00 FF FF 00 10 0D 22 93 00 00 01 00 00 10 01 A8 0D 00 00 3C 14 
00 FF FF 00 10 0D 22 93 00 00 01 00 00 10 01 A9 0D 00 00 2A 9A 
00 FF FF 00 10 0D 22 93 00 00 01 00 00 10 01 AA 0D 00 00 21 92 
00 FF FF 00 10 0D 22 93 00 00 01 00 00 10 01 AB 0D 00 00 2A B6 
00 FF FF 00 10 0D 22 93 00 00 01 00 00 10 01 AC 0D 00 00 19 84 
00 FF FF 00 10 0D 22 93 00 00 01 00 00 10 01 AD 0D 00 00 2F 8A 
00 FF FF 00 10 0D 22 93 00 00 01 00 00 10 01 AE 0D 00 00 15 B2 
00 FF FF 00 10 0D 22 93 00 00 01 00 00 10 01 AF 0D 00 00 37 82 
00 FF FF 00 10 0D 22 93 00 00 01 00 00 10 01 B0 0D 00 00 1A F4 
00 FF FF 00 10 0D 22 93 00 00 01 00 00 10 01 B1 0D 00 00 1D FA 
00 FF FF 00 10 0D 22 93 00 00 01 00 00 10 01 B2 0D 00 00 24 22 
00 FF FF 00 10 0D 22 93 00 00 01 00 00 10 01 B3 0D 00 00 2A 0E 
00 FF FF 00 10 0D 22 93 00 00 01 00 00 10 01 B4 0D 00 00 2B C5 
00 FF FF 00 10 0D 22 93 00 00 01 00 00 10 01 B5 0D 00 00 24 6E 
00 FF FF 00 10 0D 22 93 00 00 01 00 00 10 01 B6 0D 00 00 19 5B 
00 FF FF 00 10 0D 22 93 00 00 01 00 00 10 01 B7 0D 00 00 15 C1 
00 FF FF 00 10 0D 22 93 00 00 01 00 00 10 01 B8 0D 00 00 1C 9D 
00 FF FF 00 10 0D 22 93 00 00 01 00 00 10 01 B9 0D 00 00 18 4E 
00 FF FF 00 10 0D 22 93 00 00 01 00 00 10 01 BA 0D 00 00 1E 3E 
00 FF FF 00 10 0D 22 93 00 00 01 00 00 10 01 BB 0D 00 00 1B 15 
00 FF FF 00 10 0D 22 93 00 00 01 00 00 10 01 BC 0D 00 00 32 8A 
00 FF FF 00 10 0D 22 93 00 00 01 00 00 10 01 BD 0D 00 00 2A 2A 
00 FF FF 00 10 0D 22 93 00 00 01 00 00 10 01 BE 0D 00 00 2A E4 
00 FF FF 00 10 0D 22 93 00 00 01 00 00 10 01 BF 0D 00 00 32 E6 
00 FF FF 00 10 0D 22 93 00 00 01 00 00 10 01 C0 0D 00 00 1C 2E 
00 FF FF 00 10 0D 22 93 00 00 01 00 00 10 01 C1 0D 00 00 31 02 
00 FF FF 00 10 0D 22 93 00 00 01 00 00 10 01 C2 0D 00 00 1B 01 
00 FF FF 00 10 0D 22 93 00 00 01 00 00 10 01 C3 0D 00 00 37 82 
00 FF FF 00 10 0D 22 93 00 00 01 00 00 10 01 C4 0D 00 00 18 0B 
00 FF FF 00 10 0D 22 93 00 00 01 00 00 10 01 C5 0D 00 00 3C 14 
00 FF FF 00 10 0D 22 93 00 00 01 00 00 10 01 C6 0D 00 00 22 F2 
00 FF FF 00 10 0D 22 93 00 00 01 00 00 10 01 C7 0D 00 00 2A 5D 
00 FF FF 00 10 0D 22 93 00 00 01 00 00 10 01 C8 0D 00 00 2C B1 
00 FF FF 00 10 0D 22 93 00 00 01 00 00 10 01 C9 0D 00 00 1F 4D 
00 FF FF 00 10 0D 22 93 00 00 01 00 00 10 01 CA 0D 00 00 34 22 
00 FF FF 00 10 0D 22 93 00 00 01 00 00 10 01 CB 0D 00 00 17 E2 
00 FF FF 00 10 0D 22 93 00 00 01 00 00 10 01 CC 0D 00 00 1F 46 
00 FF FF 00 10 0D 22 93 00 00 01 00 00 10 01 CD 0D 00 00 16 63 
00 FF FF 00 10 0D 22 93 00 00 01 00 00 10 01 CE 0D 00 00 3C 14 
00 FF FF 00 10 0D 22 93 00 00 01 00 00 10 01 CF 0D 00 00 1C B2 
00 FF FF 00 10 0D 22 93 00 00 01 00 00 10 01 D0 0D 00 00 31 C4 
00 FF FF 00 10 0D 22 93 00 00 01 00 00 10 01 D1 0D 00 00 13 F7 
00 FF FF 00 10 0D 22 93 00 00 01 00 00 10 01 D2 0D 00 00 29 7E 
00 FF FF 00 10 0D 22 93 00 00 01 00 00 10 01 D3 0D 00 00 0F E6 
00 FF FF 00 10 0D 22 93 00 00 01 00 00 10 01 D4 0D 00 00 1F B3 
00 FF FF 00 10 0D 22 93 00 00 01 00 00 10 01 D5 0D 00 00 29 46 
00 FF FF 00 10 0D 22 93 00 00 01 00 00 10 01 D6 0D 00 00 14 33 
00 FF FF 00 10 0D 22 93 00 00 01 00 00 10 01 D7 0D 00 00 28 94 
00 FF FF 00 10 0D 22 93 00 00 01 00 00 10 01 D8 0D 00 00 17 11 
00 FF FF 00 10 0D 22 93 00 00 01 00 00 10 01 D9 0D 00 00 2F 8A 
00 FF FF 00 10 0D 22 93 00 00 01 00 00 10 01 DA 0D 00 00 11 2D 
00 FF FF 00 10 0D 22 93 00 00 01 00 00 10 01 DB 0D 00 00 2A 5D 
00 FF FF 00 10 0D 22 93 00 00 01 00 00 10 01 DC 0D 00 00 1A 53 
00 FF FF 00 10 0D 22 93 00 00 01 00 00 10 01 DD 0D 00 00 24 B9 
00 FF FF 00 10 0D 22 93 00 00 01 00 00 10 01 DE 0D 00 00 2F 85 
00 FF FF 00 10 0D 22 93 00 00 01 00 00 10 01 DF 0D 00 00 12 D2 
00 FF FF 00 10 0D 22 93 00 00 01 00 00 10 01 E0 0D 00 00 36 A4 
00 FF FF 00 10 0D 22 93 00 00 01 00 00 10 01 E1 0D 00 00 12 AF 
00 FF FF 00 10 0D 22 93 00 00 01 00 00 10 01 E2 0D 00 00 28 6D 
00 FF FF 00 10 0D 22 93 00 00 01 00 00 10 01 E3 0D 00 00 0D A5 
00 FF FF 00 10 0D 22 93 00 00 01 00 00 10 01 E4 0D 00 00 1D 41 
00 FF FF 00 10 0D 22 93 00 00 01 00 00 10 01 E5 0D 00 00 16 0B 
00 FF FF 00 10 0D 22 93 00 00 01 00 00 10 01 E6 0D 00 00 12 1A 
00 FF FF 00 10 0D 22 93 00 00 01 00 00 10 01 E7 0D 00 00 2D A6 
00 FF FF 00 10 0D 22 93 00 00 01 00 00 10 01 E8 0D 00 00 12 E1 
00 FF FF 00 10 0D 22 93 00 00 01 00 00 10 01 E9 0D 00 00 30 9A 
00 FF FF 00 10 0D 22 93 00 00 01 00 00 10 01 EA 0D 00 00 0E 5F 
00 FF FF 00 10 0D 22 93 00 00 01 00 00 10 01 EB 0D 00 00 30 44 
00 FF FF 00 10 0D 22 93 00 00 01 00 00 10 01 EC 0D 00 00 12 02 
00 FF FF 00 10 0D 22 93 00 00 01 00 00 10 01 ED 0D 00 00 36 A4 
00 FF FF 00 10 0D 22 93 00 00 01 00 00 10 01 EE 0D 00 00 12 2F 
00 FF FF 00 10 0D 22 93 00 00 01 00 00 10 01 EF 0D 00 00 2B 99 
00 FF FF 00 10 0D 22 93 00 00 01 00 00 10 01 F0 0D 00 00 2A 95 
00 FF FF 00 10 0D 22 93 00 00 01 00 00 10 01 F1 0D 00 00 18 5D 
00 FF FF 00 10 0D 22 93 00 00 01 00 00 10 01 F2 0D 00 00 30 E5 
00 FF FF 00 10 0D 22 93 00 00 01 00 00 10 01 F3 0D 00 00 02 31 
00 FF FF 00 10 0D 22 93 00 00 01 00 00 10 01 F4 0D 00 00 39 4A 
00 FF FF 00 10 0D 22 93 00 00 01 00 00 10 01 F5 0D 00 00 16 43 
00 FF FF 00 10 0D 22 93 00 00 01 00 00 10 01 F6 0D 00 00 38 64 
00 FF FF 00 10 0D 22 93 00 00 01 00 00 10 01 F7 0D 00 00 12 1E 
00 FF FF 00 10 0D 22 93 00 00 01 00 00 10 01 F8 0D 00 00 28 CD 
00 FF FF 00 10 0D 22 93 00 00 01 00 00 10 01 F9 0D 00 00 25 22 
00 FF FF 00 10 0D 22 93 00 00 01 00 00 10 01 FA 0D 00 00 1C 06 
00 FF FF 00 10 0D 22 93 00 00 01 00 00 10 01 FB 0D 00 00 33 C2 
00 FF FF 00 10 0D 22 93 00 00 01 00 00 10 01 FC 0D 00 00 0E 65 
00 FF FF 00 10 0D 22 93 00 00 01 00 00 10 01 FD 0D 00 00 33 D1 
00 FF FF 00 10 0D 22 93 00 00 01 00 00 10 01 FE 0D 00 00 11 79 
00 FF FF 00 10 0D 22 93 00 00 01 00 00 10 01 FF 0D 00 00 34 F4 
00 FF FF 00 10 0D 22 93 00 00 01 00 00 10 02 00 0D 00 00 0C 89 
00 FF FF 00 10 0D 22 93 00 00 01 00 00 10 02 01 0D 00 00 2F 78 
00 FF FF 00 10 0D 22 93 00 00 01 00 00 10 02 02 0D 00 00 09 31 
00 FF FF 00 10 0D 22 93 00 00 01 00 00 10 02 03 0D 00 00 20 2D 
00 FF FF 00 10 0D 22 93 00 00 01 00 00 10 02 04 0D 00 00 27 24 
00 FF FF 00 10 0D 22 93 00 00 01 00 00 10 02 05 0D 00 00 0F CD 
00 FF FF 00 10 0D 22 93 00 00 01 00 00 10 02 06 0D 00 00 30 CA 
00 FF FF 00 10 0D 22 93 00 00 01 00 00 10 02 07 0D 00 00 16 76 
00 FF FF 00 10 0D 22 93 00 00 01 00 00 10 02 08 0D 00 00 31 02 
00 FF FF 00 10 0D 22 93 00 00 01 00 00 10 02 09 0D 00 00 12 53 
00 FF FF 00 10 0D 22 93 00 00 01 00 00 10 02 0A 0D 00 00 15 3B 
00 FF FF 00 10 0D 22 93 00 00 01 00 00 10 02 0B 0D 00 00 1A 9D 
00 FF FF 00 10 0D 22 93 00 00 01 00 00 10 02 0C 0D 00 00 20 49 
00 FF FF 00 10 0D 22 93 00 00 01 00 00 10 02 0D 0D 00 00 24 C9 
00 FF FF 00 10 0D 22 93 00 00 01 00 00 10 02 0E 0D 00 00 15 1C 
00 FF FF 00 10 0D 22 93 00 00 01 00 00 10 02 0F 0D 00 00 19 83 
00 FF FF 00 10 0D 22 93 00 00 01 00 00 10 02 10 0D 00 00 1C 31 
00 FF FF 00 10 0D 22 93 00 00 01 00 00 10 02 11 0D 00 00 15 DA 
00 FF FF 00 10 0D 22 93 00 00 01 00 00 10 02 12 0D 00 00 19 1A 
00 FF FF 00 10 0D 22 93 00 00 01 00 00 10 02 13 0D 00 00 18 FF 
00 FF FF 00 10 0D 22 93 00 00 01 00 00 10 02 14 0D 00 00 18 E2 
00 FF FF 00 10 0D 22 93 00 00 01 00 00 10 02 15 0D 00 00 05 BB 
00 FF FF 00 10 0D 22 93 00 00 01 00 00 10 02 16 0D 00 00 17 42 
00 FF FF 00 10 0D 22 93 00 00 01 00 00 10 02 17 0D 00 00 0C B7 
00 FF FF 00 10 0D 22 93 00 00 01 00 00 10 02 18 0D 00 00 17 30 
00 FF FF 00 10 0D 22 93 00 00 01 00 00 10 02 19 0D 00 00 18 4B 
00 FF FF 00 10 0D 22 93 00 00 01 00 00 10 02 1C 0D 00 00 2A 25 
00 FF FF 00 10 0D 22 93 00 00 01 00 00 10 02 1D 0D 00 00 16 53 
00 FF FF 00 10 0D 22 93 00 00 01 00 00 10 02 1E 0D 00 00 1D 81 
00 FF FF 00 10 0D 22 93 00 00 01 00 00 10 02 1F 0D 00 00 06 83 
00 FF FF 00 10 0D 22 93 00 00 01 00 00 10 02 20 0D 00 00 19 3D 
00 FF FF 00 10 0D 22 93 00 00 01 00 00 10 02 21 0D 00 00 23 52 
00 FF FF 00 10 0D 22 93 00 00 01 00 00 10 02 22 0D 00 00 1A 5E 
00 FF FF 00 10 0D 22 93 00 00 01 00 00 10 02 23 0D 00 00 25 9B 
00 FF FF 00 10 0D 22 93 00 00 01 00 00 10 02 24 0D 00 00 1E 36 
00 FF FF 00 10 0D 22 93 00 00 01 00 00 10 02 25 0D 00 00 27 2A 
00 FF FF 00 10 0D 22 93 00 00 01 00 00 10 02 26 0D 00 00 1E 66 
00 FF FF 00 10 0D 22 93 00 00 01 00 00 10 02 27 0D 00 00 1A 9B 
00 FF FF 00 10 0D 22 93 00 00 01 00 00 10 02 28 0D 00 00 06 28 
00 FF FF 00 10 0D 22 93 00 00 01 00 00 10 02 29 0D 00 00 16 43 
00 FF FF 00 10 0D 22 93 00 00 01 00 00 10 02 2A 0D 00 00 11 C0 
00 FF FF 00 10 0D 22 93 00 00 01 00 00 10 02 2B 0D 00 00 1C 05 
00 FF FF 00 10 0D 22 93 00 00 01 00 00 10 02 2C 0D 00 00 16 4D 
00 FF FF 00 10 0D 22 93 00 00 01 00 00 10 02 2D 0D 00 00 25 4E 
00 FF FF 00 10 0D 22 93 00 00 01 00 00 10 02 2E 0D 00 00 1F 2B 
00 FF FF 00 10 0D 22 93 00 00 01 00 00 10 02 2F 0D 00 00 0A 4A 
00 FF FF 00 10 0D 22 93 00 00 01 00 00 10 02 30 0D 00 00 11 4A 
00 FF FF 00 10 0D 22 93 00 00 01 00 00 10 02 31 0D 00 00 10 13 
00 FF FF 00 10 0D 22 93 00 00 01 00 00 10 02 32 0D 00 00 1B 4A 
00 FF FF 00 10 0D 22 93 00 00 01 00 00 10 02 33 0D 00 00 14 1B 
00 FF FF 00 10 0D 22 93 00 00 01 00 00 10 02 34 0D 00 00 1D 65 
00 FF FF 00 10 0D 22 93 00 00 01 00 00 10 02 35 0D 00 00 11 B4 
00 FF FF 00 10 0D 22 93 00 00 01 00 00 10 02 36 0D 00 00 2E 89 
00 FF FF 00 10 0D 22 93 00 00 01 00 00 10 02 37 0D 00 00 1E 5A 
00 FF FF 00 10 0D 22 93 00 00 01 00 00 10 02 38 0D 00 00 17 C2 
00 FF FF 00 10 0D 22 93 00 00 01 00 00 10 02 39 0D 00 00 17 BA 
00 FF FF 00 10 0D 22 93 00 00 01 00 00 10 02 3A 0D 00 00 0F 91 
00 FF FF 00 10 0D 22 93 00 00 01 00 00 10 02 3B 0D 00 00 17 D5 
00 FF FF 00 10 0D 22 93 00 00 01 00 00 10 02 3C 0D 00 00 11 14 
00 FF FF 00 10 0D 22 93 00 00 01 00 00 10 02 3D 0D 00 00 02 E5 
00 FF FF 00 10 0D 22 93 00 00 01 00 00 10 02 3E 0D 00 00 0E C2 
00 FF FF 00 10 0D 22 93 00 00 01 00 00 10 02 3F 0D 00 00 2C 61 
00 FF FF 00 10 0D 22 93 00 00 01 00 00 10 02 40 0D 00 00 20 A5 
00 FF FF 00 10 0D 22 93 00 00 01 00 00 10 02 41 0D 00 00 23 72 
00 FF FF 00 10 0D 22 93 00 00 01 00 00 10 02 42 0D 00 00 16 17 
00 FF FF 00 10 0D 22 93 00 00 01 00 00 10 02 43 0D 00 00 0F ED 
00 FF FF 00 10 0D 22 93 00 00 01 00 00 10 02 44 0D 00 00 17 91 
00 FF FF 00 10 0D 22 93 00 00 01 00 00 10 02 45 0D 00 00 17 09 
00 FF FF 00 10 0D 22 93 00 00 01 00 00 10 02 46 0D 00 00 1F D5 
00 FF FF 00 10 0D 22 93 00 00 01 00 00 10 02 47 0D 00 00 10 AB 
00 FF FF 00 10 0D 22 93 00 00 01 00 00 10 02 48 0D 00 00 2F 8C 
00 FF FF 00 10 0D 22 93 00 00 01 00 00 10 02 49 0D 00 00 1E EE 
00 FF FF 00 10 0D 22 93 00 00 01 00 00 10 02 4A 0D 00 00 1E 65 
00 FF FF 00 10 0D 22 93 00 00 01 00 00 10 02 4B 0D 00 00 16 C8 
00 FF FF 00 10 0D 22 93 00 00 01 00 00 10 02 4C 0D 00 00 10 F4 
00 FF FF 00 10 0D 22 93 00 00 01 00 00 10 02 4D 0D 00 00 16 6A 
00 FF FF 00 10 0D 22 93 00 00 01 00 00 10 02 4E 0D 00 00 1A 78 
00 FF FF 00 10 0D 22 93 00 00 01 00 00 10 02 4F 0D 00 00 0E CC 
00 FF FF 00 10 0D 22 93 00 00 01 00 00 10 02 50 0D 00 00 10 71 
00 FF FF 00 10 0D 22 93 00 00 01 00 00 10 02 51 0D 00 00 2B 2A 
00 FF FF 00 10 0D 22 93 00 00 01 00 00 10 02 52 0D 00 00 1B 95 
00 FF FF 00 10 0D 22 93 00 00 01 00 00 10 02 53 0D 00 00 1C 26 
00 FF FF 00 10 0D 22 93 00 00 01 00 00 10 02 54 0D 00 00 14 5F 
00 FF FF 00 10 0D 22 93 00 00 01 00 00 10 02 55 0D 00 00 11 2B 
00 FF FF 00 10 0D 22 93 00 00 01 00 00 10 02 56 0D 00 00 16 31 
00 FF FF 00 10 0D 22 93 00 00 01 00 00 10 02 57 0D 00 00 18 10 
00 FF FF 00 10 0D 22 93 00 00 01 00 00 10 02 58 0D 00 00 29 EF 
00 FF FF 00 10 0D 22 93 00 00 01 00 00 10 02 59 0D 00 00 11 55 
00 FF FF 00 10 0D 22 93 00 00 01 00 00 10 02 5A 0D 00 00 26 8D 
00 FF FF 00 10 0D 22 93 00 00 01 00 00 10 02 5B 0D 00 00 15 78 
00 FF FF 00 10 0D 22 93 00 00 01 00 00 10 02 5C 0D 00 00 1A 95 
00 FF FF 00 10 0D 22 93 00 00 01 00 00 10 02 5D 0D 00 00 11 87 
00 FF FF 00 10 0D 22 93 00 00 01 00 00 10 02 5E 0D 00 00 19 16 
00 FF FF 00 10 0D 22 93 00 00 01 00 00 10 02 5F 0D 00 00 16 16 
00 FF FF 00 10 0D 22 93 00 00 01 00 00 10 02 60 0D 00 00 1C 7D 
00 FF FF 00 10 0D 22 93 00 00 01 00 00 10 02 61 0D 00 00 06 3B 
00 FF FF 00 10 0D 22 93 00 00 01 00 00 10 02 62 0D 00 00 13 AB 
00 FF FF 00 10 0D 22 93 00 00 01 00 00 10 02 63 0D 00 00 22 3B 
00 FF FF 00 10 0D 22 93 00 00 01 00 00 10 02 64 0D 00 00 15 8A 
00 FF FF 00 10 0D 22 93 00 00 01 00 00 10 02 65 0D 00 00 17 5D 
00 FF FF 00 10 0D 22 93 00 00 01 00 00 10 02 66 0D 00 00 11 7D 
00 FF FF 00 10 0D 22 93 00 00 01 00 00 10 02 67 0D 00 00 19 31 
00 FF FF 00 10 0D 22 93 00 00 01 00 00 10 02 68 0D 00 00 16 6D 
00 FF FF 00 10 0D 22 93 00 00 01 00 00 10 02 69 0D 00 00 1C E7 
00 FF FF 00 10 0D 22 93 00 00 01 00 00 10 02 6A 0D 00 00 19 56 
00 FF FF 00 10 0D 22 93 00 00 01 00 00 10 02 6B 0D 00 00 0C 4B 
00 FF FF 00 10 0D 22 93 00 00 01 00 00 10 02 6C 0D 00 00 20 5E 
00 FF FF 00 10 0D 22 93 00 00 01 00 00 10 02 6D 0D 00 00 0F 72 
00 FF FF 00 10 0D 22 93 00 00 01 00 00 10 02 6E 0D 00 00 18 4D 
00 FF FF 00 10 0D 22 93 00 00 01 00 00 10 02 6F 0D 00 00 0F 5F 
00 FF FF 00 10 0D 22 93 00 00 01 00 00 10 02 70 0D 00 00 18 83 
00 FF FF 00 10 0D 22 93 00 00 01 00 00 10 02 71 0D 00 00 12 4D 
00 FF FF 00 10 0D 22 93 00 00 01 00 00 10 02 72 0D 00 00 27 81 
00 FF FF 00 10 0D 22 93 00 00 01 00 00 10 02 73 0D 00 00 25 44 
00 FF FF 00 10 0D 22 93 00 00 01 00 00 10 02 74 0D 00 00 18 C5 
00 FF FF 00 10 0D 22 93 00 00 01 00 00 10 02 75 0D 00 00 1C 3A 
00 FF FF 00 10 0D 22 93 00 00 01 00 00 10 02 76 0D 00 00 0E CF 
00 FF FF 00 10 0D 22 93 00 00 01 00 00 10 02 77 0D 00 00 1B 6D 
00 FF FF 00 10 0D 22 93 00 00 01 00 00 10 02 78 0D 00 00 12 6E 
00 FF FF 00 10 0D 22 93 00 00 01 00 00 10 02 79 0D 00 00 1F 2A 
00 FF FF 00 10 0D 22 93 00 00 01 00 00 10 02 7A 0D 00 00 10 58 
00 FF FF 00 10 0D 22 93 00 00 01 00 00 10 02 7B 0D 00 00 11 27 
00 FF FF 00 10 0D 22 93 00 00 01 00 00 10 02 7C 0D 00 00 22 FA 
00 FF FF 00 10 0D 22 93 00 00 01 00 00 10 02 7D 0D 00 00 1C 3F 
00 FF FF 00 10 0D 22 93 00 00 01 00 00 10 02 7E 0D 00 00 17 C9 
00 FF FF 00 10 0D 22 93 00 00 01 00 00 10 02 7F 0D 00 00 0C A8 
00 FF FF 00 10 0D 22 93 00 00 01 00 00 10 02 80 0D 00 00 1A AD 
00 FF FF 00 10 0D 22 93 00 00 01 00 00 10 02 81 0D 00 00 0D 1B 
00 FF FF 00 10 0D 22 93 00 00 01 00 00 10 02 82 0D 00 00 22 AA 
00 FF FF 00 10 0D 22 93 00 00 01 00 00 10 02 83 0D 00 00 0F 2B 
00 FF FF 00 10 0D 22 93 00 00 01 00 00 10 02 84 0D 00 00 0A EA 
00 FF FF 00 10 0D 22 93 00 00 01 00 00 10 02 85 0D 00 00 1E 8A 
00 FF FF 00 10 0D 22 93 00 00 01 00 00 10 02 86 0D 00 00 20 79 
00 FF FF 00 10 0D 22 93 00 00 01 00 00 10 02 87 0D 00 00 17 17 
00 FF FF 00 10 0D 22 93 00 00 01 00 00 10 02 88 0D 00 00 12 DF 
00 FF FF 00 10 0D 22 93 00 00 01 00 00 10 02 89 0D 00 00 1A 9F 
00 FF FF 00 10 0D 22 93 00 00 01 00 00 10 02 8A 0D 00 00 0A DA 
00 FF FF 00 10 0D 22 93 00 00 01 00 00 10 02 8B 0D 00 00 1E AB 
00 FF FF 00 10 0D 22 93 00 00 01 00 00 10 02 8C 0D 00 00 10 CA 
00 FF FF 00 10 0D 22 93 00 00 01 00 00 10 02 8D 0D 00 00 2E F9 
00 FF FF 00 10 0D 22 93 00 00 01 00 00 10 02 8E 0D 00 00 19 35 
00 FF FF 00 10 0D 22 93 00 00 01 00 00 10 02 8F 0D 00 00 1E 1A 
00 FF FF 00 10 0D 22 93 00 00 01 00 00 10 02 90 0D 00 00 13 A7 
00 FF FF 00 10 0D 22 93 00 00 01 00 00 10 02 91 0D 00 00 18 9F 
00 FF FF 00 10 0D 22 93 00 00 01 00 00 10 02 92 0D 00 00 1B B2 
00 FF FF 00 10 0D 22 93 00 00 01 00 00 10 02 93 0D 00 00 1E 33 
00 FF FF 00 10 0D 22 93 00 00 01 00 00 10 02 94 0D 00 00 26 8D 
00 FF FF 00 10 0D 22 93 00 00 01 00 00 10 02 95 0D 00 00 0A AE 
00 FF FF 00 10 0D 22 93 00 00 01 00 00 10 02 96 0D 00 00 21 B6 
00 FF FF 00 10 0D 22 93 00 00 01 00 00 10 02 97 0D 00 00 13 B4 
00 FF FF 00 10 0D 22 93 00 00 01 00 00 10 02 98 0D 00 00 1D 09 
00 FF FF 00 10 0D 22 93 00 00 01 00 00 10 02 99 0D 00 00 11 62 
00 FF FF 00 10 0D 22 93 00 00 01 00 00 10 02 9A 0D 00 00 16 52 
00 FF FF 00 10 0D 22 93 00 00 01 00 00 10 02 9B 0D 00 00 16 BF 
00 FF FF 00 10 0D 22 93 00 00 01 00 00 10 02 9C 0D 00 00 16 1D 
00 FF FF 00 10 0D 22 93 00 00 01 00 00 10 02 9D 0D 00 00 28 EE 
00 FF FF 00 10 0D 22 93 00 00 01 00 00 10 02 9E 0D 00 00 0F 11 
00 FF FF 00 10 0D 22 93 00 00 01 00 00 10 02 9F 0D 00 00 2A 1B 
00 FF FF 00 10 0D 22 93 00 00 01 00 00 10 02 A0 0D 00 00 11 33 
00 FF FF 00 10 0D 22 93 00 00 01 00 00 10 02 A1 0D 00 00 1E 59 
00 FF FF 00 10 0D 22 93 00 00 01 00 00 10 02 A2 0D 00 00 10 98 
00 FF FF 00 10 0D 22 93 00 00 01 00 00 10 02 A3 0D 00 00 16 53 
00 FF FF 00 10 0D 22 93 00 00 01 00 00 10 02 A4 0D 00 00 05 75 
00 FF FF 00 10 0D 22 93 00 00 01 00 00 10 02 A5 0D 00 00 1A 79 
00 FF FF 00 10 0D 22 93 00 00 01 00 00 10 02 A6 0D 00 00 0C CA 
00 FF FF 00 10 0D 22 93 00 00 01 00 00 10 02 A7 0D 00 00 14 63 
00 FF FF 00 10 0D 22 93 00 00 01 00 00 10 02 A8 0D 00 00 27 BB 
00 FF FF 00 10 0D 22 93 00 00 01 00 00 10 02 A9 0D 00 00 11 46 
00 FF FF 00 10 0D 22 93 00 00 01 00 00 10 02 AA 0D 00 00 1B 6D 
00 FF FF 00 10 0D 22 93 00 00 01 00 00 10 02 AB 0D 00 00 12 36 
00 FF FF 00 10 0D 22 93 00 00 01 00 00 10 02 AC 0D 00 00 1B 81 
00 FF FF 00 10 0D 22 93 00 00 01 00 00 10 02 AD 0D 00 00 13 62 
00 FF FF 00 10 0D 22 93 00 00 01 00 00 10 02 AE 0D 00 00 00 56 
00 FF FF 00 10 0D 22 93 00 00 01 00 00 10 02 AF 0D 00 00 08 A6 
00 FF FF 00 10 0D 22 93 00 00 01 00 00 10 02 B0 0D 00 00 17 A6 
00 FF FF 00 10 0D 22 93 00 00 01 00 00 10 02 B1 0D 00 00 23 7D 
00 FF FF 00 10 0D 22 93 00 00 01 00 00 10 02 B2 0D 00 00 10 92 
00 FF FF 00 10 0D 22 93 00 00 01 00 00 10 02 B3 0D 00 00 17 BA 
00 FF FF 00 10 0D 22 93 00 00 01 00 00 10 02 B4 0D 00 00 14 1E 
00 FF FF 00 10 0D 22 93 00 00 01 00 00 10 02 B5 0D 00 00 1D 3B 
00 FF FF 00 10 0D 22 93 00 00 01 00 00 10 02 B6 0D 00 00 12 64 
00 FF FF 00 10 0D 22 93 00 00 01 00 00 10 02 B7 0D 00 00 1D 49 
00 FF FF 00 10 0D 22 93 00 00 01 00 00 10 02 B8 0D 00 00 22 FE 
00 FF FF 00 10 0D 22 93 00 00 01 00 00 10 02 B9 0D 00 00 1D 6C 
00 FF FF 00 10 0D 22 93 00 00 01 00 00 10 02 BA 0D 00 00 22 C7 
00 FF FF 00 10 0D 22 93 00 00 01 00 00 10 02 BB 0D 00 00 10 1A 
00 FF FF 00 10 0D 22 93 00 00 01 00 00 10 02 BC 0D 00 00 19 31 
00 FF FF 00 10 0D 22 93 00 00 01 00 00 10 02 BD 0D 00 00 13 37 
00 FF FF 00 10 0D 22 93 00 00 01 00 00 10 02 BE 0D 00 00 16 52 
00 FF FF 00 10 0D 22 93 00 00 01 00 00 10 02 BF 0D 00 00 15 7D 
00 FF FF 00 10 0D 22 93 00 00 01 00 00 10 02 C0 0D 00 00 19 06 
00 FF FF 00 10 0D 22 93 00 00 01 00 00 10 02 C1 0D 00 00 1C A5 
00 FF FF 00 10 0D 22 93 00 00 01 00 00 10 02 C2 0D 00 00 1B 14 
00 FF FF 00 10 0D 22 93 00 00 01 00 00 10 02 C3 0D 00 00 20 5B 
00 FF FF 00 10 0D 22 93 00 00 01 00 00 10 02 C5 0D 00 00 16 99 
00 FF FF 00 10 0D 22 93 00 00 01 00 00 10 02 C6 0D 00 00 1E AD 
00 FF FF 00 10 0D 22 93 00 00 01 00 00 10 02 C7 0D 00 00 18 78 
00 FF FF 00 10 0D 22 93 00 00 01 00 00 10 02 C8 0D 00 00 18 1A 
00 FF FF 00 10 0D 22 93 00 00 01 00 00 10 02 C9 0D 00 00 25 32 
00 FF FF 00 10 0D 22 93 00 00 01 00 00 10 02 CA 0D 00 00 17 BA 
00 FF FF 00 10 0D 22 93 00 00 01 00 00 10 02 CB 0D 00 00 30 44 
00 FF FF 00 10 0D 22 93 00 00 01 00 00 10 02 CC 0D 00 00 1E AA 
00 FF FF 00 10 0D 22 93 00 00 01 00 00 10 02 CD 0D 00 00 33 54 
00 FF FF 00 10 0D 22 93 00 00 01 00 00 10 02 CE 0D 00 00 16 56 
00 FF FF 00 10 0D 22 93 00 00 01 00 00 10 02 CF 0D 00 00 20 94 
00 FF FF 00 10 0D 22 93 00 00 01 00 00 10 02 D1 0D 00 00 1F 96 
00 FF FF 00 10 0D 22 93 00 00 01 00 00 10 02 D2 0D 00 00 22 C1 
00 FF FF 00 10 0D 22 93 00 00 01 00 00 10 02 D3 0D 00 00 0F 1E 
00 FF FF 00 10 0D 22 93 00 00 01 00 00 10 02 D4 0D 00 00 35 CA 
00 FF FF 00 10 0D 22 93 00 00 01 00 00 10 02 D5 0D 00 00 19 DE 
00 FF FF 00 10 0D 22 93 00 00 01 00 00 10 02 D6 0D 00 00 2C 24 
00 FF FF 00 10 0D 22 93 00 00 01 00 00 10 02 D7 0D 00 00 13 77 
00 FF FF 00 10 0D 22 93 00 00 01 00 00 10 02 D8 0D 00 00 0B E3 
00 FF FF 00 10 0D 22 93 00 00 01 00 00 10 02 D9 0D 00 00 14 63 
00 FF FF 00 10 0D 22 93 00 00 01 00 00 10 02 DA 0D 00 00 1D 96 
00 FF FF 00 10 0D 22 93 00 00 01 00 00 10 02 DB 0D 00 00 1A EA 
00 FF FF 00 10 0D 22 93 00 00 01 00 00 10 02 DC 0D 00 00 13 C6 
00 FF FF 00 10 0D 22 93 00 00 01 00 00 10 02 DD 0D 00 00 37 82 
