00 FF FF 00 10 0D 22 93 00 00 02 00 00 10 00 27 0C 00 00 0D CB 
00 FF FF 00 10 0D 22 93 00 00 02 00 00 10 00 28 0C 00 00 0C BC 
00 FF FF 00 10 0D 22 93 00 00 02 00 00 10 00 2A 0C 00 00 18 CD 
00 FF FF 00 10 0D 22 93 00 00 02 00 00 10 00 2C 0C 00 00 10 65 
00 FF FF 00 10 0D 22 93 00 00 02 00 00 10 00 2D 0C 00 00 0F 15 
00 FF FF 00 10 0D 22 93 00 00 02 00 00 10 00 2F 0C 00 00 13 EE 
00 FF FF 00 10 0D 22 93 00 00 02 00 00 10 00 78 0C 00 00 13 F1 
00 FF FF 00 10 0D 22 93 00 00 02 00 00 10 00 79 0C 00 00 14 16 
00 FF FF 00 10 0D 22 93 00 00 02 00 00 10 00 7A 0C 00 00 0E DE 
00 FF FF 00 10 0D 22 93 00 00 02 00 00 10 00 7B 0C 00 00 0D 44 
00 FF FF 00 10 0D 22 93 00 00 02 00 00 10 00 7C 0C 00 00 0A 4E 
00 FF FF 00 10 0D 22 93 00 00 02 00 00 10 00 7D 0C 00 00 09 99 
00 FF FF 00 10 0D 22 93 00 00 02 00 00 10 00 7E 0C 00 00 0B C8 
00 FF FF 00 10 0D 22 93 00 00 02 00 00 10 00 7F 0C 00 00 06 17 
00 FF FF 00 10 0D 22 93 00 00 02 00 00 10 00 80 0C 00 00 0D 31 
00 FF FF 00 10 0D 22 93 00 00 02 00 00 10 00 81 0C 00 00 07 10 
00 FF FF 00 10 0D 22 93 00 00 02 00 00 10 00 82 0C 00 00 09 5C 
00 FF FF 00 10 0D 22 93 00 00 02 00 00 10 00 83 0C 00 00 06 BF 
00 FF FF 00 10 0D 22 93 00 00 02 00 00 10 00 84 0C 00 00 13 88 
00 FF FF 00 10 0D 22 93 00 00 02 00 00 10 00 85 0C 00 00 12 13 
00 FF FF 00 10 0D 22 93 00 00 02 00 00 10 00 86 0C 00 00 0C 9B 
00 FF FF 00 10 0D 22 93 00 00 02 00 00 10 00 87 0C 00 00 06 F8 
00 FF FF 00 10 0D 22 93 00 00 02 00 00 10 00 88 0C 00 00 0C DA 
00 FF FF 00 10 0D 22 93 00 00 02 00 00 10 00 89 0C 00 00 12 C3 
00 FF FF 00 10 0D 22 93 00 00 02 00 00 10 00 8A 0C 00 00 03 97 
00 FF FF 00 10 0D 22 93 00 00 02 00 00 10 00 8B 0C 00 00 27 73 
00 FF FF 00 10 0D 22 93 00 00 02 00 00 10 00 8C 0C 00 00 07 35 
00 FF FF 00 10 0D 22 93 00 00 02 00 00 10 00 8D 0C 00 00 18 C5 
00 FF FF 00 10 0D 22 93 00 00 02 00 00 10 00 8E 0C 00 00 0D B3 
00 FF FF 00 10 0D 22 93 00 00 02 00 00 10 00 8F 0C 00 00 08 BE 
00 FF FF 00 10 0D 22 93 00 00 02 00 00 10 00 90 0C 00 00 0F EE 
00 FF FF 00 10 0D 22 93 00 00 02 00 00 10 00 91 0C 00 00 13 2C 
00 FF FF 00 10 0D 22 93 00 00 02 00 00 10 00 92 0C 00 00 16 91 
00 FF FF 00 10 0D 22 93 00 00 02 00 00 10 00 93 0C 00 00 0A CE 
00 FF FF 00 10 0D 22 93 00 00 02 00 00 10 00 94 0C 00 00 26 C3 
00 FF FF 00 10 0D 22 93 00 00 02 00 00 10 00 95 0C 00 00 13 AC 
00 FF FF 00 10 0D 22 93 00 00 02 00 00 10 00 96 0C 00 00 07 30 
00 FF FF 00 10 0D 22 93 00 00 02 00 00 10 00 97 0C 00 00 0B 19 
00 FF FF 00 10 0D 22 93 00 00 02 00 00 10 00 98 0C 00 00 18 A4 
00 FF FF 00 10 0D 22 93 00 00 02 00 00 10 00 99 0C 00 00 1D DE 
00 FF FF 00 10 0D 22 93 00 00 02 00 00 10 00 9A 0C 00 00 18 1C 
00 FF FF 00 10 0D 22 93 00 00 02 00 00 10 00 9B 0C 00 00 19 D9 
00 FF FF 00 10 0D 22 93 00 00 02 00 00 10 00 9C 0C 00 00 22 FD 
00 FF FF 00 10 0D 22 93 00 00 02 00 00 10 00 9D 0C 00 00 2B 5E 
00 FF FF 00 10 0D 22 93 00 00 02 00 00 10 00 9E 0C 00 00 1A C4 
00 FF FF 00 10 0D 22 93 00 00 02 00 00 10 00 9F 0C 00 00 15 DB 
00 FF FF 00 10 0D 22 93 00 00 02 00 00 10 00 A0 0C 00 00 15 B8 
00 FF FF 00 10 0D 22 93 00 00 02 00 00 10 00 A1 0C 00 00 1D 9A 
00 FF FF 00 10 0D 22 93 00 00 02 00 00 10 00 A2 0C 00 00 19 C1 
00 FF FF 00 10 0D 22 93 00 00 02 00 00 10 00 A3 0C 00 00 1A 7B 
00 FF FF 00 10 0D 22 93 00 00 02 00 00 10 00 A4 0C 00 00 15 AE 
00 FF FF 00 10 0D 22 93 00 00 02 00 00 10 00 A5 0C 00 00 2C EC 
00 FF FF 00 10 0D 22 93 00 00 02 00 00 10 00 A6 0C 00 00 22 4A 
00 FF FF 00 10 0D 22 93 00 00 02 00 00 10 00 A7 0C 00 00 15 58 
00 FF FF 00 10 0D 22 93 00 00 02 00 00 10 00 A8 0C 00 00 13 E8 
00 FF FF 00 10 0D 22 93 00 00 02 00 00 10 00 A9 0C 00 00 0C 12 
00 FF FF 00 10 0D 22 93 00 00 02 00 00 10 00 AA 0C 00 00 19 35 
00 FF FF 00 10 0D 22 93 00 00 02 00 00 10 00 AB 0C 00 00 1D A5 
00 FF FF 00 10 0D 22 93 00 00 02 00 00 10 00 AC 0C 00 00 23 85 
00 FF FF 00 10 0D 22 93 00 00 02 00 00 10 00 AD 0C 00 00 1B FA 
00 FF FF 00 10 0D 22 93 00 00 02 00 00 10 00 AE 0C 00 00 1B 83 
00 FF FF 00 10 0D 22 93 00 00 02 00 00 10 00 AF 0C 00 00 24 C3 
00 FF FF 00 10 0D 22 93 00 00 02 00 00 10 00 B0 0C 00 00 1C 74 
00 FF FF 00 10 0D 22 93 00 00 02 00 00 10 00 B1 0C 00 00 14 37 
00 FF FF 00 10 0D 22 93 00 00 02 00 00 10 00 B2 0C 00 00 03 2B 
00 FF FF 00 10 0D 22 93 00 00 02 00 00 10 00 B3 0C 00 00 19 55 
00 FF FF 00 10 0D 22 93 00 00 02 00 00 10 00 B4 0C 00 00 12 52 
00 FF FF 00 10 0D 22 93 00 00 02 00 00 10 00 B5 0C 00 00 08 9D 
00 FF FF 00 10 0D 22 93 00 00 02 00 00 10 00 B6 0C 00 00 15 27 
00 FF FF 00 10 0D 22 93 00 00 02 00 00 10 00 B7 0C 00 00 23 51 
00 FF FF 00 10 0D 22 93 00 00 02 00 00 10 00 B8 0C 00 00 0F BB 
00 FF FF 00 10 0D 22 93 00 00 02 00 00 10 00 B9 0C 00 00 0B 47 
00 FF FF 00 10 0D 22 93 00 00 02 00 00 10 00 BA 0C 00 00 0C 16 
00 FF FF 00 10 0D 22 93 00 00 02 00 00 10 00 BB 0C 00 00 09 99 
00 FF FF 00 10 0D 22 93 00 00 02 00 00 10 00 BC 0C 00 00 17 02 
00 FF FF 00 10 0D 22 93 00 00 02 00 00 10 00 BD 0C 00 00 1B 26 
00 FF FF 00 10 0D 22 93 00 00 02 00 00 10 00 BE 0C 00 00 1D 4B 
00 FF FF 00 10 0D 22 93 00 00 02 00 00 10 00 BF 0C 00 00 18 3F 
00 FF FF 00 10 0D 22 93 00 00 02 00 00 10 00 C0 0C 00 00 20 32 
00 FF FF 00 10 0D 22 93 00 00 02 00 00 10 00 C1 0C 00 00 13 6B 
00 FF FF 00 10 0D 22 93 00 00 02 00 00 10 00 C2 0C 00 00 0E FD 
00 FF FF 00 10 0D 22 93 00 00 02 00 00 10 00 C3 0C 00 00 08 3A 
00 FF FF 00 10 0D 22 93 00 00 02 00 00 10 00 C4 0C 00 00 19 A4 
00 FF FF 00 10 0D 22 93 00 00 02 00 00 10 00 C5 0C 00 00 1A 79 
00 FF FF 00 10 0D 22 93 00 00 02 00 00 10 00 C6 0C 00 00 2A 3B 
00 FF FF 00 10 0D 22 93 00 00 02 00 00 10 00 C7 0C 00 00 15 9A 
00 FF FF 00 10 0D 22 93 00 00 02 00 00 10 00 C8 0C 00 00 2A 83 
00 FF FF 00 10 0D 22 93 00 00 02 00 00 10 00 C9 0C 00 00 1A 34 
00 FF FF 00 10 0D 22 93 00 00 02 00 00 10 00 CA 0C 00 00 0F A1 
00 FF FF 00 10 0D 22 93 00 00 02 00 00 10 00 CB 0C 00 00 13 24 
00 FF FF 00 10 0D 22 93 00 00 02 00 00 10 00 CC 0C 00 00 0F 60 
00 FF FF 00 10 0D 22 93 00 00 02 00 00 10 00 CD 0C 00 00 1C BB 
00 FF FF 00 10 0D 22 93 00 00 02 00 00 10 00 CE 0C 00 00 22 E5 
00 FF FF 00 10 0D 22 93 00 00 02 00 00 10 00 CF 0C 00 00 27 9B 
00 FF FF 00 10 0D 22 93 00 00 02 00 00 10 00 D0 0C 00 00 1E BE 
00 FF FF 00 10 0D 22 93 00 00 02 00 00 10 00 D1 0C 00 00 1F BA 
00 FF FF 00 10 0D 22 93 00 00 02 00 00 10 00 D2 0C 00 00 15 0B 
00 FF FF 00 10 0D 22 93 00 00 02 00 00 10 00 D3 0C 00 00 07 8C 
00 FF FF 00 10 0D 22 93 00 00 02 00 00 10 00 D4 0C 00 00 0D 4B 
00 FF FF 00 10 0D 22 93 00 00 02 00 00 10 00 D5 0C 00 00 10 E9 
00 FF FF 00 10 0D 22 93 00 00 02 00 00 10 00 D6 0C 00 00 20 D5 
00 FF FF 00 10 0D 22 93 00 00 02 00 00 10 00 D7 0C 00 00 18 42 
00 FF FF 00 10 0D 22 93 00 00 02 00 00 10 00 D8 0C 00 00 25 84 
00 FF FF 00 10 0D 22 93 00 00 02 00 00 10 00 D9 0C 00 00 17 BB 
00 FF FF 00 10 0D 22 93 00 00 02 00 00 10 00 DA 0C 00 00 0A 3C 
00 FF FF 00 10 0D 22 93 00 00 02 00 00 10 00 DB 0C 00 00 0D D6 
00 FF FF 00 10 0D 22 93 00 00 02 00 00 10 00 DC 0C 00 00 0F 60 
00 FF FF 00 10 0D 22 93 00 00 02 00 00 10 00 DD 0C 00 00 18 E6 
00 FF FF 00 10 0D 22 93 00 00 02 00 00 10 00 DE 0C 00 00 11 1E 
00 FF FF 00 10 0D 22 93 00 00 02 00 00 10 00 DF 0C 00 00 1C C3 
00 FF FF 00 10 0D 22 93 00 00 02 00 00 10 00 E0 0C 00 00 20 2B 
00 FF FF 00 10 0D 22 93 00 00 02 00 00 10 00 E1 0C 00 00 2A B3 
00 FF FF 00 10 0D 22 93 00 00 02 00 00 10 00 E2 0C 00 00 22 5C 
00 FF FF 00 10 0D 22 93 00 00 02 00 00 10 00 E3 0C 00 00 15 7D 
00 FF FF 00 10 0D 22 93 00 00 02 00 00 10 00 E4 0C 00 00 0F 05 
00 FF FF 00 10 0D 22 93 00 00 02 00 00 10 00 E5 0C 00 00 0C 3E 
00 FF FF 00 10 0D 22 93 00 00 02 00 00 10 00 E6 0C 00 00 10 36 
00 FF FF 00 10 0D 22 93 00 00 02 00 00 10 00 E7 0C 00 00 0C AD 
00 FF FF 00 10 0D 22 93 00 00 02 00 00 10 00 E8 0C 00 00 1D 1B 
00 FF FF 00 10 0D 22 93 00 00 02 00 00 10 00 E9 0C 00 00 0B 56 
00 FF FF 00 10 0D 22 93 00 00 02 00 00 10 00 EA 0C 00 00 2D 27 
00 FF FF 00 10 0D 22 93 00 00 02 00 00 10 00 EB 0C 00 00 15 57 
00 FF FF 00 10 0D 22 93 00 00 02 00 00 10 00 EC 0C 00 00 12 D7 
00 FF FF 00 10 0D 22 93 00 00 02 00 00 10 00 ED 0C 00 00 0E FE 
00 FF FF 00 10 0D 22 93 00 00 02 00 00 10 00 EE 0C 00 00 0E B5 
00 FF FF 00 10 0D 22 93 00 00 02 00 00 10 00 EF 0C 00 00 0F 96 
00 FF FF 00 10 0D 22 93 00 00 02 00 00 10 00 F0 0C 00 00 15 4F 
00 FF FF 00 10 0D 22 93 00 00 02 00 00 10 00 F1 0C 00 00 29 BD 
00 FF FF 00 10 0D 22 93 00 00 02 00 00 10 00 F2 0C 00 00 2A B8 
00 FF FF 00 10 0D 22 93 00 00 02 00 00 10 00 F3 0C 00 00 17 E4 
00 FF FF 00 10 0D 22 93 00 00 02 00 00 10 00 F4 0C 00 00 16 68 
00 FF FF 00 10 0D 22 93 00 00 02 00 00 10 00 F5 0C 00 00 11 7F 
00 FF FF 00 10 0D 22 93 00 00 02 00 00 10 00 F6 0C 00 00 17 5C 
00 FF FF 00 10 0D 22 93 00 00 02 00 00 10 00 F7 0C 00 00 10 8A 
00 FF FF 00 10 0D 22 93 00 00 02 00 00 10 00 F8 0C 00 00 19 05 
00 FF FF 00 10 0D 22 93 00 00 02 00 00 10 00 F9 0C 00 00 0F F8 
00 FF FF 00 10 0D 22 93 00 00 02 00 00 10 00 FA 0C 00 00 2D 41 
00 FF FF 00 10 0D 22 93 00 00 02 00 00 10 00 FB 0C 00 00 12 83 
00 FF FF 00 10 0D 22 93 00 00 02 00 00 10 00 FC 0C 00 00 1D 49 
00 FF FF 00 10 0D 22 93 00 00 02 00 00 10 00 FD 0C 00 00 17 66 
00 FF FF 00 10 0D 22 93 00 00 02 00 00 10 00 FE 0C 00 00 11 10 
00 FF FF 00 10 0D 22 93 00 00 02 00 00 10 00 FF 0C 00 00 11 9C 
00 FF FF 00 10 0D 22 93 00 00 02 00 00 10 01 00 0C 00 00 10 21 
00 FF FF 00 10 0D 22 93 00 00 02 00 00 10 01 01 0C 00 00 10 B3 
00 FF FF 00 10 0D 22 93 00 00 02 00 00 10 01 02 0C 00 00 11 D3 
00 FF FF 00 10 0D 22 93 00 00 02 00 00 10 01 03 0C 00 00 19 96 
00 FF FF 00 10 0D 22 93 00 00 02 00 00 10 01 04 0C 00 00 23 81 
00 FF FF 00 10 0D 22 93 00 00 02 00 00 10 01 05 0C 00 00 11 62 
00 FF FF 00 10 0D 22 93 00 00 02 00 00 10 01 06 0C 00 00 11 F0 
00 FF FF 00 10 0D 22 93 00 00 02 00 00 10 01 07 0C 00 00 16 A5 
00 FF FF 00 10 0D 22 93 00 00 02 00 00 10 01 08 0C 00 00 14 6D 
00 FF FF 00 10 0D 22 93 00 00 02 00 00 10 01 09 0C 00 00 13 51 
00 FF FF 00 10 0D 22 93 00 00 02 00 00 10 01 0A 0C 00 00 10 19 
00 FF FF 00 10 0D 22 93 00 00 02 00 00 10 01 0B 0C 00 00 2A 41 
00 FF FF 00 10 0D 22 93 00 00 02 00 00 10 01 0C 0C 00 00 27 36 
00 FF FF 00 10 0D 22 93 00 00 02 00 00 10 01 0D 0C 00 00 1D FB 
00 FF FF 00 10 0D 22 93 00 00 02 00 00 10 01 0E 0C 00 00 13 D2 
00 FF FF 00 10 0D 22 93 00 00 02 00 00 10 01 0F 0C 00 00 0F 5F 
00 FF FF 00 10 0D 22 93 00 00 02 00 00 10 01 10 0C 00 00 15 CC 
00 FF FF 00 10 0D 22 93 00 00 02 00 00 10 01 11 0C 00 00 12 A3 
00 FF FF 00 10 0D 22 93 00 00 02 00 00 10 01 12 0C 00 00 15 27 
00 FF FF 00 10 0D 22 93 00 00 02 00 00 10 01 13 0C 00 00 2B A6 
00 FF FF 00 10 0D 22 93 00 00 02 00 00 10 01 14 0C 00 00 2D 7D 
00 FF FF 00 10 0D 22 93 00 00 02 00 00 10 01 15 0C 00 00 20 A5 
00 FF FF 00 10 0D 22 93 00 00 02 00 00 10 01 16 0C 00 00 1B 1D 
00 FF FF 00 10 0D 22 93 00 00 02 00 00 10 01 17 0C 00 00 08 77 
00 FF FF 00 10 0D 22 93 00 00 02 00 00 10 01 18 0C 00 00 17 88 
00 FF FF 00 10 0D 22 93 00 00 02 00 00 10 01 19 0C 00 00 1A 3E 
00 FF FF 00 10 0D 22 93 00 00 02 00 00 10 01 1A 0C 00 00 16 BB 
00 FF FF 00 10 0D 22 93 00 00 02 00 00 10 01 1B 0C 00 00 0D 0A 
00 FF FF 00 10 0D 22 93 00 00 02 00 00 10 01 1C 0C 00 00 24 81 
00 FF FF 00 10 0D 22 93 00 00 02 00 00 10 01 1D 0C 00 00 31 90 
00 FF FF 00 10 0D 22 93 00 00 02 00 00 10 01 1E 0C 00 00 21 ED 
00 FF FF 00 10 0D 22 93 00 00 02 00 00 10 01 1F 0C 00 00 18 7D 
00 FF FF 00 10 0D 22 93 00 00 02 00 00 10 01 20 0C 00 00 18 F2 
00 FF FF 00 10 0D 22 93 00 00 02 00 00 10 01 21 0C 00 00 15 12 
00 FF FF 00 10 0D 22 93 00 00 02 00 00 10 01 22 0C 00 00 1A FE 
00 FF FF 00 10 0D 22 93 00 00 02 00 00 10 01 23 0C 00 00 0F D8 
00 FF FF 00 10 0D 22 93 00 00 02 00 00 10 01 24 0C 00 00 1B F2 
00 FF FF 00 10 0D 22 93 00 00 02 00 00 10 01 25 0C 00 00 1E 1D 
00 FF FF 00 10 0D 22 93 00 00 02 00 00 10 01 26 0C 00 00 1E 0B 
00 FF FF 00 10 0D 22 93 00 00 02 00 00 10 01 27 0C 00 00 20 B1 
00 FF FF 00 10 0D 22 93 00 00 02 00 00 10 01 28 0C 00 00 10 EB 
00 FF FF 00 10 0D 22 93 00 00 02 00 00 10 01 29 0C 00 00 14 F3 
00 FF FF 00 10 0D 22 93 00 00 02 00 00 10 01 2A 0C 00 00 1D E6 
00 FF FF 00 10 0D 22 93 00 00 02 00 00 10 01 2B 0C 00 00 13 57 
00 FF FF 00 10 0D 22 93 00 00 02 00 00 10 01 2C 0C 00 00 1B B1 
00 FF FF 00 10 0D 22 93 00 00 02 00 00 10 01 2D 0C 00 00 16 32 
00 FF FF 00 10 0D 22 93 00 00 02 00 00 10 01 2E 0C 00 00 2F BE 
00 FF FF 00 10 0D 22 93 00 00 02 00 00 10 01 2F 0C 00 00 17 BB 
00 FF FF 00 10 0D 22 93 00 00 02 00 00 10 01 30 0C 00 00 1B 35 
00 FF FF 00 10 0D 22 93 00 00 02 00 00 10 01 31 0C 00 00 1A D5 
00 FF FF 00 10 0D 22 93 00 00 02 00 00 10 01 32 0C 00 00 15 9F 
00 FF FF 00 10 0D 22 93 00 00 02 00 00 10 01 33 0C 00 00 05 D7 
00 FF FF 00 10 0D 22 93 00 00 02 00 00 10 01 34 0C 00 00 1F 6E 
00 FF FF 00 10 0D 22 93 00 00 02 00 00 10 01 35 0C 00 00 19 11 
00 FF FF 00 10 0D 22 93 00 00 02 00 00 10 01 36 0C 00 00 22 26 
00 FF FF 00 10 0D 22 93 00 00 02 00 00 10 01 37 0C 00 00 20 94 
00 FF FF 00 10 0D 22 93 00 00 02 00 00 10 01 38 0C 00 00 1C 49 
00 FF FF 00 10 0D 22 93 00 00 02 00 00 10 01 39 0C 00 00 19 03 
00 FF FF 00 10 0D 22 93 00 00 02 00 00 10 01 3A 0C 00 00 1F 22 
00 FF FF 00 10 0D 22 93 00 00 02 00 00 10 01 3B 0C 00 00 21 AC 
00 FF FF 00 10 0D 22 93 00 00 02 00 00 10 01 3C 0C 00 00 14 97 
00 FF FF 00 10 0D 22 93 00 00 02 00 00 10 01 3D 0C 00 00 0C 11 
00 FF FF 00 10 0D 22 93 00 00 02 00 00 10 01 3E 0C 00 00 18 87 
00 FF FF 00 10 0D 22 93 00 00 02 00 00 10 01 3F 0C 00 00 34 A4 
00 FF FF 00 10 0D 22 93 00 00 02 00 00 10 01 40 0C 00 00 1E B1 
00 FF FF 00 10 0D 22 93 00 00 02 00 00 10 01 41 0C 00 00 15 DD 
00 FF FF 00 10 0D 22 93 00 00 02 00 00 10 01 42 0C 00 00 1A BD 
00 FF FF 00 10 0D 22 93 00 00 02 00 00 10 01 43 0C 00 00 1D 16 
00 FF FF 00 10 0D 22 93 00 00 02 00 00 10 01 44 0C 00 00 12 D4 
00 FF FF 00 10 0D 22 93 00 00 02 00 00 10 01 45 0C 00 00 07 1D 
00 FF FF 00 10 0D 22 93 00 00 02 00 00 10 01 46 0C 00 00 13 D1 
00 FF FF 00 10 0D 22 93 00 00 02 00 00 10 01 47 0C 00 00 1A 55 
00 FF FF 00 10 0D 22 93 00 00 02 00 00 10 01 48 0C 00 00 26 F1 
00 FF FF 00 10 0D 22 93 00 00 02 00 00 10 01 49 0C 00 00 18 71 
00 FF FF 00 10 0D 22 93 00 00 02 00 00 10 01 4A 0C 00 00 19 C5 
00 FF FF 00 10 0D 22 93 00 00 02 00 00 10 01 4B 0C 00 00 2A B6 
00 FF FF 00 10 0D 22 93 00 00 02 00 00 10 01 4C 0C 00 00 10 CD 
00 FF FF 00 10 0D 22 93 00 00 02 00 00 10 01 4D 0C 00 00 16 FB 
00 FF FF 00 10 0D 22 93 00 00 02 00 00 10 01 4E 0C 00 00 12 65 
00 FF FF 00 10 0D 22 93 00 00 02 00 00 10 01 4F 0C 00 00 11 04 
00 FF FF 00 10 0D 22 93 00 00 02 00 00 10 01 50 0C 00 00 35 B9 
00 FF FF 00 10 0D 22 93 00 00 02 00 00 10 01 51 0C 00 00 1F F6 
00 FF FF 00 10 0D 22 93 00 00 02 00 00 10 01 52 0C 00 00 18 89 
00 FF FF 00 10 0D 22 93 00 00 02 00 00 10 01 53 0C 00 00 25 BE 
00 FF FF 00 10 0D 22 93 00 00 02 00 00 10 01 54 0C 00 00 14 21 
00 FF FF 00 10 0D 22 93 00 00 02 00 00 10 01 55 0C 00 00 1B 33 
00 FF FF 00 10 0D 22 93 00 00 02 00 00 10 01 56 0C 00 00 11 5F 
00 FF FF 00 10 0D 22 93 00 00 02 00 00 10 01 57 0C 00 00 0E DE 
00 FF FF 00 10 0D 22 93 00 00 02 00 00 10 01 58 0C 00 00 15 5B 
00 FF FF 00 10 0D 22 93 00 00 02 00 00 10 01 59 0C 00 00 1E 6F 
00 FF FF 00 10 0D 22 93 00 00 02 00 00 10 01 5A 0C 00 00 1D D5 
00 FF FF 00 10 0D 22 93 00 00 02 00 00 10 01 5B 0C 00 00 19 79 
00 FF FF 00 10 0D 22 93 00 00 02 00 00 10 01 5C 0C 00 00 16 0A 
00 FF FF 00 10 0D 22 93 00 00 02 00 00 10 01 5D 0C 00 00 17 4B 
00 FF FF 00 10 0D 22 93 00 00 02 00 00 10 01 5E 0C 00 00 17 0A 
00 FF FF 00 10 0D 22 93 00 00 02 00 00 10 01 5F 0C 00 00 12 9F 
00 FF FF 00 10 0D 22 93 00 00 02 00 00 10 01 60 0C 00 00 0E 2B 
00 FF FF 00 10 0D 22 93 00 00 02 00 00 10 01 61 0C 00 00 32 12 
00 FF FF 00 10 0D 22 93 00 00 02 00 00 10 01 62 0C 00 00 1C 23 
00 FF FF 00 10 0D 22 93 00 00 02 00 00 10 01 63 0C 00 00 16 FD 
00 FF FF 00 10 0D 22 93 00 00 02 00 00 10 01 64 0C 00 00 16 8F 
00 FF FF 00 10 0D 22 93 00 00 02 00 00 10 01 65 0C 00 00 1C 85 
00 FF FF 00 10 0D 22 93 00 00 02 00 00 10 01 66 0C 00 00 1D A8 
00 FF FF 00 10 0D 22 93 00 00 02 00 00 10 01 67 0C 00 00 14 17 
00 FF FF 00 10 0D 22 93 00 00 02 00 00 10 01 68 0C 00 00 10 A7 
00 FF FF 00 10 0D 22 93 00 00 02 00 00 10 01 69 0C 00 00 15 A2 
00 FF FF 00 10 0D 22 93 00 00 02 00 00 10 01 6A 0C 00 00 0F ED 
00 FF FF 00 10 0D 22 93 00 00 02 00 00 10 01 6B 0C 00 00 19 C7 
00 FF FF 00 10 0D 22 93 00 00 02 00 00 10 01 6C 0C 00 00 18 4D 
00 FF FF 00 10 0D 22 93 00 00 02 00 00 10 01 6D 0C 00 00 1A 7E 
00 FF FF 00 10 0D 22 93 00 00 02 00 00 10 01 6E 0C 00 00 22 5B 
00 FF FF 00 10 0D 22 93 00 00 02 00 00 10 01 6F 0C 00 00 18 C3 
00 FF FF 00 10 0D 22 93 00 00 02 00 00 10 01 70 0C 00 00 11 72 
00 FF FF 00 10 0D 22 93 00 00 02 00 00 10 01 71 0C 00 00 17 B3 
00 FF FF 00 10 0D 22 93 00 00 02 00 00 10 01 72 0C 00 00 13 69 
00 FF FF 00 10 0D 22 93 00 00 02 00 00 10 01 73 0C 00 00 16 1F 
00 FF FF 00 10 0D 22 93 00 00 02 00 00 10 01 74 0C 00 00 19 EB 
00 FF FF 00 10 0D 22 93 00 00 02 00 00 10 01 75 0C 00 00 24 6B 
00 FF FF 00 10 0D 22 93 00 00 02 00 00 10 01 76 0C 00 00 20 52 
00 FF FF 00 10 0D 22 93 00 00 02 00 00 10 01 77 0C 00 00 1F 29 
00 FF FF 00 10 0D 22 93 00 00 02 00 00 10 01 78 0C 00 00 16 77 
00 FF FF 00 10 0D 22 93 00 00 02 00 00 10 01 79 0C 00 00 0F D3 
00 FF FF 00 10 0D 22 93 00 00 02 00 00 10 01 7A 0C 00 00 13 FD 
00 FF FF 00 10 0D 22 93 00 00 02 00 00 10 01 7B 0C 00 00 12 4F 
00 FF FF 00 10 0D 22 93 00 00 02 00 00 10 01 7C 0C 00 00 12 F7 
00 FF FF 00 10 0D 22 93 00 00 02 00 00 10 01 7D 0C 00 00 18 53 
00 FF FF 00 10 0D 22 93 00 00 02 00 00 10 01 7E 0C 00 00 1C 54 
00 FF FF 00 10 0D 22 93 00 00 02 00 00 10 01 7F 0C 00 00 24 0B 
00 FF FF 00 10 0D 22 93 00 00 02 00 00 10 01 80 0C 00 00 16 0C 
00 FF FF 00 10 0D 22 93 00 00 02 00 00 10 01 81 0C 00 00 0E 5E 
00 FF FF 00 10 0D 22 93 00 00 02 00 00 10 01 82 0C 00 00 12 C5 
00 FF FF 00 10 0D 22 93 00 00 02 00 00 10 01 83 0C 00 00 18 F1 
00 FF FF 00 10 0D 22 93 00 00 02 00 00 10 01 84 0C 00 00 12 C1 
00 FF FF 00 10 0D 22 93 00 00 02 00 00 10 01 85 0C 00 00 20 BD 
00 FF FF 00 10 0D 22 93 00 00 02 00 00 10 01 86 0C 00 00 33 54 
00 FF FF 00 10 0D 22 93 00 00 02 00 00 10 01 87 0C 00 00 1C 9A 
00 FF FF 00 10 0D 22 93 00 00 02 00 00 10 01 88 0C 00 00 1E 95 
00 FF FF 00 10 0D 22 93 00 00 02 00 00 10 01 89 0C 00 00 18 08 
00 FF FF 00 10 0D 22 93 00 00 02 00 00 10 01 8A 0C 00 00 14 CB 
00 FF FF 00 10 0D 22 93 00 00 02 00 00 10 01 8B 0C 00 00 17 85 
00 FF FF 00 10 0D 22 93 00 00 02 00 00 10 01 8C 0C 00 00 15 BB 
00 FF FF 00 10 0D 22 93 00 00 02 00 00 10 01 8D 0C 00 00 14 AB 
00 FF FF 00 10 0D 22 93 00 00 02 00 00 10 01 8E 0C 00 00 13 51 
00 FF FF 00 10 0D 22 93 00 00 02 00 00 10 01 8F 0C 00 00 1B 07 
00 FF FF 00 10 0D 22 93 00 00 02 00 00 10 01 90 0C 00 00 1C AA 
00 FF FF 00 10 0D 22 93 00 00 02 00 00 10 01 91 0C 00 00 16 0D 
00 FF FF 00 10 0D 22 93 00 00 02 00 00 10 01 92 0C 00 00 15 A9 
00 FF FF 00 10 0D 22 93 00 00 02 00 00 10 01 93 0C 00 00 16 77 
00 FF FF 00 10 0D 22 93 00 00 02 00 00 10 01 94 0C 00 00 13 67 
00 FF FF 00 10 0D 22 93 00 00 02 00 00 10 01 95 0C 00 00 1F BD 
00 FF FF 00 10 0D 22 93 00 00 02 00 00 10 01 96 0C 00 00 10 C1 
00 FF FF 00 10 0D 22 93 00 00 02 00 00 10 01 97 0C 00 00 17 CD 
00 FF FF 00 10 0D 22 93 00 00 02 00 00 10 01 98 0C 00 00 1E 8E 
00 FF FF 00 10 0D 22 93 00 00 02 00 00 10 01 99 0C 00 00 1C 21 
00 FF FF 00 10 0D 22 93 00 00 02 00 00 10 01 9A 0C 00 00 11 9E 
00 FF FF 00 10 0D 22 93 00 00 02 00 00 10 01 9B 0C 00 00 27 DB 
00 FF FF 00 10 0D 22 93 00 00 02 00 00 10 01 9C 0C 00 00 11 1D 
00 FF FF 00 10 0D 22 93 00 00 02 00 00 10 01 9D 0C 00 00 17 DB 
00 FF FF 00 10 0D 22 93 00 00 02 00 00 10 01 9E 0C 00 00 10 71 
00 FF FF 00 10 0D 22 93 00 00 02 00 00 10 01 9F 0C 00 00 28 05 
00 FF FF 00 10 0D 22 93 00 00 02 00 00 10 01 A0 0C 00 00 1D C2 
00 FF FF 00 10 0D 22 93 00 00 02 00 00 10 01 A1 0C 00 00 18 5A 
00 FF FF 00 10 0D 22 93 00 00 02 00 00 10 01 A2 0C 00 00 1C 3B 
00 FF FF 00 10 0D 22 93 00 00 02 00 00 10 01 A3 0C 00 00 16 D3 
00 FF FF 00 10 0D 22 93 00 00 02 00 00 10 01 A4 0C 00 00 19 E7 
00 FF FF 00 10 0D 22 93 00 00 02 00 00 10 01 A5 0C 00 00 1A 42 
00 FF FF 00 10 0D 22 93 00 00 02 00 00 10 01 A6 0C 00 00 13 5B 
00 FF FF 00 10 0D 22 93 00 00 02 00 00 10 01 A7 0C 00 00 0F 2A 
00 FF FF 00 10 0D 22 93 00 00 02 00 00 10 01 A8 0C 00 00 14 A9 
00 FF FF 00 10 0D 22 93 00 00 02 00 00 10 01 A9 0C 00 00 1D C3 
00 FF FF 00 10 0D 22 93 00 00 02 00 00 10 01 AA 0C 00 00 1A 12 
00 FF FF 00 10 0D 22 93 00 00 02 00 00 10 01 AB 0C 00 00 18 52 
00 FF FF 00 10 0D 22 93 00 00 02 00 00 10 01 AC 0C 00 00 1C 3D 
00 FF FF 00 10 0D 22 93 00 00 02 00 00 10 01 AD 0C 00 00 22 89 
00 FF FF 00 10 0D 22 93 00 00 02 00 00 10 01 AE 0C 00 00 18 04 
00 FF FF 00 10 0D 22 93 00 00 02 00 00 10 01 AF 0C 00 00 0F 03 
00 FF FF 00 10 0D 22 93 00 00 02 00 00 10 01 B0 0C 00 00 11 A9 
00 FF FF 00 10 0D 22 93 00 00 02 00 00 10 01 B1 0C 00 00 15 22 
00 FF FF 00 10 0D 22 93 00 00 02 00 00 10 01 B2 0C 00 00 1E E3 
00 FF FF 00 10 0D 22 93 00 00 02 00 00 10 01 B3 0C 00 00 19 59 
00 FF FF 00 10 0D 22 93 00 00 02 00 00 10 01 B4 0C 00 00 1F 1D 
00 FF FF 00 10 0D 22 93 00 00 02 00 00 10 01 B5 0C 00 00 0A 6B 
00 FF FF 00 10 0D 22 93 00 00 02 00 00 10 01 B6 0C 00 00 1A 83 
00 FF FF 00 10 0D 22 93 00 00 02 00 00 10 01 B7 0C 00 00 17 09 
00 FF FF 00 10 0D 22 93 00 00 02 00 00 10 01 B8 0C 00 00 1F AA 
00 FF FF 00 10 0D 22 93 00 00 02 00 00 10 01 B9 0C 00 00 0D 04 
00 FF FF 00 10 0D 22 93 00 00 02 00 00 10 01 BA 0C 00 00 1D DA 
00 FF FF 00 10 0D 22 93 00 00 02 00 00 10 01 BB 0C 00 00 18 05 
00 FF FF 00 10 0D 22 93 00 00 02 00 00 10 01 BC 0C 00 00 2E D4 
00 FF FF 00 10 0D 22 93 00 00 02 00 00 10 01 BD 0C 00 00 19 F6 
00 FF FF 00 10 0D 22 93 00 00 02 00 00 10 01 BE 0C 00 00 1C 0B 
00 FF FF 00 10 0D 22 93 00 00 02 00 00 10 01 BF 0C 00 00 17 A0 
00 FF FF 00 10 0D 22 93 00 00 02 00 00 10 01 C0 0C 00 00 0F A7 
00 FF FF 00 10 0D 22 93 00 00 02 00 00 10 01 C1 0C 00 00 0D AE 
00 FF FF 00 10 0D 22 93 00 00 02 00 00 10 01 C2 0C 00 00 2E 01 
00 FF FF 00 10 0D 22 93 00 00 02 00 00 10 01 C3 0C 00 00 1B 6E 
00 FF FF 00 10 0D 22 93 00 00 02 00 00 10 01 C4 0C 00 00 19 7D 
00 FF FF 00 10 0D 22 93 00 00 02 00 00 10 01 C5 0C 00 00 1D AC 
00 FF FF 00 10 0D 22 93 00 00 02 00 00 10 01 C6 0C 00 00 19 70 
00 FF FF 00 10 0D 22 93 00 00 02 00 00 10 01 C7 0C 00 00 1A 0B 
00 FF FF 00 10 0D 22 93 00 00 02 00 00 10 01 C8 0C 00 00 11 BA 
00 FF FF 00 10 0D 22 93 00 00 02 00 00 10 01 C9 0C 00 00 0F 23 
00 FF FF 00 10 0D 22 93 00 00 02 00 00 10 01 CA 0C 00 00 10 D2 
00 FF FF 00 10 0D 22 93 00 00 02 00 00 10 01 CB 0C 00 00 17 B6 
00 FF FF 00 10 0D 22 93 00 00 02 00 00 10 01 CC 0C 00 00 1D 01 
00 FF FF 00 10 0D 22 93 00 00 02 00 00 10 01 CD 0C 00 00 18 DD 
00 FF FF 00 10 0D 22 93 00 00 02 00 00 10 01 CE 0C 00 00 19 65 
00 FF FF 00 10 0D 22 93 00 00 02 00 00 10 01 CF 0C 00 00 18 BA 
00 FF FF 00 10 0D 22 93 00 00 02 00 00 10 01 D0 0C 00 00 18 53 
00 FF FF 00 10 0D 22 93 00 00 02 00 00 10 01 D1 0C 00 00 10 2D 
00 FF FF 00 10 0D 22 93 00 00 02 00 00 10 01 D2 0C 00 00 10 4E 
00 FF FF 00 10 0D 22 93 00 00 02 00 00 10 01 D3 0C 00 00 19 46 
00 FF FF 00 10 0D 22 93 00 00 02 00 00 10 01 D4 0C 00 00 14 79 
00 FF FF 00 10 0D 22 93 00 00 02 00 00 10 01 D5 0C 00 00 17 5D 
00 FF FF 00 10 0D 22 93 00 00 02 00 00 10 01 D6 0C 00 00 21 FB 
00 FF FF 00 10 0D 22 93 00 00 02 00 00 10 01 D7 0C 00 00 0C FE 
00 FF FF 00 10 0D 22 93 00 00 02 00 00 10 01 D8 0C 00 00 1D 4E 
00 FF FF 00 10 0D 22 93 00 00 02 00 00 10 01 D9 0C 00 00 25 94 
00 FF FF 00 10 0D 22 93 00 00 02 00 00 10 01 DA 0C 00 00 15 F0 
00 FF FF 00 10 0D 22 93 00 00 02 00 00 10 01 DB 0C 00 00 17 9F 
00 FF FF 00 10 0D 22 93 00 00 02 00 00 10 01 DC 0C 00 00 22 5B 
00 FF FF 00 10 0D 22 93 00 00 02 00 00 10 01 DD 0C 00 00 1C FE 
00 FF FF 00 10 0D 22 93 00 00 02 00 00 10 01 DE 0C 00 00 12 0F 
00 FF FF 00 10 0D 22 93 00 00 02 00 00 10 01 DF 0C 00 00 1D FB 
00 FF FF 00 10 0D 22 93 00 00 02 00 00 10 01 E0 0C 00 00 0F 86 
00 FF FF 00 10 0D 22 93 00 00 02 00 00 10 01 E1 0C 00 00 17 65 
00 FF FF 00 10 0D 22 93 00 00 02 00 00 10 01 E2 0C 00 00 10 3F 
00 FF FF 00 10 0D 22 93 00 00 02 00 00 10 01 E3 0C 00 00 0B 03 
00 FF FF 00 10 0D 22 93 00 00 02 00 00 10 01 E4 0C 00 00 18 E0 
00 FF FF 00 10 0D 22 93 00 00 02 00 00 10 01 E5 0C 00 00 18 54 
00 FF FF 00 10 0D 22 93 00 00 02 00 00 10 01 E6 0C 00 00 1C 85 
00 FF FF 00 10 0D 22 93 00 00 02 00 00 10 01 E7 0C 00 00 15 51 
00 FF FF 00 10 0D 22 93 00 00 02 00 00 10 01 E8 0C 00 00 1B 97 
00 FF FF 00 10 0D 22 93 00 00 02 00 00 10 01 E9 0C 00 00 0D DA 
00 FF FF 00 10 0D 22 93 00 00 02 00 00 10 01 EA 0C 00 00 15 83 
00 FF FF 00 10 0D 22 93 00 00 02 00 00 10 01 EB 0C 00 00 0D 7A 
00 FF FF 00 10 0D 22 93 00 00 02 00 00 10 01 EC 0C 00 00 0E 0B 
00 FF FF 00 10 0D 22 93 00 00 02 00 00 10 01 ED 0C 00 00 11 3B 
00 FF FF 00 10 0D 22 93 00 00 02 00 00 10 01 EE 0C 00 00 0B D4 
00 FF FF 00 10 0D 22 93 00 00 02 00 00 10 01 EF 0C 00 00 17 3A 
00 FF FF 00 10 0D 22 93 00 00 02 00 00 10 01 F0 0C 00 00 0F 6B 
00 FF FF 00 10 0D 22 93 00 00 02 00 00 10 01 F1 0C 00 00 2C 79 
00 FF FF 00 10 0D 22 93 00 00 02 00 00 10 01 F2 0C 00 00 13 10 
00 FF FF 00 10 0D 22 93 00 00 02 00 00 10 01 F3 0C 00 00 10 CF 
00 FF FF 00 10 0D 22 93 00 00 02 00 00 10 01 F5 0C 00 00 16 86 
00 FF FF 00 10 0D 22 93 00 00 02 00 00 10 01 F6 0C 00 00 13 42 
00 FF FF 00 10 0D 22 93 00 00 02 00 00 10 01 F7 0C 00 00 18 4B 
00 FF FF 00 10 0D 22 93 00 00 02 00 00 10 01 F8 0C 00 00 1C 19 
00 FF FF 00 10 0D 22 93 00 00 02 00 00 10 01 F9 0C 00 00 11 C8 
00 FF FF 00 10 0D 22 93 00 00 02 00 00 10 01 FA 0C 00 00 19 69 
00 FF FF 00 10 0D 22 93 00 00 02 00 00 10 01 FB 0C 00 00 29 17 
00 FF FF 00 10 0D 22 93 00 00 02 00 00 10 01 FC 0C 00 00 0D AA 
00 FF FF 00 10 0D 22 93 00 00 02 00 00 10 01 FD 0C 00 00 0D DF 
00 FF FF 00 10 0D 22 93 00 00 02 00 00 10 01 FE 0C 00 00 14 AA 
00 FF FF 00 10 0D 22 93 00 00 02 00 00 10 01 FF 0C 00 00 12 E8 
00 FF FF 00 10 0D 22 93 00 00 02 00 00 10 02 00 0C 00 00 10 F7 
00 FF FF 00 10 0D 22 93 00 00 02 00 00 10 02 01 0C 00 00 19 12 
00 FF FF 00 10 0D 22 93 00 00 02 00 00 10 02 03 0C 00 00 1C B2 
00 FF FF 00 10 0D 22 93 00 00 02 00 00 10 02 04 0C 00 00 10 FB 
00 FF FF 00 10 0D 22 93 00 00 02 00 00 10 02 05 0C 00 00 0A 81 
00 FF FF 00 10 0D 22 93 00 00 02 00 00 10 02 06 0C 00 00 18 48 
00 FF FF 00 10 0D 22 93 00 00 02 00 00 10 02 07 0C 00 00 13 CD 
00 FF FF 00 10 0D 22 93 00 00 02 00 00 10 02 08 0C 00 00 11 C7 
00 FF FF 00 10 0D 22 93 00 00 02 00 00 10 02 09 0C 00 00 16 91 
00 FF FF 00 10 0D 22 93 00 00 02 00 00 10 02 0A 0C 00 00 1D 8D 
00 FF FF 00 10 0D 22 93 00 00 02 00 00 10 02 0B 0C 00 00 2E 54 
00 FF FF 00 10 0D 22 93 00 00 02 00 00 10 02 0C 0C 00 00 13 CE 
00 FF FF 00 10 0D 22 93 00 00 02 00 00 10 02 0D 0C 00 00 1A AF 
00 FF FF 00 10 0D 22 93 00 00 02 00 00 10 02 0E 0C 00 00 0B 83 
00 FF FF 00 10 0D 22 93 00 00 02 00 00 10 02 0F 0C 00 00 10 3F 
00 FF FF 00 10 0D 22 93 00 00 02 00 00 10 02 10 0C 00 00 0F 50 
00 FF FF 00 10 0D 22 93 00 00 02 00 00 10 02 11 0C 00 00 10 CB 
00 FF FF 00 10 0D 22 93 00 00 02 00 00 10 02 12 0C 00 00 27 71 
00 FF FF 00 10 0D 22 93 00 00 02 00 00 10 02 13 0C 00 00 25 FA 
00 FF FF 00 10 0D 22 93 00 00 02 00 00 10 02 14 0C 00 00 15 A5 
00 FF FF 00 10 0D 22 93 00 00 02 00 00 10 02 15 0C 00 00 21 9A 
00 FF FF 00 10 0D 22 93 00 00 02 00 00 10 02 16 0C 00 00 16 FB 
00 FF FF 00 10 0D 22 93 00 00 02 00 00 10 02 17 0C 00 00 10 BE 
00 FF FF 00 10 0D 22 93 00 00 02 00 00 10 02 18 0C 00 00 11 09 
00 FF FF 00 10 0D 22 93 00 00 02 00 00 10 02 19 0C 00 00 0C 51 
00 FF FF 00 10 0D 22 93 00 00 02 00 00 10 02 1A 0C 00 00 2F A8 
00 FF FF 00 10 0D 22 93 00 00 02 00 00 10 02 1B 0C 00 00 1C C5 
00 FF FF 00 10 0D 22 93 00 00 02 00 00 10 02 1C 0C 00 00 32 F1 
00 FF FF 00 10 0D 22 93 00 00 02 00 00 10 02 1D 0C 00 00 2A 41 
00 FF FF 00 10 0D 22 93 00 00 02 00 00 10 02 1E 0C 00 00 19 41 
00 FF FF 00 10 0D 22 93 00 00 02 00 00 10 02 1F 0C 00 00 13 61 
00 FF FF 00 10 0D 22 93 00 00 02 00 00 10 02 20 0C 00 00 0C EE 
00 FF FF 00 10 0D 22 93 00 00 02 00 00 10 02 21 0C 00 00 0F AD 
00 FF FF 00 10 0D 22 93 00 00 02 00 00 10 02 22 0C 00 00 0A A7 
00 FF FF 00 10 0D 22 93 00 00 02 00 00 10 02 23 0C 00 00 14 C7 
00 FF FF 00 10 0D 22 93 00 00 02 00 00 10 02 24 0C 00 00 24 A6 
00 FF FF 00 10 0D 22 93 00 00 02 00 00 10 02 25 0C 00 00 2F C1 
00 FF FF 00 10 0D 22 93 00 00 02 00 00 10 02 26 0C 00 00 22 15 
00 FF FF 00 10 0D 22 93 00 00 02 00 00 10 02 27 0C 00 00 11 3C 
00 FF FF 00 10 0D 22 93 00 00 02 00 00 10 02 28 0C 00 00 0E FD 
00 FF FF 00 10 0D 22 93 00 00 02 00 00 10 02 29 0C 00 00 0E 7D 
00 FF FF 00 10 0D 22 93 00 00 02 00 00 10 02 2A 0C 00 00 0D 35 
00 FF FF 00 10 0D 22 93 00 00 02 00 00 10 02 2B 0C 00 00 0A D7 
