00 FF FF 00 10 0D 22 93 00 00 02 00 00 10 00 44 0C 00 00 03 25 
00 FF FF 00 10 0D 22 93 00 00 02 00 00 10 00 45 0C 00 00 0E C3 
00 FF FF 00 10 0D 22 93 00 00 02 00 00 10 00 47 0C 00 00 17 F4 
00 FF FF 00 10 0D 22 93 00 00 02 00 00 10 00 4A 0C 00 00 09 73 
00 FF FF 00 10 0D 22 93 00 00 02 00 00 10 00 4B 0C 00 00 08 B0 
00 FF FF 00 10 0D 22 93 00 00 02 00 00 10 00 4D 0C 00 00 09 D3 
00 FF FF 00 10 0D 22 93 00 00 02 00 00 10 00 64 0C 00 00 13 AE 
00 FF FF 00 10 0D 22 93 00 00 02 00 00 10 00 65 0C 00 00 08 C5 
00 FF FF 00 10 0D 22 93 00 00 02 00 00 10 00 66 0C 00 00 08 E5 
00 FF FF 00 10 0D 22 93 00 00 02 00 00 10 00 67 0C 00 00 06 CC 
00 FF FF 00 10 0D 22 93 00 00 02 00 00 10 00 68 0C 00 00 0C 68 
00 FF FF 00 10 0D 22 93 00 00 02 00 00 10 00 69 0C 00 00 0C 94 
00 FF FF 00 10 0D 22 93 00 00 02 00 00 10 00 6A 0C 00 00 06 DA 
00 FF FF 00 10 0D 22 93 00 00 02 00 00 10 00 6B 0C 00 00 05 64 
00 FF FF 00 10 0D 22 93 00 00 02 00 00 10 00 6C 0C 00 00 0C 4A 
00 FF FF 00 10 0D 22 93 00 00 02 00 00 10 00 6D 0C 00 00 09 7E 
00 FF FF 00 10 0D 22 93 00 00 02 00 00 10 00 6E 0C 00 00 0D 77 
00 FF FF 00 10 0D 22 93 00 00 02 00 00 10 00 6F 0C 00 00 06 92 
00 FF FF 00 10 0D 22 93 00 00 02 00 00 10 00 70 0C 00 00 08 3E 
00 FF FF 00 10 0D 22 93 00 00 02 00 00 10 00 71 0C 00 00 04 CF 
00 FF FF 00 10 0D 22 93 00 00 02 00 00 10 00 72 0C 00 00 07 30 
00 FF FF 00 10 0D 22 93 00 00 02 00 00 10 00 73 0C 00 00 07 8D 
00 FF FF 00 10 0D 22 93 00 00 02 00 00 10 00 74 0C 00 00 0D F6 
00 FF FF 00 10 0D 22 93 00 00 02 00 00 10 00 75 0C 00 00 0B 18 
00 FF FF 00 10 0D 22 93 00 00 02 00 00 10 00 76 0C 00 00 05 90 
00 FF FF 00 10 0D 22 93 00 00 02 00 00 10 00 77 0C 00 00 02 86 
00 FF FF 00 10 0D 22 93 00 00 02 00 00 10 00 78 0C 00 00 05 AE 
00 FF FF 00 10 0D 22 93 00 00 02 00 00 10 00 79 0C 00 00 04 25 
00 FF FF 00 10 0D 22 93 00 00 02 00 00 10 00 7A 0C 00 00 03 1D 
00 FF FF 00 10 0D 22 93 00 00 02 00 00 10 00 7B 0C 00 00 08 23 
00 FF FF 00 10 0D 22 93 00 00 02 00 00 10 00 7C 0C 00 00 06 12 
00 FF FF 00 10 0D 22 93 00 00 02 00 00 10 00 7D 0C 00 00 08 67 
00 FF FF 00 10 0D 22 93 00 00 02 00 00 10 00 7E 0C 00 00 0B 6B 
00 FF FF 00 10 0D 22 93 00 00 02 00 00 10 00 7F 0C 00 00 08 B1 
00 FF FF 00 10 0D 22 93 00 00 02 00 00 10 00 80 0C 00 00 07 08 
00 FF FF 00 10 0D 22 93 00 00 02 00 00 10 00 81 0C 00 00 0C D5 
00 FF FF 00 10 0D 22 93 00 00 02 00 00 10 00 82 0C 00 00 0C 5A 
00 FF FF 00 10 0D 22 93 00 00 02 00 00 10 00 83 0C 00 00 07 89 
00 FF FF 00 10 0D 22 93 00 00 02 00 00 10 00 84 0C 00 00 07 0A 
00 FF FF 00 10 0D 22 93 00 00 02 00 00 10 00 85 0C 00 00 05 A6 
00 FF FF 00 10 0D 22 93 00 00 02 00 00 10 00 86 0C 00 00 06 57 
00 FF FF 00 10 0D 22 93 00 00 02 00 00 10 00 87 0C 00 00 06 B4 
00 FF FF 00 10 0D 22 93 00 00 02 00 00 10 00 88 0C 00 00 0D 6E 
00 FF FF 00 10 0D 22 93 00 00 02 00 00 10 00 89 0C 00 00 03 B0 
00 FF FF 00 10 0D 22 93 00 00 02 00 00 10 00 8A 0C 00 00 08 91 
00 FF FF 00 10 0D 22 93 00 00 02 00 00 10 00 8B 0C 00 00 06 FF 
00 FF FF 00 10 0D 22 93 00 00 02 00 00 10 00 8C 0C 00 00 09 AD 
00 FF FF 00 10 0D 22 93 00 00 02 00 00 10 00 8D 0C 00 00 0C 1B 
00 FF FF 00 10 0D 22 93 00 00 02 00 00 10 00 8E 0C 00 00 07 60 
00 FF FF 00 10 0D 22 93 00 00 02 00 00 10 00 8F 0C 00 00 09 5B 
00 FF FF 00 10 0D 22 93 00 00 02 00 00 10 00 90 0C 00 00 0C 24 
00 FF FF 00 10 0D 22 93 00 00 02 00 00 10 00 91 0C 00 00 09 ED 
00 FF FF 00 10 0D 22 93 00 00 02 00 00 10 00 92 0C 00 00 04 27 
00 FF FF 00 10 0D 22 93 00 00 02 00 00 10 00 93 0C 00 00 07 D6 
00 FF FF 00 10 0D 22 93 00 00 02 00 00 10 00 94 0C 00 00 0A 4E 
00 FF FF 00 10 0D 22 93 00 00 02 00 00 10 00 95 0C 00 00 06 CC 
00 FF FF 00 10 0D 22 93 00 00 02 00 00 10 00 96 0C 00 00 10 D7 
00 FF FF 00 10 0D 22 93 00 00 02 00 00 10 00 97 0C 00 00 0B 9B 
00 FF FF 00 10 0D 22 93 00 00 02 00 00 10 00 98 0C 00 00 07 05 
00 FF FF 00 10 0D 22 93 00 00 02 00 00 10 00 99 0C 00 00 0A C9 
00 FF FF 00 10 0D 22 93 00 00 02 00 00 10 00 9A 0C 00 00 0C 28 
00 FF FF 00 10 0D 22 93 00 00 02 00 00 10 00 9B 0C 00 00 06 92 
00 FF FF 00 10 0D 22 93 00 00 02 00 00 10 00 9C 0C 00 00 05 FD 
00 FF FF 00 10 0D 22 93 00 00 02 00 00 10 00 9D 0C 00 00 07 3D 
00 FF FF 00 10 0D 22 93 00 00 02 00 00 10 00 9E 0C 00 00 0E 74 
00 FF FF 00 10 0D 22 93 00 00 02 00 00 10 00 9F 0C 00 00 06 EA 
00 FF FF 00 10 0D 22 93 00 00 02 00 00 10 00 A0 0C 00 00 03 58 
00 FF FF 00 10 0D 22 93 00 00 02 00 00 10 00 A1 0C 00 00 02 F9 
00 FF FF 00 10 0D 22 93 00 00 02 00 00 10 00 A2 0C 00 00 07 C3 
00 FF FF 00 10 0D 22 93 00 00 02 00 00 10 00 A3 0C 00 00 0B 02 
00 FF FF 00 10 0D 22 93 00 00 02 00 00 10 00 A4 0C 00 00 07 2D 
00 FF FF 00 10 0D 22 93 00 00 02 00 00 10 00 A5 0C 00 00 05 62 
00 FF FF 00 10 0D 22 93 00 00 02 00 00 10 00 A6 0C 00 00 02 71 
00 FF FF 00 10 0D 22 93 00 00 02 00 00 10 00 A7 0C 00 00 08 1C 
00 FF FF 00 10 0D 22 93 00 00 02 00 00 10 00 A8 0C 00 00 06 7F 
00 FF FF 00 10 0D 22 93 00 00 02 00 00 10 00 A9 0C 00 00 0A C4 
00 FF FF 00 10 0D 22 93 00 00 02 00 00 10 00 AA 0C 00 00 02 26 
00 FF FF 00 10 0D 22 93 00 00 02 00 00 10 00 AB 0C 00 00 0C F7 
00 FF FF 00 10 0D 22 93 00 00 02 00 00 10 00 AC 0C 00 00 03 F8 
00 FF FF 00 10 0D 22 93 00 00 02 00 00 10 00 AD 0C 00 00 06 86 
00 FF FF 00 10 0D 22 93 00 00 02 00 00 10 00 AE 0C 00 00 08 CD 
00 FF FF 00 10 0D 22 93 00 00 02 00 00 10 00 AF 0C 00 00 0C 11 
00 FF FF 00 10 0D 22 93 00 00 02 00 00 10 00 B0 0C 00 00 0A 67 
00 FF FF 00 10 0D 22 93 00 00 02 00 00 10 00 B1 0C 00 00 06 54 
00 FF FF 00 10 0D 22 93 00 00 02 00 00 10 00 B2 0C 00 00 07 DE 
00 FF FF 00 10 0D 22 93 00 00 02 00 00 10 00 B3 0C 00 00 07 F3 
00 FF FF 00 10 0D 22 93 00 00 02 00 00 10 00 B4 0C 00 00 04 B0 
00 FF FF 00 10 0D 22 93 00 00 02 00 00 10 00 B5 0C 00 00 08 3F 
00 FF FF 00 10 0D 22 93 00 00 02 00 00 10 00 B6 0C 00 00 05 BE 
00 FF FF 00 10 0D 22 93 00 00 02 00 00 10 00 B7 0C 00 00 0C 95 
00 FF FF 00 10 0D 22 93 00 00 02 00 00 10 00 B8 0C 00 00 01 29 
00 FF FF 00 10 0D 22 93 00 00 02 00 00 10 00 B9 0C 00 00 09 8E 
00 FF FF 00 10 0D 22 93 00 00 02 00 00 10 00 BA 0C 00 00 07 4B 
00 FF FF 00 10 0D 22 93 00 00 02 00 00 10 00 BB 0C 00 00 04 A7 
00 FF FF 00 10 0D 22 93 00 00 02 00 00 10 00 BC 0C 00 00 07 98 
00 FF FF 00 10 0D 22 93 00 00 02 00 00 10 00 BD 0C 00 00 06 FA 
00 FF FF 00 10 0D 22 93 00 00 02 00 00 10 00 BE 0C 00 00 0E 88 
00 FF FF 00 10 0D 22 93 00 00 02 00 00 10 00 BF 0C 00 00 05 FD 
00 FF FF 00 10 0D 22 93 00 00 02 00 00 10 00 C0 0C 00 00 0C BD 
00 FF FF 00 10 0D 22 93 00 00 02 00 00 10 00 C1 0C 00 00 03 E7 
00 FF FF 00 10 0D 22 93 00 00 02 00 00 10 00 C2 0C 00 00 06 6E 
00 FF FF 00 10 0D 22 93 00 00 02 00 00 10 00 C3 0C 00 00 0A 2F 
00 FF FF 00 10 0D 22 93 00 00 02 00 00 10 00 C4 0C 00 00 09 7D 
00 FF FF 00 10 0D 22 93 00 00 02 00 00 10 00 C5 0C 00 00 0C 36 
00 FF FF 00 10 0D 22 93 00 00 02 00 00 10 00 C6 0C 00 00 03 0A 
00 FF FF 00 10 0D 22 93 00 00 02 00 00 10 00 C7 0C 00 00 05 2B 
00 FF FF 00 10 0D 22 93 00 00 02 00 00 10 00 C8 0C 00 00 04 E8 
00 FF FF 00 10 0D 22 93 00 00 02 00 00 10 00 C9 0C 00 00 08 D7 
00 FF FF 00 10 0D 22 93 00 00 02 00 00 10 00 CA 0C 00 00 02 35 
00 FF FF 00 10 0D 22 93 00 00 02 00 00 10 00 CB 0C 00 00 02 EE 
00 FF FF 00 10 0D 22 93 00 00 02 00 00 10 00 CC 0C 00 00 02 DE 
00 FF FF 00 10 0D 22 93 00 00 02 00 00 10 00 CD 0C 00 00 05 C3 
00 FF FF 00 10 0D 22 93 00 00 02 00 00 10 00 CE 0C 00 00 05 F9 
00 FF FF 00 10 0D 22 93 00 00 02 00 00 10 00 CF 0C 00 00 04 C3 
00 FF FF 00 10 0D 22 93 00 00 02 00 00 10 00 D0 0C 00 00 05 AE 
00 FF FF 00 10 0D 22 93 00 00 02 00 00 10 00 D1 0C 00 00 07 F8 
00 FF FF 00 10 0D 22 93 00 00 02 00 00 10 00 D2 0C 00 00 07 DB 
00 FF FF 00 10 0D 22 93 00 00 02 00 00 10 00 D3 0C 00 00 03 4B 
00 FF FF 00 10 0D 22 93 00 00 02 00 00 10 00 D4 0C 00 00 07 27 
00 FF FF 00 10 0D 22 93 00 00 02 00 00 10 00 D5 0C 00 00 03 D2 
00 FF FF 00 10 0D 22 93 00 00 02 00 00 10 00 D6 0C 00 00 02 63 
00 FF FF 00 10 0D 22 93 00 00 02 00 00 10 00 D7 0C 00 00 07 4D 
00 FF FF 00 10 0D 22 93 00 00 02 00 00 10 00 D8 0C 00 00 01 26 
00 FF FF 00 10 0D 22 93 00 00 02 00 00 10 00 D9 0C 00 00 00 94 
00 FF FF 00 10 0D 22 93 00 00 02 00 00 10 00 DA 0C 00 00 07 15 
00 FF FF 00 10 0D 22 93 00 00 02 00 00 10 00 DB 0C 00 00 0E 34 
00 FF FF 00 10 0D 22 93 00 00 02 00 00 10 00 DC 0C 00 00 06 8B 
00 FF FF 00 10 0D 22 93 00 00 02 00 00 10 00 DD 0C 00 00 07 83 
00 FF FF 00 10 0D 22 93 00 00 02 00 00 10 00 DE 0C 00 00 04 F3 
00 FF FF 00 10 0D 22 93 00 00 02 00 00 10 00 DF 0C 00 00 09 6A 
00 FF FF 00 10 0D 22 93 00 00 02 00 00 10 00 E0 0C 00 00 01 06 
00 FF FF 00 10 0D 22 93 00 00 02 00 00 10 00 E1 0C 00 00 04 08 
00 FF FF 00 10 0D 22 93 00 00 02 00 00 10 00 E2 0C 00 00 04 9B 
00 FF FF 00 10 0D 22 93 00 00 02 00 00 10 00 E3 0C 00 00 08 B8 
00 FF FF 00 10 0D 22 93 00 00 02 00 00 10 00 E4 0C 00 00 04 32 
00 FF FF 00 10 0D 22 93 00 00 02 00 00 10 00 E5 0C 00 00 02 F3 
00 FF FF 00 10 0D 22 93 00 00 02 00 00 10 00 E6 0C 00 00 06 C4 
00 FF FF 00 10 0D 22 93 00 00 02 00 00 10 00 E7 0C 00 00 04 D3 
00 FF FF 00 10 0D 22 93 00 00 02 00 00 10 00 E8 0C 00 00 05 A7 
00 FF FF 00 10 0D 22 93 00 00 02 00 00 10 00 E9 0C 00 00 04 65 
00 FF FF 00 10 0D 22 93 00 00 02 00 00 10 00 EA 0C 00 00 0D EF 
00 FF FF 00 10 0D 22 93 00 00 02 00 00 10 00 EB 0C 00 00 02 45 
00 FF FF 00 10 0D 22 93 00 00 02 00 00 10 00 EC 0C 00 00 09 08 
00 FF FF 00 10 0D 22 93 00 00 02 00 00 10 00 ED 0C 00 00 03 D7 
00 FF FF 00 10 0D 22 93 00 00 02 00 00 10 00 EE 0C 00 00 0B 5C 
00 FF FF 00 10 0D 22 93 00 00 02 00 00 10 00 EF 0C 00 00 06 AF 
00 FF FF 00 10 0D 22 93 00 00 02 00 00 10 00 F0 0C 00 00 06 2D 
00 FF FF 00 10 0D 22 93 00 00 02 00 00 10 00 F1 0C 00 00 0F 6E 
00 FF FF 00 10 0D 22 93 00 00 02 00 00 10 00 F2 0C 00 00 05 22 
00 FF FF 00 10 0D 22 93 00 00 02 00 00 10 00 F3 0C 00 00 06 26 
00 FF FF 00 10 0D 22 93 00 00 02 00 00 10 00 F4 0C 00 00 02 E8 
00 FF FF 00 10 0D 22 93 00 00 02 00 00 10 00 F5 0C 00 00 05 32 
00 FF FF 00 10 0D 22 93 00 00 02 00 00 10 00 F6 0C 00 00 08 4B 
00 FF FF 00 10 0D 22 93 00 00 02 00 00 10 00 F7 0C 00 00 06 47 
00 FF FF 00 10 0D 22 93 00 00 02 00 00 10 00 F8 0C 00 00 0B 5C 
00 FF FF 00 10 0D 22 93 00 00 02 00 00 10 00 F9 0C 00 00 03 18 
00 FF FF 00 10 0D 22 93 00 00 02 00 00 10 00 FA 0C 00 00 07 42 
00 FF FF 00 10 0D 22 93 00 00 02 00 00 10 00 FB 0C 00 00 03 3E 
00 FF FF 00 10 0D 22 93 00 00 02 00 00 10 00 FC 0C 00 00 04 E1 
00 FF FF 00 10 0D 22 93 00 00 02 00 00 10 00 FD 0C 00 00 09 54 
00 FF FF 00 10 0D 22 93 00 00 02 00 00 10 00 FE 0C 00 00 04 4A 
00 FF FF 00 10 0D 22 93 00 00 02 00 00 10 00 FF 0C 00 00 03 EB 
00 FF FF 00 10 0D 22 93 00 00 02 00 00 10 01 00 0C 00 00 03 EA 
00 FF FF 00 10 0D 22 93 00 00 02 00 00 10 01 01 0C 00 00 01 97 
00 FF FF 00 10 0D 22 93 00 00 02 00 00 10 01 02 0C 00 00 03 D7 
00 FF FF 00 10 0D 22 93 00 00 02 00 00 10 01 03 0C 00 00 05 84 
00 FF FF 00 10 0D 22 93 00 00 02 00 00 10 01 04 0C 00 00 04 AF 
00 FF FF 00 10 0D 22 93 00 00 02 00 00 10 01 05 0C 00 00 08 D1 
00 FF FF 00 10 0D 22 93 00 00 02 00 00 10 01 06 0C 00 00 04 80 
00 FF FF 00 10 0D 22 93 00 00 02 00 00 10 01 07 0C 00 00 02 CE 
00 FF FF 00 10 0D 22 93 00 00 02 00 00 10 01 08 0C 00 00 05 7F 
00 FF FF 00 10 0D 22 93 00 00 02 00 00 10 01 09 0C 00 00 09 26 
00 FF FF 00 10 0D 22 93 00 00 02 00 00 10 01 0A 0C 00 00 03 22 
00 FF FF 00 10 0D 22 93 00 00 02 00 00 10 01 0B 0C 00 00 05 00 
00 FF FF 00 10 0D 22 93 00 00 02 00 00 10 01 0C 0C 00 00 04 7B 
00 FF FF 00 10 0D 22 93 00 00 02 00 00 10 01 0D 0C 00 00 02 FC 
00 FF FF 00 10 0D 22 93 00 00 02 00 00 10 01 0E 0C 00 00 04 99 
00 FF FF 00 10 0D 22 93 00 00 02 00 00 10 01 0F 0C 00 00 07 C7 
00 FF FF 00 10 0D 22 93 00 00 02 00 00 10 01 10 0C 00 00 04 3C 
00 FF FF 00 10 0D 22 93 00 00 02 00 00 10 01 11 0C 00 00 03 B3 
00 FF FF 00 10 0D 22 93 00 00 02 00 00 10 01 12 0C 00 00 01 9C 
00 FF FF 00 10 0D 22 93 00 00 02 00 00 10 01 13 0C 00 00 03 F0 
00 FF FF 00 10 0D 22 93 00 00 02 00 00 10 01 14 0C 00 00 06 62 
00 FF FF 00 10 0D 22 93 00 00 02 00 00 10 01 15 0C 00 00 09 47 
00 FF FF 00 10 0D 22 93 00 00 02 00 00 10 01 16 0C 00 00 09 B0 
00 FF FF 00 10 0D 22 93 00 00 02 00 00 10 01 17 0C 00 00 0E FB 
00 FF FF 00 10 0D 22 93 00 00 02 00 00 10 01 18 0C 00 00 11 F7 
00 FF FF 00 10 0D 22 93 00 00 02 00 00 10 01 19 0C 00 00 05 10 
00 FF FF 00 10 0D 22 93 00 00 02 00 00 10 01 1A 0C 00 00 06 46 
00 FF FF 00 10 0D 22 93 00 00 02 00 00 10 01 1B 0C 00 00 0B E5 
00 FF FF 00 10 0D 22 93 00 00 02 00 00 10 01 1C 0C 00 00 06 4D 
00 FF FF 00 10 0D 22 93 00 00 02 00 00 10 01 1D 0C 00 00 0B 7B 
00 FF FF 00 10 0D 22 93 00 00 02 00 00 10 01 1E 0C 00 00 04 3A 
00 FF FF 00 10 0D 22 93 00 00 02 00 00 10 01 1F 0C 00 00 06 D0 
00 FF FF 00 10 0D 22 93 00 00 02 00 00 10 01 20 0C 00 00 04 A1 
00 FF FF 00 10 0D 22 93 00 00 02 00 00 10 01 21 0C 00 00 02 AF 
00 FF FF 00 10 0D 22 93 00 00 02 00 00 10 01 22 0C 00 00 03 D1 
00 FF FF 00 10 0D 22 93 00 00 02 00 00 10 01 23 0C 00 00 03 8D 
00 FF FF 00 10 0D 22 93 00 00 02 00 00 10 01 24 0C 00 00 05 81 
00 FF FF 00 10 0D 22 93 00 00 02 00 00 10 01 25 0C 00 00 07 F2 
00 FF FF 00 10 0D 22 93 00 00 02 00 00 10 01 26 0C 00 00 03 D7 
00 FF FF 00 10 0D 22 93 00 00 02 00 00 10 01 27 0C 00 00 01 9C 
00 FF FF 00 10 0D 22 93 00 00 02 00 00 10 01 28 0C 00 00 03 B3 
00 FF FF 00 10 0D 22 93 00 00 02 00 00 10 01 29 0C 00 00 05 D2 
00 FF FF 00 10 0D 22 93 00 00 02 00 00 10 01 2A 0C 00 00 03 B3 
00 FF FF 00 10 0D 22 93 00 00 02 00 00 10 01 2B 0C 00 00 03 9C 
00 FF FF 00 10 0D 22 93 00 00 02 00 00 10 01 2C 0C 00 00 04 EB 
00 FF FF 00 10 0D 22 93 00 00 02 00 00 10 01 2D 0C 00 00 03 4F 
00 FF FF 00 10 0D 22 93 00 00 02 00 00 10 01 2E 0C 00 00 03 40 
00 FF FF 00 10 0D 22 93 00 00 02 00 00 10 01 2F 0C 00 00 07 4C 
00 FF FF 00 10 0D 22 93 00 00 02 00 00 10 01 30 0C 00 00 00 FF 
00 FF FF 00 10 0D 22 93 00 00 02 00 00 10 01 31 0C 00 00 09 B4 
00 FF FF 00 10 0D 22 93 00 00 02 00 00 10 01 32 0C 00 00 02 D0 
00 FF FF 00 10 0D 22 93 00 00 02 00 00 10 01 33 0C 00 00 05 BA 
00 FF FF 00 10 0D 22 93 00 00 02 00 00 10 01 34 0C 00 00 03 3C 
00 FF FF 00 10 0D 22 93 00 00 02 00 00 10 01 35 0C 00 00 02 57 
00 FF FF 00 10 0D 22 93 00 00 02 00 00 10 01 36 0C 00 00 05 D3 
00 FF FF 00 10 0D 22 93 00 00 02 00 00 10 01 37 0C 00 00 04 7A 
00 FF FF 00 10 0D 22 93 00 00 02 00 00 10 01 38 0C 00 00 04 98 
00 FF FF 00 10 0D 22 93 00 00 02 00 00 10 01 39 0C 00 00 07 5B 
00 FF FF 00 10 0D 22 93 00 00 02 00 00 10 01 3A 0C 00 00 04 1C 
00 FF FF 00 10 0D 22 93 00 00 02 00 00 10 01 3B 0C 00 00 0E 5A 
00 FF FF 00 10 0D 22 93 00 00 02 00 00 10 01 3C 0C 00 00 04 E0 
00 FF FF 00 10 0D 22 93 00 00 02 00 00 10 01 3D 0C 00 00 08 37 
00 FF FF 00 10 0D 22 93 00 00 02 00 00 10 01 3E 0C 00 00 05 54 
00 FF FF 00 10 0D 22 93 00 00 02 00 00 10 01 3F 0C 00 00 03 B7 
00 FF FF 00 10 0D 22 93 00 00 02 00 00 10 01 40 0C 00 00 05 DA 
00 FF FF 00 10 0D 22 93 00 00 02 00 00 10 01 41 0C 00 00 04 C4 
00 FF FF 00 10 0D 22 93 00 00 02 00 00 10 01 42 0C 00 00 0A C4 
00 FF FF 00 10 0D 22 93 00 00 02 00 00 10 01 43 0C 00 00 05 1E 
00 FF FF 00 10 0D 22 93 00 00 02 00 00 10 01 44 0C 00 00 03 2B 
00 FF FF 00 10 0D 22 93 00 00 02 00 00 10 01 45 0C 00 00 02 9A 
00 FF FF 00 10 0D 22 93 00 00 02 00 00 10 01 46 0C 00 00 04 B9 
00 FF FF 00 10 0D 22 93 00 00 02 00 00 10 01 47 0C 00 00 04 D0 
00 FF FF 00 10 0D 22 93 00 00 02 00 00 10 01 48 0C 00 00 03 33 
00 FF FF 00 10 0D 22 93 00 00 02 00 00 10 01 49 0C 00 00 04 2E 
00 FF FF 00 10 0D 22 93 00 00 02 00 00 10 01 4A 0C 00 00 08 D4 
00 FF FF 00 10 0D 22 93 00 00 02 00 00 10 01 4B 0C 00 00 06 69 
00 FF FF 00 10 0D 22 93 00 00 02 00 00 10 01 4C 0C 00 00 0A A1 
00 FF FF 00 10 0D 22 93 00 00 02 00 00 10 01 4D 0C 00 00 04 BF 
00 FF FF 00 10 0D 22 93 00 00 02 00 00 10 01 4E 0C 00 00 04 2D 
00 FF FF 00 10 0D 22 93 00 00 02 00 00 10 01 4F 0C 00 00 04 CE 
00 FF FF 00 10 0D 22 93 00 00 02 00 00 10 01 50 0C 00 00 02 9E 
00 FF FF 00 10 0D 22 93 00 00 02 00 00 10 01 51 0C 00 00 04 21 
00 FF FF 00 10 0D 22 93 00 00 02 00 00 10 01 52 0C 00 00 04 12 
00 FF FF 00 10 0D 22 93 00 00 02 00 00 10 01 53 0C 00 00 02 4E 
00 FF FF 00 10 0D 22 93 00 00 02 00 00 10 01 54 0C 00 00 08 A9 
00 FF FF 00 10 0D 22 93 00 00 02 00 00 10 01 55 0C 00 00 01 DC 
00 FF FF 00 10 0D 22 93 00 00 02 00 00 10 01 56 0C 00 00 09 47 
00 FF FF 00 10 0D 22 93 00 00 02 00 00 10 01 57 0C 00 00 06 33 
00 FF FF 00 10 0D 22 93 00 00 02 00 00 10 01 58 0C 00 00 06 45 
00 FF FF 00 10 0D 22 93 00 00 02 00 00 10 01 59 0C 00 00 04 AE 
00 FF FF 00 10 0D 22 93 00 00 02 00 00 10 01 5A 0C 00 00 06 FC 
00 FF FF 00 10 0D 22 93 00 00 02 00 00 10 01 5B 0C 00 00 04 80 
00 FF FF 00 10 0D 22 93 00 00 02 00 00 10 01 5C 0C 00 00 05 C0 
00 FF FF 00 10 0D 22 93 00 00 02 00 00 10 01 5D 0C 00 00 00 F4 
00 FF FF 00 10 0D 22 93 00 00 02 00 00 10 01 5E 0C 00 00 05 3C 
00 FF FF 00 10 0D 22 93 00 00 02 00 00 10 01 5F 0C 00 00 08 D6 
00 FF FF 00 10 0D 22 93 00 00 02 00 00 10 01 60 0C 00 00 03 EA 
00 FF FF 00 10 0D 22 93 00 00 02 00 00 10 01 61 0C 00 00 04 9D 
00 FF FF 00 10 0D 22 93 00 00 02 00 00 10 01 62 0C 00 00 02 B0 
00 FF FF 00 10 0D 22 93 00 00 02 00 00 10 01 63 0C 00 00 05 C9 
00 FF FF 00 10 0D 22 93 00 00 02 00 00 10 01 64 0C 00 00 02 55 
00 FF FF 00 10 0D 22 93 00 00 02 00 00 10 01 65 0C 00 00 04 54 
00 FF FF 00 10 0D 22 93 00 00 02 00 00 10 01 66 0C 00 00 04 78 
00 FF FF 00 10 0D 22 93 00 00 02 00 00 10 01 67 0C 00 00 03 E3 
00 FF FF 00 10 0D 22 93 00 00 02 00 00 10 01 68 0C 00 00 04 01 
00 FF FF 00 10 0D 22 93 00 00 02 00 00 10 01 69 0C 00 00 03 D3 
00 FF FF 00 10 0D 22 93 00 00 02 00 00 10 01 6A 0C 00 00 04 9F 
00 FF FF 00 10 0D 22 93 00 00 02 00 00 10 01 6B 0C 00 00 02 C3 
00 FF FF 00 10 0D 22 93 00 00 02 00 00 10 01 6C 0C 00 00 06 2D 
00 FF FF 00 10 0D 22 93 00 00 02 00 00 10 01 6D 0C 00 00 00 85 
00 FF FF 00 10 0D 22 93 00 00 02 00 00 10 01 6E 0C 00 00 01 08 
00 FF FF 00 10 0D 22 93 00 00 02 00 00 10 01 6F 0C 00 00 02 FD 
00 FF FF 00 10 0D 22 93 00 00 02 00 00 10 01 70 0C 00 00 03 24 
00 FF FF 00 10 0D 22 93 00 00 02 00 00 10 01 71 0C 00 00 01 D0 
00 FF FF 00 10 0D 22 93 00 00 02 00 00 10 01 72 0C 00 00 06 D9 
00 FF FF 00 10 0D 22 93 00 00 02 00 00 10 01 73 0C 00 00 06 7D 
00 FF FF 00 10 0D 22 93 00 00 02 00 00 10 01 74 0C 00 00 10 3F 
00 FF FF 00 10 0D 22 93 00 00 02 00 00 10 01 75 0C 00 00 06 D1 
00 FF FF 00 10 0D 22 93 00 00 02 00 00 10 01 76 0C 00 00 10 AC 
00 FF FF 00 10 0D 22 93 00 00 02 00 00 10 01 77 0C 00 00 06 50 
00 FF FF 00 10 0D 22 93 00 00 02 00 00 10 01 78 0C 00 00 04 1B 
00 FF FF 00 10 0D 22 93 00 00 02 00 00 10 01 79 0C 00 00 02 FB 
00 FF FF 00 10 0D 22 93 00 00 02 00 00 10 01 7A 0C 00 00 06 68 
00 FF FF 00 10 0D 22 93 00 00 02 00 00 10 01 7B 0C 00 00 01 7B 
00 FF FF 00 10 0D 22 93 00 00 02 00 00 10 01 7C 0C 00 00 06 2B 
00 FF FF 00 10 0D 22 93 00 00 02 00 00 10 01 7D 0C 00 00 0B 9F 
00 FF FF 00 10 0D 22 93 00 00 02 00 00 10 01 7E 0C 00 00 06 AF 
00 FF FF 00 10 0D 22 93 00 00 02 00 00 10 01 7F 0C 00 00 04 F2 
00 FF FF 00 10 0D 22 93 00 00 02 00 00 10 01 80 0C 00 00 08 06 
00 FF FF 00 10 0D 22 93 00 00 02 00 00 10 01 81 0C 00 00 05 ED 
00 FF FF 00 10 0D 22 93 00 00 02 00 00 10 01 82 0C 00 00 04 52 
00 FF FF 00 10 0D 22 93 00 00 02 00 00 10 01 83 0C 00 00 04 5E 
00 FF FF 00 10 0D 22 93 00 00 02 00 00 10 01 84 0C 00 00 06 62 
00 FF FF 00 10 0D 22 93 00 00 02 00 00 10 01 85 0C 00 00 02 D4 
00 FF FF 00 10 0D 22 93 00 00 02 00 00 10 01 86 0C 00 00 04 6D 
00 FF FF 00 10 0D 22 93 00 00 02 00 00 10 01 87 0C 00 00 03 6E 
00 FF FF 00 10 0D 22 93 00 00 02 00 00 10 01 88 0C 00 00 0F 83 
00 FF FF 00 10 0D 22 93 00 00 02 00 00 10 01 89 0C 00 00 0B C8 
00 FF FF 00 10 0D 22 93 00 00 02 00 00 10 01 8A 0C 00 00 06 64 
00 FF FF 00 10 0D 22 93 00 00 02 00 00 10 01 8B 0C 00 00 04 88 
00 FF FF 00 10 0D 22 93 00 00 02 00 00 10 01 8C 0C 00 00 07 08 
00 FF FF 00 10 0D 22 93 00 00 02 00 00 10 01 8D 0C 00 00 04 66 
00 FF FF 00 10 0D 22 93 00 00 02 00 00 10 01 8E 0C 00 00 08 AC 
00 FF FF 00 10 0D 22 93 00 00 02 00 00 10 01 8F 0C 00 00 05 F6 
00 FF FF 00 10 0D 22 93 00 00 02 00 00 10 01 90 0C 00 00 09 09 
00 FF FF 00 10 0D 22 93 00 00 02 00 00 10 01 91 0C 00 00 08 45 
00 FF FF 00 10 0D 22 93 00 00 02 00 00 10 01 92 0C 00 00 09 66 
00 FF FF 00 10 0D 22 93 00 00 02 00 00 10 01 93 0C 00 00 05 B6 
00 FF FF 00 10 0D 22 93 00 00 02 00 00 10 01 94 0C 00 00 08 65 
00 FF FF 00 10 0D 22 93 00 00 02 00 00 10 01 95 0C 00 00 07 8B 
00 FF FF 00 10 0D 22 93 00 00 02 00 00 10 01 96 0C 00 00 07 B9 
00 FF FF 00 10 0D 22 93 00 00 02 00 00 10 01 97 0C 00 00 08 34 
00 FF FF 00 10 0D 22 93 00 00 02 00 00 10 01 98 0C 00 00 07 12 
00 FF FF 00 10 0D 22 93 00 00 02 00 00 10 01 99 0C 00 00 0C C9 
00 FF FF 00 10 0D 22 93 00 00 02 00 00 10 01 9A 0C 00 00 04 0F 
00 FF FF 00 10 0D 22 93 00 00 02 00 00 10 01 9B 0C 00 00 07 DC 
00 FF FF 00 10 0D 22 93 00 00 02 00 00 10 01 9C 0C 00 00 07 62 
00 FF FF 00 10 0D 22 93 00 00 02 00 00 10 01 9D 0C 00 00 08 D4 
00 FF FF 00 10 0D 22 93 00 00 02 00 00 10 01 9E 0C 00 00 14 08 
00 FF FF 00 10 0D 22 93 00 00 02 00 00 10 01 9F 0C 00 00 08 FC 
00 FF FF 00 10 0D 22 93 00 00 02 00 00 10 01 A0 0C 00 00 0A 73 
00 FF FF 00 10 0D 22 93 00 00 02 00 00 10 01 A1 0C 00 00 04 F2 
00 FF FF 00 10 0D 22 93 00 00 02 00 00 10 01 A2 0C 00 00 08 8B 
00 FF FF 00 10 0D 22 93 00 00 02 00 00 10 01 A3 0C 00 00 0B 89 
00 FF FF 00 10 0D 22 93 00 00 02 00 00 10 01 A4 0C 00 00 08 AC 
00 FF FF 00 10 0D 22 93 00 00 02 00 00 10 01 A5 0C 00 00 0B C4 
00 FF FF 00 10 0D 22 93 00 00 02 00 00 10 01 A6 0C 00 00 06 8B 
00 FF FF 00 10 0D 22 93 00 00 02 00 00 10 01 A7 0C 00 00 10 2D 
00 FF FF 00 10 0D 22 93 00 00 02 00 00 10 01 A8 0C 00 00 05 DC 
00 FF FF 00 10 0D 22 93 00 00 02 00 00 10 01 A9 0C 00 00 08 8F 
00 FF FF 00 10 0D 22 93 00 00 02 00 00 10 01 AA 0C 00 00 07 1E 
00 FF FF 00 10 0D 22 93 00 00 02 00 00 10 01 AB 0C 00 00 09 42 
00 FF FF 00 10 0D 22 93 00 00 02 00 00 10 01 AC 0C 00 00 09 F8 
00 FF FF 00 10 0D 22 93 00 00 02 00 00 10 01 AD 0C 00 00 06 2C 
00 FF FF 00 10 0D 22 93 00 00 02 00 00 10 01 AE 0C 00 00 06 1C 
00 FF FF 00 10 0D 22 93 00 00 02 00 00 10 01 AF 0C 00 00 13 DF 
00 FF FF 00 10 0D 22 93 00 00 02 00 00 10 01 B0 0C 00 00 03 EB 
00 FF FF 00 10 0D 22 93 00 00 02 00 00 10 01 B1 0C 00 00 09 A4 
00 FF FF 00 10 0D 22 93 00 00 02 00 00 10 01 B2 0C 00 00 13 44 
00 FF FF 00 10 0D 22 93 00 00 02 00 00 10 01 B3 0C 00 00 17 39 
00 FF FF 00 10 0D 22 93 00 00 02 00 00 10 01 B4 0C 00 00 0C CD 
00 FF FF 00 10 0D 22 93 00 00 02 00 00 10 01 B5 0C 00 00 0B 5F 
00 FF FF 00 10 0D 22 93 00 00 02 00 00 10 01 B6 0C 00 00 08 53 
00 FF FF 00 10 0D 22 93 00 00 02 00 00 10 01 B7 0C 00 00 05 10 
00 FF FF 00 10 0D 22 93 00 00 02 00 00 10 01 B8 0C 00 00 0A 05 
00 FF FF 00 10 0D 22 93 00 00 02 00 00 10 01 B9 0C 00 00 07 EE 
00 FF FF 00 10 0D 22 93 00 00 02 00 00 10 01 BA 0C 00 00 0B 6B 
00 FF FF 00 10 0D 22 93 00 00 02 00 00 10 01 BB 0C 00 00 0B F4 
00 FF FF 00 10 0D 22 93 00 00 02 00 00 10 01 BC 0C 00 00 0C 22 
00 FF FF 00 10 0D 22 93 00 00 02 00 00 10 01 BD 0C 00 00 06 20 
00 FF FF 00 10 0D 22 93 00 00 02 00 00 10 01 BE 0C 00 00 05 56 
00 FF FF 00 10 0D 22 93 00 00 02 00 00 10 01 BF 0C 00 00 05 CE 
00 FF FF 00 10 0D 22 93 00 00 02 00 00 10 01 C0 0C 00 00 08 16 
00 FF FF 00 10 0D 22 93 00 00 02 00 00 10 01 C1 0C 00 00 04 E9 
00 FF FF 00 10 0D 22 93 00 00 02 00 00 10 01 C2 0C 00 00 0A 14 
00 FF FF 00 10 0D 22 93 00 00 02 00 00 10 01 C3 0C 00 00 0A B1 
00 FF FF 00 10 0D 22 93 00 00 02 00 00 10 01 C4 0C 00 00 06 3D 
00 FF FF 00 10 0D 22 93 00 00 02 00 00 10 01 C5 0C 00 00 07 1A 
00 FF FF 00 10 0D 22 93 00 00 02 00 00 10 01 C6 0C 00 00 06 E7 
00 FF FF 00 10 0D 22 93 00 00 02 00 00 10 01 C7 0C 00 00 06 AC 
00 FF FF 00 10 0D 22 93 00 00 02 00 00 10 01 C8 0C 00 00 07 03 
00 FF FF 00 10 0D 22 93 00 00 02 00 00 10 01 C9 0C 00 00 05 2B 
00 FF FF 00 10 0D 22 93 00 00 02 00 00 10 01 CA 0C 00 00 07 87 
00 FF FF 00 10 0D 22 93 00 00 02 00 00 10 01 CB 0C 00 00 0A 1D 
00 FF FF 00 10 0D 22 93 00 00 02 00 00 10 01 CC 0C 00 00 05 E6 
00 FF FF 00 10 0D 22 93 00 00 02 00 00 10 01 CD 0C 00 00 06 D6 
00 FF FF 00 10 0D 22 93 00 00 02 00 00 10 01 CE 0C 00 00 09 43 
00 FF FF 00 10 0D 22 93 00 00 02 00 00 10 01 CF 0C 00 00 06 39 
00 FF FF 00 10 0D 22 93 00 00 02 00 00 10 01 D0 0C 00 00 1A 1B 
00 FF FF 00 10 0D 22 93 00 00 02 00 00 10 01 D2 0C 00 00 0D C0 
00 FF FF 00 10 0D 22 93 00 00 02 00 00 10 01 D3 0C 00 00 0A C9 
00 FF FF 00 10 0D 22 93 00 00 02 00 00 10 01 D4 0C 00 00 07 CE 
00 FF FF 00 10 0D 22 93 00 00 02 00 00 10 01 D5 0C 00 00 07 D5 
00 FF FF 00 10 0D 22 93 00 00 02 00 00 10 01 D6 0C 00 00 04 CE 
00 FF FF 00 10 0D 22 93 00 00 02 00 00 10 01 D7 0C 00 00 06 9C 
00 FF FF 00 10 0D 22 93 00 00 02 00 00 10 01 D8 0C 00 00 09 C1 
00 FF FF 00 10 0D 22 93 00 00 02 00 00 10 01 D9 0C 00 00 0F 47 
00 FF FF 00 10 0D 22 93 00 00 02 00 00 10 01 DA 0C 00 00 0E 93 
00 FF FF 00 10 0D 22 93 00 00 02 00 00 10 01 DB 0C 00 00 0B E3 
00 FF FF 00 10 0D 22 93 00 00 02 00 00 10 01 DC 0C 00 00 0B 63 
00 FF FF 00 10 0D 22 93 00 00 02 00 00 10 01 DD 0C 00 00 07 13 
00 FF FF 00 10 0D 22 93 00 00 02 00 00 10 01 DE 0C 00 00 03 F7 
00 FF FF 00 10 0D 22 93 00 00 02 00 00 10 01 DF 0C 00 00 05 66 
00 FF FF 00 10 0D 22 93 00 00 02 00 00 10 01 E0 0C 00 00 0E 1C 
00 FF FF 00 10 0D 22 93 00 00 02 00 00 10 01 E1 0C 00 00 07 FB 
00 FF FF 00 10 0D 22 93 00 00 02 00 00 10 01 E2 0C 00 00 0A 7D 
00 FF FF 00 10 0D 22 93 00 00 02 00 00 10 01 E3 0C 00 00 07 77 
00 FF FF 00 10 0D 22 93 00 00 02 00 00 10 01 E4 0C 00 00 07 8D 
00 FF FF 00 10 0D 22 93 00 00 02 00 00 10 01 E5 0C 00 00 08 DD 
00 FF FF 00 10 0D 22 93 00 00 02 00 00 10 01 E6 0C 00 00 03 5B 
00 FF FF 00 10 0D 22 93 00 00 02 00 00 10 01 E7 0C 00 00 06 C1 
00 FF FF 00 10 0D 22 93 00 00 02 00 00 10 01 E8 0C 00 00 04 D3 
00 FF FF 00 10 0D 22 93 00 00 02 00 00 10 01 E9 0C 00 00 0A 1A 
00 FF FF 00 10 0D 22 93 00 00 02 00 00 10 01 EA 0C 00 00 04 FF 
00 FF FF 00 10 0D 22 93 00 00 02 00 00 10 01 EB 0C 00 00 0B 3D 
00 FF FF 00 10 0D 22 93 00 00 02 00 00 10 01 EC 0C 00 00 0A A3 
00 FF FF 00 10 0D 22 93 00 00 02 00 00 10 01 ED 0C 00 00 04 91 
00 FF FF 00 10 0D 22 93 00 00 02 00 00 10 01 EE 0C 00 00 07 ED 
00 FF FF 00 10 0D 22 93 00 00 02 00 00 10 01 EF 0C 00 00 07 AC 
00 FF FF 00 10 0D 22 93 00 00 02 00 00 10 01 F0 0C 00 00 05 EA 
00 FF FF 00 10 0D 22 93 00 00 02 00 00 10 01 F1 0C 00 00 01 A1 
00 FF FF 00 10 0D 22 93 00 00 02 00 00 10 01 F2 0C 00 00 16 4B 
00 FF FF 00 10 0D 22 93 00 00 02 00 00 10 01 F3 0C 00 00 08 5E 
00 FF FF 00 10 0D 22 93 00 00 02 00 00 10 01 F4 0C 00 00 14 B4 
00 FF FF 00 10 0D 22 93 00 00 02 00 00 10 01 F5 0C 00 00 07 C6 
00 FF FF 00 10 0D 22 93 00 00 02 00 00 10 01 F6 0C 00 00 07 30 
00 FF FF 00 10 0D 22 93 00 00 02 00 00 10 01 F7 0C 00 00 06 13 
00 FF FF 00 10 0D 22 93 00 00 02 00 00 10 01 F8 0C 00 00 08 E6 
00 FF FF 00 10 0D 22 93 00 00 02 00 00 10 01 F9 0C 00 00 04 73 
00 FF FF 00 10 0D 22 93 00 00 02 00 00 10 01 FA 0C 00 00 0D C7 
00 FF FF 00 10 0D 22 93 00 00 02 00 00 10 01 FB 0C 00 00 0A 8D 
00 FF FF 00 10 0D 22 93 00 00 02 00 00 10 01 FC 0C 00 00 07 29 
00 FF FF 00 10 0D 22 93 00 00 02 00 00 10 01 FD 0C 00 00 08 D4 
00 FF FF 00 10 0D 22 93 00 00 02 00 00 10 01 FE 0C 00 00 0B 02 
00 FF FF 00 10 0D 22 93 00 00 02 00 00 10 01 FF 0C 00 00 04 49 
00 FF FF 00 10 0D 22 93 00 00 02 00 00 10 02 00 0C 00 00 09 16 
00 FF FF 00 10 0D 22 93 00 00 02 00 00 10 02 01 0C 00 00 08 E5 
00 FF FF 00 10 0D 22 93 00 00 02 00 00 10 02 02 0C 00 00 07 45 
00 FF FF 00 10 0D 22 93 00 00 02 00 00 10 02 03 0C 00 00 05 84 
00 FF FF 00 10 0D 22 93 00 00 02 00 00 10 02 04 0C 00 00 0F C4 
00 FF FF 00 10 0D 22 93 00 00 02 00 00 10 02 05 0C 00 00 05 63 
00 FF FF 00 10 0D 22 93 00 00 02 00 00 10 02 06 0C 00 00 0A 87 
00 FF FF 00 10 0D 22 93 00 00 02 00 00 10 02 07 0C 00 00 06 97 
00 FF FF 00 10 0D 22 93 00 00 02 00 00 10 02 08 0C 00 00 06 17 
00 FF FF 00 10 0D 22 93 00 00 02 00 00 10 02 09 0C 00 00 0B 29 
00 FF FF 00 10 0D 22 93 00 00 02 00 00 10 02 0A 0C 00 00 05 EE 
00 FF FF 00 10 0D 22 93 00 00 02 00 00 10 02 0B 0C 00 00 07 25 
00 FF FF 00 10 0D 22 93 00 00 02 00 00 10 02 0C 0C 00 00 08 5C 
00 FF FF 00 10 0D 22 93 00 00 02 00 00 10 02 0D 0C 00 00 0C 04 
00 FF FF 00 10 0D 22 93 00 00 02 00 00 10 02 0E 0C 00 00 08 8B 
00 FF FF 00 10 0D 22 93 00 00 02 00 00 10 02 0F 0C 00 00 0D B8 
00 FF FF 00 10 0D 22 93 00 00 02 00 00 10 02 10 0C 00 00 07 68 
00 FF FF 00 10 0D 22 93 00 00 02 00 00 10 02 11 0C 00 00 04 B0 
00 FF FF 00 10 0D 22 93 00 00 02 00 00 10 02 12 0C 00 00 09 91 
00 FF FF 00 10 0D 22 93 00 00 02 00 00 10 02 13 0C 00 00 08 65 
00 FF FF 00 10 0D 22 93 00 00 02 00 00 10 02 14 0C 00 00 17 6F 
00 FF FF 00 10 0D 22 93 00 00 02 00 00 10 02 15 0C 00 00 0C 54 
00 FF FF 00 10 0D 22 93 00 00 02 00 00 10 02 16 0C 00 00 15 2B 
00 FF FF 00 10 0D 22 93 00 00 02 00 00 10 02 17 0C 00 00 13 7C 
00 FF FF 00 10 0D 22 93 00 00 02 00 00 10 02 18 0C 00 00 07 6A 
00 FF FF 00 10 0D 22 93 00 00 02 00 00 10 02 19 0C 00 00 05 DA 
00 FF FF 00 10 0D 22 93 00 00 02 00 00 10 02 1A 0C 00 00 04 93 
00 FF FF 00 10 0D 22 93 00 00 02 00 00 10 02 1B 0C 00 00 04 FF 
00 FF FF 00 10 0D 22 93 00 00 02 00 00 10 02 1C 0C 00 00 07 42 
00 FF FF 00 10 0D 22 93 00 00 02 00 00 10 02 1D 0C 00 00 0A AE 
00 FF FF 00 10 0D 22 93 00 00 02 00 00 10 02 1E 0C 00 00 0D CE 
00 FF FF 00 10 0D 22 93 00 00 02 00 00 10 02 1F 0C 00 00 0E 16 
00 FF FF 00 10 0D 22 93 00 00 02 00 00 10 02 20 0C 00 00 09 9F 
00 FF FF 00 10 0D 22 93 00 00 02 00 00 10 02 21 0C 00 00 07 E7 
00 FF FF 00 10 0D 22 93 00 00 02 00 00 10 02 22 0C 00 00 09 FA 
00 FF FF 00 10 0D 22 93 00 00 02 00 00 10 02 23 0C 00 00 07 20 
00 FF FF 00 10 0D 22 93 00 00 02 00 00 10 02 24 0C 00 00 07 AE 
00 FF FF 00 10 0D 22 93 00 00 02 00 00 10 02 25 0C 00 00 11 7F 
00 FF FF 00 10 0D 22 93 00 00 02 00 00 10 02 26 0C 00 00 12 F6 
00 FF FF 00 10 0D 22 93 00 00 02 00 00 10 02 27 0C 00 00 0A A8 
00 FF FF 00 10 0D 22 93 00 00 02 00 00 10 02 28 0C 00 00 12 27 
00 FF FF 00 10 0D 22 93 00 00 02 00 00 10 02 29 0C 00 00 07 8F 
00 FF FF 00 10 0D 22 93 00 00 02 00 00 10 02 2A 0C 00 00 0B 84 
00 FF FF 00 10 0D 22 93 00 00 02 00 00 10 02 2B 0C 00 00 06 64 
00 FF FF 00 10 0D 22 93 00 00 02 00 00 10 02 2C 0C 00 00 06 F6 
00 FF FF 00 10 0D 22 93 00 00 02 00 00 10 02 2D 0C 00 00 0D 9C 
00 FF FF 00 10 0D 22 93 00 00 02 00 00 10 02 2E 0C 00 00 09 1D 
00 FF FF 00 10 0D 22 93 00 00 02 00 00 10 02 2F 0C 00 00 05 8A 
00 FF FF 00 10 0D 22 93 00 00 02 00 00 10 02 30 0C 00 00 08 DE 
00 FF FF 00 10 0D 22 93 00 00 02 00 00 10 02 31 0C 00 00 0C 48 
00 FF FF 00 10 0D 22 93 00 00 02 00 00 10 02 32 0C 00 00 07 42 
00 FF FF 00 10 0D 22 93 00 00 02 00 00 10 02 33 0C 00 00 07 9D 
00 FF FF 00 10 0D 22 93 00 00 02 00 00 10 02 34 0C 00 00 08 D1 
00 FF FF 00 10 0D 22 93 00 00 02 00 00 10 02 35 0C 00 00 05 F0 
00 FF FF 00 10 0D 22 93 00 00 02 00 00 10 02 36 0C 00 00 08 CE 
00 FF FF 00 10 0D 22 93 00 00 02 00 00 10 02 38 0C 00 00 0B 67 
00 FF FF 00 10 0D 22 93 00 00 02 00 00 10 02 39 0C 00 00 09 B3 
00 FF FF 00 10 0D 22 93 00 00 02 00 00 10 02 3A 0C 00 00 05 D1 
00 FF FF 00 10 0D 22 93 00 00 02 00 00 10 02 3B 0C 00 00 05 E4 
00 FF FF 00 10 0D 22 93 00 00 02 00 00 10 02 3C 0C 00 00 07 FC 
00 FF FF 00 10 0D 22 93 00 00 02 00 00 10 02 3D 0C 00 00 09 B5 
00 FF FF 00 10 0D 22 93 00 00 02 00 00 10 02 3E 0C 00 00 06 B7 
00 FF FF 00 10 0D 22 93 00 00 02 00 00 10 02 3F 0C 00 00 0A 57 
00 FF FF 00 10 0D 22 93 00 00 02 00 00 10 02 40 0C 00 00 0F 2E 
00 FF FF 00 10 0D 22 93 00 00 02 00 00 10 02 41 0C 00 00 06 8B 
00 FF FF 00 10 0D 22 93 00 00 02 00 00 10 02 42 0C 00 00 0D 0F 
00 FF FF 00 10 0D 22 93 00 00 02 00 00 10 02 43 0C 00 00 05 F0 
00 FF FF 00 10 0D 22 93 00 00 02 00 00 10 02 44 0C 00 00 05 C3 
00 FF FF 00 10 0D 22 93 00 00 02 00 00 10 02 45 0C 00 00 06 F3 
00 FF FF 00 10 0D 22 93 00 00 02 00 00 10 02 46 0C 00 00 04 B9 
00 FF FF 00 10 0D 22 93 00 00 02 00 00 10 02 47 0C 00 00 05 42 
00 FF FF 00 10 0D 22 93 00 00 02 00 00 10 02 48 0C 00 00 0B A8 
00 FF FF 00 10 0D 22 93 00 00 02 00 00 10 02 49 0C 00 00 15 A6 
00 FF FF 00 10 0D 22 93 00 00 02 00 00 10 02 4A 0C 00 00 0B 12 
00 FF FF 00 10 0D 22 93 00 00 02 00 00 10 02 4B 0C 00 00 04 96 
00 FF FF 00 10 0D 22 93 00 00 02 00 00 10 02 4C 0C 00 00 05 3F 
00 FF FF 00 10 0D 22 93 00 00 02 00 00 10 02 4D 0C 00 00 06 49 
00 FF FF 00 10 0D 22 93 00 00 02 00 00 10 02 4E 0C 00 00 06 66 
00 FF FF 00 10 0D 22 93 00 00 02 00 00 10 02 4F 0C 00 00 06 17 
00 FF FF 00 10 0D 22 93 00 00 02 00 00 10 02 50 0C 00 00 07 10 
00 FF FF 00 10 0D 22 93 00 00 02 00 00 10 02 51 0C 00 00 1C D3 
00 FF FF 00 10 0D 22 93 00 00 02 00 00 10 02 52 0C 00 00 06 DC 
00 FF FF 00 10 0D 22 93 00 00 02 00 00 10 02 53 0C 00 00 09 E3 
00 FF FF 00 10 0D 22 93 00 00 02 00 00 10 02 54 0C 00 00 05 62 
00 FF FF 00 10 0D 22 93 00 00 02 00 00 10 02 55 0C 00 00 08 97 
00 FF FF 00 10 0D 22 93 00 00 02 00 00 10 02 56 0C 00 00 06 5B 
00 FF FF 00 10 0D 22 93 00 00 02 00 00 10 02 57 0C 00 00 05 F4 
00 FF FF 00 10 0D 22 93 00 00 02 00 00 10 02 58 0C 00 00 07 0D 
00 FF FF 00 10 0D 22 93 00 00 02 00 00 10 02 5A 0C 00 00 02 7D 
00 FF FF 00 10 0D 22 93 00 00 02 00 00 10 02 5B 0C 00 00 13 38 
00 FF FF 00 10 0D 22 93 00 00 02 00 00 10 02 5C 0C 00 00 03 EC 
00 FF FF 00 10 0D 22 93 00 00 02 00 00 10 02 5D 0C 00 00 05 AC 
00 FF FF 00 10 0D 22 93 00 00 02 00 00 10 02 5E 0C 00 00 06 5A 
00 FF FF 00 10 0D 22 93 00 00 02 00 00 10 02 5F 0C 00 00 06 51 
00 FF FF 00 10 0D 22 93 00 00 02 00 00 10 02 60 0C 00 00 06 92 
00 FF FF 00 10 0D 22 93 00 00 02 00 00 10 02 61 0C 00 00 03 FA 
00 FF FF 00 10 0D 22 93 00 00 02 00 00 10 02 62 0C 00 00 00 07 
00 FF FF 00 10 0D 22 93 00 00 02 00 00 10 02 63 0C 00 00 02 B8 
00 FF FF 00 10 0D 22 93 00 00 02 00 00 10 02 64 0C 00 00 0B 6B 
00 FF FF 00 10 0D 22 93 00 00 02 00 00 10 02 65 0C 00 00 0F BC 
00 FF FF 00 10 0D 22 93 00 00 02 00 00 10 02 66 0C 00 00 09 4F 
00 FF FF 00 10 0D 22 93 00 00 02 00 00 10 02 67 0C 00 00 08 BD 
00 FF FF 00 10 0D 22 93 00 00 02 00 00 10 02 68 0C 00 00 08 3A 
00 FF FF 00 10 0D 22 93 00 00 02 00 00 10 02 69 0C 00 00 03 A4 
00 FF FF 00 10 0D 22 93 00 00 02 00 00 10 02 6A 0C 00 00 06 B3 
00 FF FF 00 10 0D 22 93 00 00 02 00 00 10 02 6B 0C 00 00 03 92 
00 FF FF 00 10 0D 22 93 00 00 02 00 00 10 02 6C 0C 00 00 09 83 
00 FF FF 00 10 0D 22 93 00 00 02 00 00 10 02 6D 0C 00 00 09 16 
00 FF FF 00 10 0D 22 93 00 00 02 00 00 10 02 6E 0C 00 00 11 58 
00 FF FF 00 10 0D 22 93 00 00 02 00 00 10 02 6F 0C 00 00 07 95 
00 FF FF 00 10 0D 22 93 00 00 02 00 00 10 02 70 0C 00 00 09 E8 
00 FF FF 00 10 0D 22 93 00 00 02 00 00 10 02 71 0C 00 00 04 B2 
00 FF FF 00 10 0D 22 93 00 00 02 00 00 10 02 72 0C 00 00 02 23 
00 FF FF 00 10 0D 22 93 00 00 02 00 00 10 02 73 0C 00 00 0C AD 
00 FF FF 00 10 0D 22 93 00 00 02 00 00 10 02 74 0C 00 00 01 DE 
00 FF FF 00 10 0D 22 93 00 00 02 00 00 10 02 75 0C 00 00 10 1E 
00 FF FF 00 10 0D 22 93 00 00 02 00 00 10 02 76 0C 00 00 00 69 
00 FF FF 00 10 0D 22 93 00 00 02 00 00 10 02 77 0C 00 00 02 CB 
00 FF FF 00 10 0D 22 93 00 00 02 00 00 10 02 78 0C 00 00 06 E3 
00 FF FF 00 10 0D 22 93 00 00 02 00 00 10 02 79 0C 00 00 08 29 
00 FF FF 00 10 0D 22 93 00 00 02 00 00 10 02 7A 0C 00 00 04 86 
00 FF FF 00 10 0D 22 93 00 00 02 00 00 10 02 7B 0C 00 00 09 2F 
00 FF FF 00 10 0D 22 93 00 00 02 00 00 10 02 7C 0C 00 00 08 AD 
00 FF FF 00 10 0D 22 93 00 00 02 00 00 10 02 7D 0C 00 00 0A 44 
00 FF FF 00 10 0D 22 93 00 00 02 00 00 10 02 7E 0C 00 00 05 09 
00 FF FF 00 10 0D 22 93 00 00 02 00 00 10 02 7F 0C 00 00 07 A8 
00 FF FF 00 10 0D 22 93 00 00 02 00 00 10 02 80 0C 00 00 06 A7 
00 FF FF 00 10 0D 22 93 00 00 02 00 00 10 02 81 0C 00 00 04 E9 
00 FF FF 00 10 0D 22 93 00 00 02 00 00 10 02 82 0C 00 00 0A 46 
00 FF FF 00 10 0D 22 93 00 00 02 00 00 10 02 83 0C 00 00 08 69 
00 FF FF 00 10 0D 22 93 00 00 02 00 00 10 02 84 0C 00 00 0B 53 
00 FF FF 00 10 0D 22 93 00 00 02 00 00 10 02 85 0C 00 00 01 8F 
00 FF FF 00 10 0D 22 93 00 00 02 00 00 10 02 86 0C 00 00 12 69 
00 FF FF 00 10 0D 22 93 00 00 02 00 00 10 02 87 0C 00 00 07 7D 
00 FF FF 00 10 0D 22 93 00 00 02 00 00 10 02 8A 0C 00 00 01 4A 
00 FF FF 00 10 0D 22 93 00 00 02 00 00 10 02 8B 0C 00 00 08 F2 
00 FF FF 00 10 0D 22 93 00 00 02 00 00 10 02 8C 0C 00 00 06 71 
00 FF FF 00 10 0D 22 93 00 00 02 00 00 10 02 8D 0C 00 00 0E 10 
00 FF FF 00 10 0D 22 93 00 00 02 00 00 10 02 8E 0C 00 00 08 25 
00 FF FF 00 10 0D 22 93 00 00 02 00 00 10 02 8F 0C 00 00 0B F0 
00 FF FF 00 10 0D 22 93 00 00 02 00 00 10 02 90 0C 00 00 05 E9 
00 FF FF 00 10 0D 22 93 00 00 02 00 00 10 02 91 0C 00 00 06 61 
00 FF FF 00 10 0D 22 93 00 00 02 00 00 10 02 92 0C 00 00 05 D1 
00 FF FF 00 10 0D 22 93 00 00 02 00 00 10 02 93 0C 00 00 04 54 
00 FF FF 00 10 0D 22 93 00 00 02 00 00 10 02 94 0C 00 00 09 D9 
00 FF FF 00 10 0D 22 93 00 00 02 00 00 10 02 95 0C 00 00 05 3D 
00 FF FF 00 10 0D 22 93 00 00 02 00 00 10 02 96 0C 00 00 0C 45 
00 FF FF 00 10 0D 22 93 00 00 02 00 00 10 02 97 0C 00 00 06 62 
00 FF FF 00 10 0D 22 93 00 00 02 00 00 10 02 98 0C 00 00 06 94 
00 FF FF 00 10 0D 22 93 00 00 02 00 00 10 02 99 0C 00 00 04 5C 
00 FF FF 00 10 0D 22 93 00 00 02 00 00 10 02 9A 0C 00 00 01 8D 
00 FF FF 00 10 0D 22 93 00 00 02 00 00 10 02 9B 0C 00 00 08 68 
00 FF FF 00 10 0D 22 93 00 00 02 00 00 10 02 9C 0C 00 00 07 4B 
00 FF FF 00 10 0D 22 93 00 00 02 00 00 10 02 9D 0C 00 00 06 5E 
00 FF FF 00 10 0D 22 93 00 00 02 00 00 10 02 9E 0C 00 00 06 6A 
00 FF FF 00 10 0D 22 93 00 00 02 00 00 10 02 9F 0C 00 00 06 C0 
00 FF FF 00 10 0D 22 93 00 00 02 00 00 10 02 A0 0C 00 00 11 FC 
00 FF FF 00 10 0D 22 93 00 00 02 00 00 10 02 A1 0C 00 00 0B 6C 
00 FF FF 00 10 0D 22 93 00 00 02 00 00 10 02 A2 0C 00 00 09 03 
00 FF FF 00 10 0D 22 93 00 00 02 00 00 10 02 A3 0C 00 00 06 1F 
00 FF FF 00 10 0D 22 93 00 00 02 00 00 10 02 A4 0C 00 00 07 23 
00 FF FF 00 10 0D 22 93 00 00 02 00 00 10 02 A5 0C 00 00 04 8C 
00 FF FF 00 10 0D 22 93 00 00 02 00 00 10 02 A6 0C 00 00 05 9F 
00 FF FF 00 10 0D 22 93 00 00 02 00 00 10 02 A7 0C 00 00 05 67 
00 FF FF 00 10 0D 22 93 00 00 02 00 00 10 02 A8 0C 00 00 09 3B 
00 FF FF 00 10 0D 22 93 00 00 02 00 00 10 02 A9 0C 00 00 04 D5 
00 FF FF 00 10 0D 22 93 00 00 02 00 00 10 02 AA 0C 00 00 07 98 
00 FF FF 00 10 0D 22 93 00 00 02 00 00 10 02 AB 0C 00 00 06 A4 
00 FF FF 00 10 0D 22 93 00 00 02 00 00 10 02 AC 0C 00 00 07 A7 
00 FF FF 00 10 0D 22 93 00 00 02 00 00 10 02 AD 0C 00 00 08 66 
00 FF FF 00 10 0D 22 93 00 00 02 00 00 10 02 AE 0C 00 00 07 70 
00 FF FF 00 10 0D 22 93 00 00 02 00 00 10 02 AF 0C 00 00 09 75 
00 FF FF 00 10 0D 22 93 00 00 02 00 00 10 02 B0 0C 00 00 08 F9 
00 FF FF 00 10 0D 22 93 00 00 02 00 00 10 02 B1 0C 00 00 07 0B 
00 FF FF 00 10 0D 22 93 00 00 02 00 00 10 02 B2 0C 00 00 07 C2 
00 FF FF 00 10 0D 22 93 00 00 02 00 00 10 02 B3 0C 00 00 08 A9 
00 FF FF 00 10 0D 22 93 00 00 02 00 00 10 02 B4 0C 00 00 04 B5 
00 FF FF 00 10 0D 22 93 00 00 02 00 00 10 02 B5 0C 00 00 06 D0 
00 FF FF 00 10 0D 22 93 00 00 02 00 00 10 02 B6 0C 00 00 05 90 
00 FF FF 00 10 0D 22 93 00 00 02 00 00 10 02 B7 0C 00 00 06 44 
00 FF FF 00 10 0D 22 93 00 00 02 00 00 10 02 B8 0C 00 00 08 0F 
00 FF FF 00 10 0D 22 93 00 00 02 00 00 10 02 B9 0C 00 00 06 06 
00 FF FF 00 10 0D 22 93 00 00 02 00 00 10 02 BA 0C 00 00 05 C7 
00 FF FF 00 10 0D 22 93 00 00 02 00 00 10 02 BB 0C 00 00 07 1B 
00 FF FF 00 10 0D 22 93 00 00 02 00 00 10 02 BC 0C 00 00 08 67 
00 FF FF 00 10 0D 22 93 00 00 02 00 00 10 02 BD 0C 00 00 06 98 
00 FF FF 00 10 0D 22 93 00 00 02 00 00 10 02 BE 0C 00 00 07 F8 
00 FF FF 00 10 0D 22 93 00 00 02 00 00 10 02 BF 0C 00 00 09 7B 
00 FF FF 00 10 0D 22 93 00 00 02 00 00 10 02 C0 0C 00 00 09 E9 
00 FF FF 00 10 0D 22 93 00 00 02 00 00 10 02 C1 0C 00 00 07 C7 
00 FF FF 00 10 0D 22 93 00 00 02 00 00 10 02 C2 0C 00 00 08 09 
00 FF FF 00 10 0D 22 93 00 00 02 00 00 10 02 C3 0C 00 00 0B 88 
00 FF FF 00 10 0D 22 93 00 00 02 00 00 10 02 C4 0C 00 00 05 B4 
00 FF FF 00 10 0D 22 93 00 00 02 00 00 10 02 C5 0C 00 00 07 50 
00 FF FF 00 10 0D 22 93 00 00 02 00 00 10 02 C6 0C 00 00 05 67 
00 FF FF 00 10 0D 22 93 00 00 02 00 00 10 02 C7 0C 00 00 07 95 
00 FF FF 00 10 0D 22 93 00 00 02 00 00 10 02 C8 0C 00 00 0A 51 
00 FF FF 00 10 0D 22 93 00 00 02 00 00 10 02 C9 0C 00 00 02 26 
00 FF FF 00 10 0D 22 93 00 00 02 00 00 10 02 CA 0C 00 00 0D 3E 
00 FF FF 00 10 0D 22 93 00 00 02 00 00 10 02 CB 0C 00 00 06 85 
00 FF FF 00 10 0D 22 93 00 00 02 00 00 10 02 CC 0C 00 00 0C 3C 
00 FF FF 00 10 0D 22 93 00 00 02 00 00 10 02 CD 0C 00 00 0C 05 
00 FF FF 00 10 0D 22 93 00 00 02 00 00 10 02 CE 0C 00 00 04 D2 
00 FF FF 00 10 0D 22 93 00 00 02 00 00 10 02 CF 0C 00 00 05 63 
00 FF FF 00 10 0D 22 93 00 00 02 00 00 10 02 D0 0C 00 00 0A 91 
00 FF FF 00 10 0D 22 93 00 00 02 00 00 10 02 D1 0C 00 00 07 99 
00 FF FF 00 10 0D 22 93 00 00 02 00 00 10 02 D2 0C 00 00 09 C8 
00 FF FF 00 10 0D 22 93 00 00 02 00 00 10 02 D3 0C 00 00 01 DC 
00 FF FF 00 10 0D 22 93 00 00 02 00 00 10 02 D4 0C 00 00 03 B1 
00 FF FF 00 10 0D 22 93 00 00 02 00 00 10 02 D6 0C 00 00 02 1D 
00 FF FF 00 10 0D 22 93 00 00 02 00 00 10 02 D7 0C 00 00 02 56 
00 FF FF 00 10 0D 22 93 00 00 02 00 00 10 02 D8 0C 00 00 0F 06 
00 FF FF 00 10 0D 22 93 00 00 02 00 00 10 02 D9 0C 00 00 09 11 
00 FF FF 00 10 0D 22 93 00 00 02 00 00 10 02 DA 0C 00 00 08 38 
00 FF FF 00 10 0D 22 93 00 00 02 00 00 10 02 DB 0C 00 00 0A 67 
00 FF FF 00 10 0D 22 93 00 00 02 00 00 10 02 DC 0C 00 00 0C 8F 
00 FF FF 00 10 0D 22 93 00 00 02 00 00 10 02 DD 0C 00 00 0C 22 
00 FF FF 00 10 0D 22 93 00 00 02 00 00 10 02 DE 0C 00 00 07 6E 
00 FF FF 00 10 0D 22 93 00 00 02 00 00 10 02 DF 0C 00 00 06 D2 
00 FF FF 00 10 0D 22 93 00 00 02 00 00 10 02 E0 0C 00 00 0A 0C 
00 FF FF 00 10 0D 22 93 00 00 02 00 00 10 02 E1 0C 00 00 08 79 
00 FF FF 00 10 0D 22 93 00 00 02 00 00 10 02 E2 0C 00 00 15 8E 
00 FF FF 00 10 0D 22 93 00 00 02 00 00 10 02 E3 0C 00 00 08 E6 
00 FF FF 00 10 0D 22 93 00 00 02 00 00 10 02 E4 0C 00 00 08 A3 
00 FF FF 00 10 0D 22 93 00 00 02 00 00 10 02 E5 0C 00 00 05 5A 
00 FF FF 00 10 0D 22 93 00 00 02 00 00 10 02 E6 0C 00 00 08 E4 
00 FF FF 00 10 0D 22 93 00 00 02 00 00 10 02 E7 0C 00 00 08 C6 
00 FF FF 00 10 0D 22 93 00 00 02 00 00 10 02 E8 0C 00 00 18 30 
00 FF FF 00 10 0D 22 93 00 00 02 00 00 10 02 E9 0C 00 00 12 E5 
00 FF FF 00 10 0D 22 93 00 00 02 00 00 10 02 EA 0C 00 00 1D 31 
00 FF FF 00 10 0D 22 93 00 00 02 00 00 10 02 EB 0C 00 00 15 3D 
00 FF FF 00 10 0D 22 93 00 00 02 00 00 10 02 EC 0C 00 00 08 10 
00 FF FF 00 10 0D 22 93 00 00 02 00 00 10 02 ED 0C 00 00 08 CF 
00 FF FF 00 10 0D 22 93 00 00 02 00 00 10 02 EE 0C 00 00 04 4A 
00 FF FF 00 10 0D 22 93 00 00 02 00 00 10 02 EF 0C 00 00 0F E6 
00 FF FF 00 10 0D 22 93 00 00 02 00 00 10 02 F0 0C 00 00 08 45 
00 FF FF 00 10 0D 22 93 00 00 02 00 00 10 02 F1 0C 00 00 08 14 
00 FF FF 00 10 0D 22 93 00 00 02 00 00 10 02 F2 0C 00 00 02 9A 
00 FF FF 00 10 0D 22 93 00 00 02 00 00 10 02 F3 0C 00 00 07 04 
00 FF FF 00 10 0D 22 93 00 00 02 00 00 10 02 F4 0C 00 00 04 FA 
00 FF FF 00 10 0D 22 93 00 00 02 00 00 10 02 F5 0C 00 00 0C E2 
00 FF FF 00 10 0D 22 93 00 00 02 00 00 10 02 F6 0C 00 00 0A 7F 
00 FF FF 00 10 0D 22 93 00 00 02 00 00 10 02 F7 0C 00 00 04 89 
00 FF FF 00 10 0D 22 93 00 00 02 00 00 10 02 F8 0C 00 00 08 A9 
00 FF FF 00 10 0D 22 93 00 00 02 00 00 10 02 F9 0C 00 00 05 A6 
00 FF FF 00 10 0D 22 93 00 00 02 00 00 10 02 FA 0C 00 00 08 97 
00 FF FF 00 10 0D 22 93 00 00 02 00 00 10 02 FB 0C 00 00 0B 92 
00 FF FF 00 10 0D 22 93 00 00 02 00 00 10 02 FC 0C 00 00 14 BE 
00 FF FF 00 10 0D 22 93 00 00 02 00 00 10 02 FD 0C 00 00 10 9D 
00 FF FF 00 10 0D 22 93 00 00 02 00 00 10 02 FE 0C 00 00 0C A4 
00 FF FF 00 10 0D 22 93 00 00 02 00 00 10 02 FF 0C 00 00 05 A5 
00 FF FF 00 10 0D 22 93 00 00 02 00 00 10 03 00 0C 00 00 07 5C 
00 FF FF 00 10 0D 22 93 00 00 02 00 00 10 03 01 0C 00 00 05 0F 
00 FF FF 00 10 0D 22 93 00 00 02 00 00 10 03 02 0C 00 00 07 5A 
00 FF FF 00 10 0D 22 93 00 00 02 00 00 10 03 03 0C 00 00 09 73 
00 FF FF 00 10 0D 22 93 00 00 02 00 00 10 03 04 0C 00 00 0D 69 
00 FF FF 00 10 0D 22 93 00 00 02 00 00 10 03 05 0C 00 00 0C 0E 
00 FF FF 00 10 0D 22 93 00 00 02 00 00 10 03 06 0C 00 00 0E 1A 
00 FF FF 00 10 0D 22 93 00 00 02 00 00 10 03 07 0C 00 00 07 79 
00 FF FF 00 10 0D 22 93 00 00 02 00 00 10 03 08 0C 00 00 09 8F 
00 FF FF 00 10 0D 22 93 00 00 02 00 00 10 03 09 0C 00 00 0B AA 
00 FF FF 00 10 0D 22 93 00 00 02 00 00 10 03 0A 0C 00 00 07 77 
00 FF FF 00 10 0D 22 93 00 00 02 00 00 10 03 0B 0C 00 00 07 F5 
00 FF FF 00 10 0D 22 93 00 00 02 00 00 10 03 0C 0C 00 00 0F A5 
00 FF FF 00 10 0D 22 93 00 00 02 00 00 10 03 0D 0C 00 00 09 4F 
00 FF FF 00 10 0D 22 93 00 00 02 00 00 10 03 0E 0C 00 00 0E 2A 
00 FF FF 00 10 0D 22 93 00 00 02 00 00 10 03 0F 0C 00 00 06 06 
00 FF FF 00 10 0D 22 93 00 00 02 00 00 10 03 10 0C 00 00 07 DC 
00 FF FF 00 10 0D 22 93 00 00 02 00 00 10 03 11 0C 00 00 09 46 
00 FF FF 00 10 0D 22 93 00 00 02 00 00 10 03 12 0C 00 00 0C 56 
00 FF FF 00 10 0D 22 93 00 00 02 00 00 10 03 13 0C 00 00 07 71 
00 FF FF 00 10 0D 22 93 00 00 02 00 00 10 03 14 0C 00 00 05 3D 
00 FF FF 00 10 0D 22 93 00 00 02 00 00 10 03 15 0C 00 00 08 6C 
00 FF FF 00 10 0D 22 93 00 00 02 00 00 10 03 16 0C 00 00 08 74 
00 FF FF 00 10 0D 22 93 00 00 02 00 00 10 03 17 0C 00 00 08 7E 
00 FF FF 00 10 0D 22 93 00 00 02 00 00 10 03 18 0C 00 00 02 DD 
00 FF FF 00 10 0D 22 93 00 00 02 00 00 10 03 1A 0C 00 00 00 AD 
00 FF FF 00 10 0D 22 93 00 00 02 00 00 10 03 1B 0C 00 00 01 D6 
00 FF FF 00 10 0D 22 93 00 00 02 00 00 10 03 1C 0C 00 00 06 E8 
00 FF FF 00 10 0D 22 93 00 00 02 00 00 10 03 1D 0C 00 00 02 E3 
00 FF FF 00 10 0D 22 93 00 00 02 00 00 10 03 1E 0C 00 00 0F 26 
00 FF FF 00 10 0D 22 93 00 00 02 00 00 10 03 1F 0C 00 00 06 F5 
00 FF FF 00 10 0D 22 93 00 00 02 00 00 10 03 20 0C 00 00 05 88 
00 FF FF 00 10 0D 22 93 00 00 02 00 00 10 03 21 0C 00 00 05 73 
00 FF FF 00 10 0D 22 93 00 00 02 00 00 10 03 22 0C 00 00 08 B3 
00 FF FF 00 10 0D 22 93 00 00 02 00 00 10 03 23 0C 00 00 08 78 
00 FF FF 00 10 0D 22 93 00 00 02 00 00 10 03 24 0C 00 00 09 50 
00 FF FF 00 10 0D 22 93 00 00 02 00 00 10 03 25 0C 00 00 0B 64 
00 FF FF 00 10 0D 22 93 00 00 02 00 00 10 03 26 0C 00 00 08 7E 
00 FF FF 00 10 0D 22 93 00 00 02 00 00 10 03 27 0C 00 00 06 A2 
00 FF FF 00 10 0D 22 93 00 00 02 00 00 10 03 28 0C 00 00 08 0E 
00 FF FF 00 10 0D 22 93 00 00 02 00 00 10 03 29 0C 00 00 04 E0 
00 FF FF 00 10 0D 22 93 00 00 02 00 00 10 03 2A 0C 00 00 06 BE 
00 FF FF 00 10 0D 22 93 00 00 02 00 00 10 03 2B 0C 00 00 04 78 
00 FF FF 00 10 0D 22 93 00 00 02 00 00 10 03 2C 0C 00 00 0A 70 
00 FF FF 00 10 0D 22 93 00 00 02 00 00 10 03 2D 0C 00 00 07 89 
00 FF FF 00 10 0D 22 93 00 00 02 00 00 10 03 2E 0C 00 00 08 8F 
00 FF FF 00 10 0D 22 93 00 00 02 00 00 10 03 2F 0C 00 00 0A 57 
00 FF FF 00 10 0D 22 93 00 00 02 00 00 10 03 30 0C 00 00 15 45 
00 FF FF 00 10 0D 22 93 00 00 02 00 00 10 03 31 0C 00 00 08 94 
00 FF FF 00 10 0D 22 93 00 00 02 00 00 10 03 32 0C 00 00 08 63 
00 FF FF 00 10 0D 22 93 00 00 02 00 00 10 03 33 0C 00 00 08 95 
00 FF FF 00 10 0D 22 93 00 00 02 00 00 10 03 34 0C 00 00 05 FF 
00 FF FF 00 10 0D 22 93 00 00 02 00 00 10 03 35 0C 00 00 07 AC 
00 FF FF 00 10 0D 22 93 00 00 02 00 00 10 03 36 0C 00 00 08 67 
00 FF FF 00 10 0D 22 93 00 00 02 00 00 10 03 37 0C 00 00 09 34 
00 FF FF 00 10 0D 22 93 00 00 02 00 00 10 03 38 0C 00 00 0A 1C 
00 FF FF 00 10 0D 22 93 00 00 02 00 00 10 03 39 0C 00 00 07 32 
00 FF FF 00 10 0D 22 93 00 00 02 00 00 10 03 3A 0C 00 00 08 9D 
00 FF FF 00 10 0D 22 93 00 00 02 00 00 10 03 3B 0C 00 00 06 89 
00 FF FF 00 10 0D 22 93 00 00 02 00 00 10 03 3C 0C 00 00 09 24 
00 FF FF 00 10 0D 22 93 00 00 02 00 00 10 03 3D 0C 00 00 07 31 
00 FF FF 00 10 0D 22 93 00 00 02 00 00 10 03 3E 0C 00 00 11 E5 
00 FF FF 00 10 0D 22 93 00 00 02 00 00 10 03 3F 0C 00 00 08 E8 
00 FF FF 00 10 0D 22 93 00 00 02 00 00 10 03 40 0C 00 00 0C 9F 
00 FF FF 00 10 0D 22 93 00 00 02 00 00 10 03 42 0C 00 00 0A A6 
00 FF FF 00 10 0D 22 93 00 00 02 00 00 10 03 43 0C 00 00 03 B0 
00 FF FF 00 10 0D 22 93 00 00 02 00 00 10 03 44 0C 00 00 04 B5 
00 FF FF 00 10 0D 22 93 00 00 02 00 00 10 03 45 0C 00 00 04 DD 
00 FF FF 00 10 0D 22 93 00 00 02 00 00 10 03 46 0C 00 00 08 4D 
00 FF FF 00 10 0D 22 93 00 00 02 00 00 10 03 47 0C 00 00 07 D6 
00 FF FF 00 10 0D 22 93 00 00 02 00 00 10 03 48 0C 00 00 07 D3 
00 FF FF 00 10 0D 22 93 00 00 02 00 00 10 03 49 0C 00 00 09 E8 
00 FF FF 00 10 0D 22 93 00 00 02 00 00 10 03 4A 0C 00 00 0D CB 
00 FF FF 00 10 0D 22 93 00 00 02 00 00 10 03 4B 0C 00 00 08 F2 
00 FF FF 00 10 0D 22 93 00 00 02 00 00 10 03 4C 0C 00 00 0B 17 
00 FF FF 00 10 0D 22 93 00 00 02 00 00 10 03 4D 0C 00 00 04 FA 
00 FF FF 00 10 0D 22 93 00 00 02 00 00 10 03 4E 0C 00 00 06 CC 
00 FF FF 00 10 0D 22 93 00 00 02 00 00 10 03 4F 0C 00 00 07 C1 
00 FF FF 00 10 0D 22 93 00 00 02 00 00 10 03 50 0C 00 00 1A 9C 
00 FF FF 00 10 0D 22 93 00 00 02 00 00 10 03 51 0C 00 00 05 A8 
00 FF FF 00 10 0D 22 93 00 00 02 00 00 10 03 52 0C 00 00 05 58 
00 FF FF 00 10 0D 22 93 00 00 02 00 00 10 03 53 0C 00 00 0A 3B 
00 FF FF 00 10 0D 22 93 00 00 02 00 00 10 03 54 0C 00 00 0A 9D 
00 FF FF 00 10 0D 22 93 00 00 02 00 00 10 03 55 0C 00 00 08 47 
00 FF FF 00 10 0D 22 93 00 00 02 00 00 10 03 56 0C 00 00 08 5E 
00 FF FF 00 10 0D 22 93 00 00 02 00 00 10 03 57 0C 00 00 09 CB 
00 FF FF 00 10 0D 22 93 00 00 02 00 00 10 03 58 0C 00 00 0C 65 
00 FF FF 00 10 0D 22 93 00 00 02 00 00 10 03 59 0C 00 00 02 96 
00 FF FF 00 10 0D 22 93 00 00 02 00 00 10 03 5A 0C 00 00 13 28 
00 FF FF 00 10 0D 22 93 00 00 02 00 00 10 03 5B 0C 00 00 08 DF 
00 FF FF 00 10 0D 22 93 00 00 02 00 00 10 03 5C 0C 00 00 08 1B 
00 FF FF 00 10 0D 22 93 00 00 02 00 00 10 03 5D 0C 00 00 04 0E 
00 FF FF 00 10 0D 22 93 00 00 02 00 00 10 03 5E 0C 00 00 02 69 
00 FF FF 00 10 0D 22 93 00 00 02 00 00 10 03 5F 0C 00 00 05 09 
00 FF FF 00 10 0D 22 93 00 00 02 00 00 10 03 60 0C 00 00 05 7D 
00 FF FF 00 10 0D 22 93 00 00 02 00 00 10 03 61 0C 00 00 06 54 
00 FF FF 00 10 0D 22 93 00 00 02 00 00 10 03 62 0C 00 00 06 0C 
00 FF FF 00 10 0D 22 93 00 00 02 00 00 10 03 63 0C 00 00 0B 25 
00 FF FF 00 10 0D 22 93 00 00 02 00 00 10 03 64 0C 00 00 08 C1 
00 FF FF 00 10 0D 22 93 00 00 02 00 00 10 03 65 0C 00 00 05 5A 
00 FF FF 00 10 0D 22 93 00 00 02 00 00 10 03 66 0C 00 00 04 DD 
00 FF FF 00 10 0D 22 93 00 00 02 00 00 10 03 67 0C 00 00 07 0F 
00 FF FF 00 10 0D 22 93 00 00 02 00 00 10 03 68 0C 00 00 03 EF 
00 FF FF 00 10 0D 22 93 00 00 02 00 00 10 03 69 0C 00 00 06 C6 
00 FF FF 00 10 0D 22 93 00 00 02 00 00 10 03 6A 0C 00 00 17 5B 
00 FF FF 00 10 0D 22 93 00 00 02 00 00 10 03 6B 0C 00 00 16 D2 
00 FF FF 00 10 0D 22 93 00 00 02 00 00 10 03 6C 0C 00 00 0F C8 
00 FF FF 00 10 0D 22 93 00 00 02 00 00 10 03 6D 0C 00 00 07 6B 
00 FF FF 00 10 0D 22 93 00 00 02 00 00 10 03 6E 0C 00 00 05 38 
00 FF FF 00 10 0D 22 93 00 00 02 00 00 10 03 6F 0C 00 00 06 17 
00 FF FF 00 10 0D 22 93 00 00 02 00 00 10 03 70 0C 00 00 06 44 
00 FF FF 00 10 0D 22 93 00 00 02 00 00 10 03 71 0C 00 00 09 0E 
00 FF FF 00 10 0D 22 93 00 00 02 00 00 10 03 72 0C 00 00 03 A7 
00 FF FF 00 10 0D 22 93 00 00 02 00 00 10 03 73 0C 00 00 0C C4 
00 FF FF 00 10 0D 22 93 00 00 02 00 00 10 03 74 0C 00 00 0E 0E 
00 FF FF 00 10 0D 22 93 00 00 02 00 00 10 03 75 0C 00 00 06 2B 
00 FF FF 00 10 0D 22 93 00 00 02 00 00 10 03 76 0C 00 00 07 04 
00 FF FF 00 10 0D 22 93 00 00 02 00 00 10 03 77 0C 00 00 07 03 
00 FF FF 00 10 0D 22 93 00 00 02 00 00 10 03 78 0C 00 00 04 C1 
00 FF FF 00 10 0D 22 93 00 00 02 00 00 10 03 79 0C 00 00 06 4C 
00 FF FF 00 10 0D 22 93 00 00 02 00 00 10 03 7A 0C 00 00 05 9B 
00 FF FF 00 10 0D 22 93 00 00 02 00 00 10 03 7B 0C 00 00 07 E2 
00 FF FF 00 10 0D 22 93 00 00 02 00 00 10 03 7C 0C 00 00 02 48 
00 FF FF 00 10 0D 22 93 00 00 02 00 00 10 03 7D 0C 00 00 04 82 
00 FF FF 00 10 0D 22 93 00 00 02 00 00 10 03 7E 0C 00 00 07 53 
00 FF FF 00 10 0D 22 93 00 00 02 00 00 10 03 7F 0C 00 00 05 16 
00 FF FF 00 10 0D 22 93 00 00 02 00 00 10 03 80 0C 00 00 06 51 
00 FF FF 00 10 0D 22 93 00 00 02 00 00 10 03 81 0C 00 00 05 BD 
00 FF FF 00 10 0D 22 93 00 00 02 00 00 10 03 82 0C 00 00 05 F6 
00 FF FF 00 10 0D 22 93 00 00 02 00 00 10 03 83 0C 00 00 05 19 
00 FF FF 00 10 0D 22 93 00 00 02 00 00 10 03 84 0C 00 00 06 B2 
00 FF FF 00 10 0D 22 93 00 00 02 00 00 10 03 85 0C 00 00 07 6C 
00 FF FF 00 10 0D 22 93 00 00 02 00 00 10 03 86 0C 00 00 11 35 
00 FF FF 00 10 0D 22 93 00 00 02 00 00 10 03 87 0C 00 00 06 6C 
00 FF FF 00 10 0D 22 93 00 00 02 00 00 10 03 88 0C 00 00 0B BC 
00 FF FF 00 10 0D 22 93 00 00 02 00 00 10 03 89 0C 00 00 03 0A 
00 FF FF 00 10 0D 22 93 00 00 02 00 00 10 03 8A 0C 00 00 07 AD 
00 FF FF 00 10 0D 22 93 00 00 02 00 00 10 03 8B 0C 00 00 09 99 
00 FF FF 00 10 0D 22 93 00 00 02 00 00 10 03 8C 0C 00 00 09 A0 
00 FF FF 00 10 0D 22 93 00 00 02 00 00 10 03 8D 0C 00 00 08 45 
00 FF FF 00 10 0D 22 93 00 00 02 00 00 10 03 8E 0C 00 00 08 C1 
00 FF FF 00 10 0D 22 93 00 00 02 00 00 10 03 8F 0C 00 00 10 2C 
00 FF FF 00 10 0D 22 93 00 00 02 00 00 10 03 90 0C 00 00 05 B4 
00 FF FF 00 10 0D 22 93 00 00 02 00 00 10 03 91 0C 00 00 01 40 
00 FF FF 00 10 0D 22 93 00 00 02 00 00 10 03 92 0C 00 00 04 C5 
00 FF FF 00 10 0D 22 93 00 00 02 00 00 10 03 93 0C 00 00 08 93 
00 FF FF 00 10 0D 22 93 00 00 02 00 00 10 03 94 0C 00 00 05 B6 
00 FF FF 00 10 0D 22 93 00 00 02 00 00 10 03 95 0C 00 00 09 2F 
00 FF FF 00 10 0D 22 93 00 00 02 00 00 10 03 96 0C 00 00 0A B2 
00 FF FF 00 10 0D 22 93 00 00 02 00 00 10 03 97 0C 00 00 04 C8 
00 FF FF 00 10 0D 22 93 00 00 02 00 00 10 03 98 0C 00 00 07 DB 
00 FF FF 00 10 0D 22 93 00 00 02 00 00 10 03 99 0C 00 00 05 97 
00 FF FF 00 10 0D 22 93 00 00 02 00 00 10 03 9A 0C 00 00 02 2D 
00 FF FF 00 10 0D 22 93 00 00 02 00 00 10 03 9B 0C 00 00 06 28 
00 FF FF 00 10 0D 22 93 00 00 02 00 00 10 03 9C 0C 00 00 07 7F 
00 FF FF 00 10 0D 22 93 00 00 02 00 00 10 03 9D 0C 00 00 07 1D 
00 FF FF 00 10 0D 22 93 00 00 02 00 00 10 03 9E 0C 00 00 0E E8 
00 FF FF 00 10 0D 22 93 00 00 02 00 00 10 03 9F 0C 00 00 01 BD 
00 FF FF 00 10 0D 22 93 00 00 02 00 00 10 03 A0 0C 00 00 07 A6 
00 FF FF 00 10 0D 22 93 00 00 02 00 00 10 03 A1 0C 00 00 05 D4 
00 FF FF 00 10 0D 22 93 00 00 02 00 00 10 03 A2 0C 00 00 01 3C 
00 FF FF 00 10 0D 22 93 00 00 02 00 00 10 03 A3 0C 00 00 03 7C 
00 FF FF 00 10 0D 22 93 00 00 02 00 00 10 03 A4 0C 00 00 07 DF 
00 FF FF 00 10 0D 22 93 00 00 02 00 00 10 03 A5 0C 00 00 01 40 
00 FF FF 00 10 0D 22 93 00 00 02 00 00 10 03 A6 0C 00 00 14 43 
00 FF FF 00 10 0D 22 93 00 00 02 00 00 10 03 A7 0C 00 00 06 D4 
00 FF FF 00 10 0D 22 93 00 00 02 00 00 10 03 A8 0C 00 00 06 E3 
00 FF FF 00 10 0D 22 93 00 00 02 00 00 10 03 A9 0C 00 00 06 7A 
00 FF FF 00 10 0D 22 93 00 00 02 00 00 10 03 AA 0C 00 00 06 93 
00 FF FF 00 10 0D 22 93 00 00 02 00 00 10 03 AB 0C 00 00 04 28 
00 FF FF 00 10 0D 22 93 00 00 02 00 00 10 03 AC 0C 00 00 01 CF 
00 FF FF 00 10 0D 22 93 00 00 02 00 00 10 03 AD 0C 00 00 07 E2 
00 FF FF 00 10 0D 22 93 00 00 02 00 00 10 03 AE 0C 00 00 06 CB 
00 FF FF 00 10 0D 22 93 00 00 02 00 00 10 03 AF 0C 00 00 06 18 
00 FF FF 00 10 0D 22 93 00 00 02 00 00 10 03 B0 0C 00 00 06 0D 
00 FF FF 00 10 0D 22 93 00 00 02 00 00 10 03 B1 0C 00 00 04 69 
00 FF FF 00 10 0D 22 93 00 00 02 00 00 10 03 B2 0C 00 00 06 71 
00 FF FF 00 10 0D 22 93 00 00 02 00 00 10 03 B3 0C 00 00 07 C5 
00 FF FF 00 10 0D 22 93 00 00 02 00 00 10 03 B4 0C 00 00 06 87 
00 FF FF 00 10 0D 22 93 00 00 02 00 00 10 03 B5 0C 00 00 05 19 
00 FF FF 00 10 0D 22 93 00 00 02 00 00 10 03 B6 0C 00 00 02 5B 
00 FF FF 00 10 0D 22 93 00 00 02 00 00 10 03 B7 0C 00 00 0C 04 
00 FF FF 00 10 0D 22 93 00 00 02 00 00 10 03 B8 0C 00 00 09 E2 
00 FF FF 00 10 0D 22 93 00 00 02 00 00 10 03 B9 0C 00 00 07 58 
00 FF FF 00 10 0D 22 93 00 00 02 00 00 10 03 BA 0C 00 00 07 6B 
00 FF FF 00 10 0D 22 93 00 00 02 00 00 10 03 BB 0C 00 00 05 5D 
00 FF FF 00 10 0D 22 93 00 00 02 00 00 10 03 BC 0C 00 00 06 42 
00 FF FF 00 10 0D 22 93 00 00 02 00 00 10 03 BD 0C 00 00 01 A6 
00 FF FF 00 10 0D 22 93 00 00 02 00 00 10 03 BE 0C 00 00 02 4A 
00 FF FF 00 10 0D 22 93 00 00 02 00 00 10 03 BF 0C 00 00 05 7C 
00 FF FF 00 10 0D 22 93 00 00 02 00 00 10 03 C0 0C 00 00 03 15 
00 FF FF 00 10 0D 22 93 00 00 02 00 00 10 03 C1 0C 00 00 06 5D 
00 FF FF 00 10 0D 22 93 00 00 02 00 00 10 03 C2 0C 00 00 0B 3E 
00 FF FF 00 10 0D 22 93 00 00 02 00 00 10 03 C3 0C 00 00 0A C2 
00 FF FF 00 10 0D 22 93 00 00 02 00 00 10 03 C4 0C 00 00 05 FF 
00 FF FF 00 10 0D 22 93 00 00 02 00 00 10 03 C5 0C 00 00 07 4F 
00 FF FF 00 10 0D 22 93 00 00 02 00 00 10 03 C6 0C 00 00 05 4D 
00 FF FF 00 10 0D 22 93 00 00 02 00 00 10 03 C7 0C 00 00 08 DE 
00 FF FF 00 10 0D 22 93 00 00 02 00 00 10 03 C8 0C 00 00 06 59 
00 FF FF 00 10 0D 22 93 00 00 02 00 00 10 03 C9 0C 00 00 05 83 
00 FF FF 00 10 0D 22 93 00 00 02 00 00 10 03 CA 0C 00 00 03 A9 
00 FF FF 00 10 0D 22 93 00 00 02 00 00 10 03 CB 0C 00 00 04 C3 
00 FF FF 00 10 0D 22 93 00 00 02 00 00 10 03 CC 0C 00 00 04 6E 
00 FF FF 00 10 0D 22 93 00 00 02 00 00 10 03 CD 0C 00 00 06 2E 
00 FF FF 00 10 0D 22 93 00 00 02 00 00 10 03 CE 0C 00 00 03 BE 
00 FF FF 00 10 0D 22 93 00 00 02 00 00 10 03 CF 0C 00 00 07 6C 
00 FF FF 00 10 0D 22 93 00 00 02 00 00 10 03 D0 0C 00 00 04 F6 
00 FF FF 00 10 0D 22 93 00 00 02 00 00 10 03 D1 0C 00 00 04 6A 
00 FF FF 00 10 0D 22 93 00 00 02 00 00 10 03 D2 0C 00 00 05 CE 
00 FF FF 00 10 0D 22 93 00 00 02 00 00 10 03 D3 0C 00 00 04 DC 
00 FF FF 00 10 0D 22 93 00 00 02 00 00 10 03 D4 0C 00 00 0C 33 
00 FF FF 00 10 0D 22 93 00 00 02 00 00 10 03 D5 0C 00 00 05 67 
00 FF FF 00 10 0D 22 93 00 00 02 00 00 10 03 D6 0C 00 00 05 71 
00 FF FF 00 10 0D 22 93 00 00 02 00 00 10 03 D7 0C 00 00 08 76 
00 FF FF 00 10 0D 22 93 00 00 02 00 00 10 03 D8 0C 00 00 03 19 
00 FF FF 00 10 0D 22 93 00 00 02 00 00 10 03 D9 0C 00 00 04 5E 
00 FF FF 00 10 0D 22 93 00 00 02 00 00 10 03 DA 0C 00 00 0A C2 
00 FF FF 00 10 0D 22 93 00 00 02 00 00 10 03 DB 0C 00 00 0B 83 
00 FF FF 00 10 0D 22 93 00 00 02 00 00 10 03 DC 0C 00 00 09 F5 
00 FF FF 00 10 0D 22 93 00 00 02 00 00 10 03 DD 0C 00 00 08 13 
00 FF FF 00 10 0D 22 93 00 00 02 00 00 10 03 DE 0C 00 00 04 6B 
00 FF FF 00 10 0D 22 93 00 00 02 00 00 10 03 DF 0C 00 00 04 C8 
00 FF FF 00 10 0D 22 93 00 00 02 00 00 10 03 E0 0C 00 00 04 57 
00 FF FF 00 10 0D 22 93 00 00 02 00 00 10 03 E1 0C 00 00 06 7C 
00 FF FF 00 10 0D 22 93 00 00 02 00 00 10 03 E2 0C 00 00 07 27 
00 FF FF 00 10 0D 22 93 00 00 02 00 00 10 03 E3 0C 00 00 03 DE 
00 FF FF 00 10 0D 22 93 00 00 02 00 00 10 03 E4 0C 00 00 03 24 
00 FF FF 00 10 0D 22 93 00 00 02 00 00 10 03 E5 0C 00 00 0F AD 
00 FF FF 00 10 0D 22 93 00 00 02 00 00 10 03 E6 0C 00 00 03 D4 
00 FF FF 00 10 0D 22 93 00 00 02 00 00 10 03 E7 0C 00 00 09 FE 
00 FF FF 00 10 0D 22 93 00 00 02 00 00 10 03 E8 0C 00 00 04 66 
00 FF FF 00 10 0D 22 93 00 00 02 00 00 10 03 E9 0C 00 00 06 23 
00 FF FF 00 10 0D 22 93 00 00 02 00 00 10 03 EA 0C 00 00 03 1D 
00 FF FF 00 10 0D 22 93 00 00 02 00 00 10 03 EB 0C 00 00 09 C4 
00 FF FF 00 10 0D 22 93 00 00 02 00 00 10 03 EC 0C 00 00 0A C8 
00 FF FF 00 10 0D 22 93 00 00 02 00 00 10 03 ED 0C 00 00 08 3E 
00 FF FF 00 10 0D 22 93 00 00 02 00 00 10 03 EE 0C 00 00 06 5C 
00 FF FF 00 10 0D 22 93 00 00 02 00 00 10 03 EF 0C 00 00 05 EB 
00 FF FF 00 10 0D 22 93 00 00 02 00 00 10 03 F0 0C 00 00 06 60 
00 FF FF 00 10 0D 22 93 00 00 02 00 00 10 03 F1 0C 00 00 0A 49 
00 FF FF 00 10 0D 22 93 00 00 02 00 00 10 03 F2 0C 00 00 09 20 
00 FF FF 00 10 0D 22 93 00 00 02 00 00 10 03 F3 0C 00 00 0A 47 
00 FF FF 00 10 0D 22 93 00 00 02 00 00 10 03 F4 0C 00 00 0A 8F 
00 FF FF 00 10 0D 22 93 00 00 02 00 00 10 03 F5 0C 00 00 0A F3 
00 FF FF 00 10 0D 22 93 00 00 02 00 00 10 03 F6 0C 00 00 06 5A 
00 FF FF 00 10 0D 22 93 00 00 02 00 00 10 03 F7 0C 00 00 0D 00 
00 FF FF 00 10 0D 22 93 00 00 02 00 00 10 03 F8 0C 00 00 00 7B 
00 FF FF 00 10 0D 22 93 00 00 02 00 00 10 03 F9 0C 00 00 08 97 
00 FF FF 00 10 0D 22 93 00 00 02 00 00 10 03 FA 0C 00 00 07 FB 
00 FF FF 00 10 0D 22 93 00 00 02 00 00 10 03 FB 0C 00 00 04 D8 
00 FF FF 00 10 0D 22 93 00 00 02 00 00 10 03 FC 0C 00 00 03 B5 
00 FF FF 00 10 0D 22 93 00 00 02 00 00 10 03 FD 0C 00 00 06 9A 
00 FF FF 00 10 0D 22 93 00 00 02 00 00 10 03 FE 0C 00 00 00 66 
00 FF FF 00 10 0D 22 93 00 00 02 00 00 10 03 FF 0C 00 00 04 F6 
00 FF FF 00 10 0D 22 93 00 00 02 00 00 10 04 00 0C 00 00 03 1D 
00 FF FF 00 10 0D 22 93 00 00 02 00 00 10 04 01 0C 00 00 05 32 
00 FF FF 00 10 0D 22 93 00 00 02 00 00 10 04 02 0C 00 00 07 0E 
00 FF FF 00 10 0D 22 93 00 00 02 00 00 10 04 03 0C 00 00 08 3D 
00 FF FF 00 10 0D 22 93 00 00 02 00 00 10 04 04 0C 00 00 05 AC 
00 FF FF 00 10 0D 22 93 00 00 02 00 00 10 04 05 0C 00 00 05 51 
00 FF FF 00 10 0D 22 93 00 00 02 00 00 10 04 06 0C 00 00 06 4F 
00 FF FF 00 10 0D 22 93 00 00 02 00 00 10 04 07 0C 00 00 01 37 
00 FF FF 00 10 0D 22 93 00 00 02 00 00 10 04 08 0C 00 00 05 A5 
00 FF FF 00 10 0D 22 93 00 00 02 00 00 10 04 09 0C 00 00 06 7A 
00 FF FF 00 10 0D 22 93 00 00 02 00 00 10 04 0A 0C 00 00 03 9A 
00 FF FF 00 10 0D 22 93 00 00 02 00 00 10 04 0B 0C 00 00 08 3A 
00 FF FF 00 10 0D 22 93 00 00 02 00 00 10 04 0C 0C 00 00 06 DD 
00 FF FF 00 10 0D 22 93 00 00 02 00 00 10 04 0D 0C 00 00 09 89 
00 FF FF 00 10 0D 22 93 00 00 02 00 00 10 04 0E 0C 00 00 06 6B 
00 FF FF 00 10 0D 22 93 00 00 02 00 00 10 04 0F 0C 00 00 03 86 
00 FF FF 00 10 0D 22 93 00 00 02 00 00 10 04 10 0C 00 00 04 90 
00 FF FF 00 10 0D 22 93 00 00 02 00 00 10 04 11 0C 00 00 09 93 
00 FF FF 00 10 0D 22 93 00 00 02 00 00 10 04 12 0C 00 00 04 30 
00 FF FF 00 10 0D 22 93 00 00 02 00 00 10 04 13 0C 00 00 03 A2 
00 FF FF 00 10 0D 22 93 00 00 02 00 00 10 04 14 0C 00 00 03 05 
00 FF FF 00 10 0D 22 93 00 00 02 00 00 10 04 15 0C 00 00 02 AF 
00 FF FF 00 10 0D 22 93 00 00 02 00 00 10 04 16 0C 00 00 03 AB 
00 FF FF 00 10 0D 22 93 00 00 02 00 00 10 04 17 0C 00 00 06 7C 
00 FF FF 00 10 0D 22 93 00 00 02 00 00 10 04 18 0C 00 00 03 B0 
00 FF FF 00 10 0D 22 93 00 00 02 00 00 10 04 19 0C 00 00 05 D9 
00 FF FF 00 10 0D 22 93 00 00 02 00 00 10 04 1A 0C 00 00 01 51 
00 FF FF 00 10 0D 22 93 00 00 02 00 00 10 04 1B 0C 00 00 00 E6 
00 FF FF 00 10 0D 22 93 00 00 02 00 00 10 04 1C 0C 00 00 02 EB 
00 FF FF 00 10 0D 22 93 00 00 02 00 00 10 04 1D 0C 00 00 00 BF 
00 FF FF 00 10 0D 22 93 00 00 02 00 00 10 04 1E 0C 00 00 02 37 
00 FF FF 00 10 0D 22 93 00 00 02 00 00 10 04 1F 0C 00 00 05 62 
00 FF FF 00 10 0D 22 93 00 00 02 00 00 10 04 20 0C 00 00 01 E6 
00 FF FF 00 10 0D 22 93 00 00 02 00 00 10 04 21 0C 00 00 03 6A 
00 FF FF 00 10 0D 22 93 00 00 02 00 00 10 04 23 0C 00 00 04 06 
00 FF FF 00 10 0D 22 93 00 00 02 00 00 10 04 24 0C 00 00 03 20 
00 FF FF 00 10 0D 22 93 00 00 02 00 00 10 04 25 0C 00 00 05 C9 
00 FF FF 00 10 0D 22 93 00 00 02 00 00 10 04 26 0C 00 00 06 35 
00 FF FF 00 10 0D 22 93 00 00 02 00 00 10 04 27 0C 00 00 03 F6 
00 FF FF 00 10 0D 22 93 00 00 02 00 00 10 04 28 0C 00 00 06 EF 
00 FF FF 00 10 0D 22 93 00 00 02 00 00 10 04 29 0C 00 00 04 05 
00 FF FF 00 10 0D 22 93 00 00 02 00 00 10 04 2A 0C 00 00 04 56 
00 FF FF 00 10 0D 22 93 00 00 02 00 00 10 04 2B 0C 00 00 04 41 
00 FF FF 00 10 0D 22 93 00 00 02 00 00 10 04 2C 0C 00 00 09 0C 
00 FF FF 00 10 0D 22 93 00 00 02 00 00 10 04 2D 0C 00 00 0B 2E 
00 FF FF 00 10 0D 22 93 00 00 02 00 00 10 04 2E 0C 00 00 1D F0 
00 FF FF 00 10 0D 22 93 00 00 02 00 00 10 04 2F 0C 00 00 09 39 
00 FF FF 00 10 0D 22 93 00 00 02 00 00 10 04 30 0C 00 00 09 BD 
00 FF FF 00 10 0D 22 93 00 00 02 00 00 10 04 31 0C 00 00 0C D6 
00 FF FF 00 10 0D 22 93 00 00 02 00 00 10 04 32 0C 00 00 07 CA 
00 FF FF 00 10 0D 22 93 00 00 02 00 00 10 04 33 0C 00 00 06 E2 
00 FF FF 00 10 0D 22 93 00 00 02 00 00 10 04 34 0C 00 00 08 7F 
00 FF FF 00 10 0D 22 93 00 00 02 00 00 10 04 35 0C 00 00 0E 3B 
00 FF FF 00 10 0D 22 93 00 00 02 00 00 10 04 36 0C 00 00 0F 89 
00 FF FF 00 10 0D 22 93 00 00 02 00 00 10 04 37 0C 00 00 1C 64 
00 FF FF 00 10 0D 22 93 00 00 02 00 00 10 04 38 0C 00 00 09 11 
00 FF FF 00 10 0D 22 93 00 00 02 00 00 10 04 39 0C 00 00 08 09 
00 FF FF 00 10 0D 22 93 00 00 02 00 00 10 04 3A 0C 00 00 07 F3 
00 FF FF 00 10 0D 22 93 00 00 02 00 00 10 04 3B 0C 00 00 09 13 
00 FF FF 00 10 0D 22 93 00 00 02 00 00 10 04 3C 0C 00 00 07 2F 
00 FF FF 00 10 0D 22 93 00 00 02 00 00 10 04 3D 0C 00 00 08 BB 
00 FF FF 00 10 0D 22 93 00 00 02 00 00 10 04 3E 0C 00 00 0A 02 
00 FF FF 00 10 0D 22 93 00 00 02 00 00 10 04 3F 0C 00 00 0F DC 
00 FF FF 00 10 0D 22 93 00 00 02 00 00 10 04 40 0C 00 00 09 57 
00 FF FF 00 10 0D 22 93 00 00 02 00 00 10 04 41 0C 00 00 09 25 
00 FF FF 00 10 0D 22 93 00 00 02 00 00 10 04 42 0C 00 00 07 98 
00 FF FF 00 10 0D 22 93 00 00 02 00 00 10 04 43 0C 00 00 06 47 
00 FF FF 00 10 0D 22 93 00 00 02 00 00 10 04 44 0C 00 00 0B 0C 
00 FF FF 00 10 0D 22 93 00 00 02 00 00 10 04 45 0C 00 00 0D 1E 
00 FF FF 00 10 0D 22 93 00 00 02 00 00 10 04 46 0C 00 00 16 DC 
00 FF FF 00 10 0D 22 93 00 00 02 00 00 10 04 47 0C 00 00 07 A7 
00 FF FF 00 10 0D 22 93 00 00 02 00 00 10 04 48 0C 00 00 05 64 
00 FF FF 00 10 0D 22 93 00 00 02 00 00 10 04 49 0C 00 00 03 FA 
00 FF FF 00 10 0D 22 93 00 00 02 00 00 10 04 4A 0C 00 00 0B C6 
00 FF FF 00 10 0D 22 93 00 00 02 00 00 10 04 4B 0C 00 00 06 46 
00 FF FF 00 10 0D 22 93 00 00 02 00 00 10 04 4C 0C 00 00 05 30 
00 FF FF 00 10 0D 22 93 00 00 02 00 00 10 04 4D 0C 00 00 05 D3 
00 FF FF 00 10 0D 22 93 00 00 02 00 00 10 04 4E 0C 00 00 07 BF 
00 FF FF 00 10 0D 22 93 00 00 02 00 00 10 04 4F 0C 00 00 08 51 
00 FF FF 00 10 0D 22 93 00 00 02 00 00 10 04 50 0C 00 00 0C 4B 
00 FF FF 00 10 0D 22 93 00 00 02 00 00 10 04 51 0C 00 00 0F BF 
00 FF FF 00 10 0D 22 93 00 00 02 00 00 10 04 52 0C 00 00 0F 3B 
00 FF FF 00 10 0D 22 93 00 00 02 00 00 10 04 53 0C 00 00 06 F7 
00 FF FF 00 10 0D 22 93 00 00 02 00 00 10 04 54 0C 00 00 04 6F 
00 FF FF 00 10 0D 22 93 00 00 02 00 00 10 04 55 0C 00 00 07 3B 
00 FF FF 00 10 0D 22 93 00 00 02 00 00 10 04 56 0C 00 00 06 73 
00 FF FF 00 10 0D 22 93 00 00 02 00 00 10 04 57 0C 00 00 0B 13 
00 FF FF 00 10 0D 22 93 00 00 02 00 00 10 04 58 0C 00 00 08 6E 
00 FF FF 00 10 0D 22 93 00 00 02 00 00 10 04 59 0C 00 00 12 56 
00 FF FF 00 10 0D 22 93 00 00 02 00 00 10 04 5A 0C 00 00 0F 8B 
00 FF FF 00 10 0D 22 93 00 00 02 00 00 10 04 5B 0C 00 00 0A 4F 
00 FF FF 00 10 0D 22 93 00 00 02 00 00 10 04 5C 0C 00 00 07 75 
00 FF FF 00 10 0D 22 93 00 00 02 00 00 10 04 5D 0C 00 00 0B 37 
00 FF FF 00 10 0D 22 93 00 00 02 00 00 10 04 5E 0C 00 00 07 3F 
00 FF FF 00 10 0D 22 93 00 00 02 00 00 10 04 5F 0C 00 00 0A 9C 
00 FF FF 00 10 0D 22 93 00 00 02 00 00 10 04 60 0C 00 00 0A 5D 
00 FF FF 00 10 0D 22 93 00 00 02 00 00 10 04 61 0C 00 00 0C 1B 
00 FF FF 00 10 0D 22 93 00 00 02 00 00 10 04 62 0C 00 00 08 95 
00 FF FF 00 10 0D 22 93 00 00 02 00 00 10 04 63 0C 00 00 09 56 
00 FF FF 00 10 0D 22 93 00 00 02 00 00 10 04 64 0C 00 00 08 D2 
00 FF FF 00 10 0D 22 93 00 00 02 00 00 10 04 65 0C 00 00 0B EB 
00 FF FF 00 10 0D 22 93 00 00 02 00 00 10 04 66 0C 00 00 08 C0 
00 FF FF 00 10 0D 22 93 00 00 02 00 00 10 04 67 0C 00 00 09 C3 
