00 FF FF 00 10 0D 22 93 00 00 01 00 00 10 02 DD 0D 00 00 15 55 
00 FF FF 00 10 0D 22 93 00 00 01 00 00 10 02 DE 0D 00 00 36 78 
00 FF FF 00 10 0D 22 93 00 00 01 00 00 10 02 E0 0D 00 00 37 82 
00 FF FF 00 10 0D 22 93 00 00 01 00 00 10 02 E2 0D 00 00 32 F5 
00 FF FF 00 10 0D 22 93 00 00 01 00 00 10 02 E3 0D 00 00 0F 3F 
00 FF FF 00 10 0D 22 93 00 00 01 00 00 10 02 E5 0D 00 00 23 F2 
00 FF FF 00 10 0D 22 93 00 00 01 00 00 10 00 23 0D 00 00 17 51 
00 FF FF 00 10 0D 22 93 00 00 01 00 00 10 00 24 0D 00 00 3A 34 
00 FF FF 00 10 0D 22 93 00 00 01 00 00 10 00 25 0D 00 00 1C 5F 
00 FF FF 00 10 0D 22 93 00 00 01 00 00 10 00 26 0D 00 00 31 C4 
00 FF FF 00 10 0D 22 93 00 00 01 00 00 10 00 27 0D 00 00 15 71 
00 FF FF 00 10 0D 22 93 00 00 01 00 00 10 00 28 0D 00 00 2B A6 
00 FF FF 00 10 0D 22 93 00 00 01 00 00 10 00 29 0D 00 00 18 BE 
00 FF FF 00 10 0D 22 93 00 00 01 00 00 10 00 2A 0D 00 00 20 1E 
00 FF FF 00 10 0D 22 93 00 00 01 00 00 10 00 2B 0D 00 00 24 92 
00 FF FF 00 10 0D 22 93 00 00 01 00 00 10 00 2C 0D 00 00 16 BB 
00 FF FF 00 10 0D 22 93 00 00 01 00 00 10 00 2D 0D 00 00 2D 74 
00 FF FF 00 10 0D 22 93 00 00 01 00 00 10 00 2E 0D 00 00 16 B4 
00 FF FF 00 10 0D 22 93 00 00 01 00 00 10 00 2F 0D 00 00 34 22 
00 FF FF 00 10 0D 22 93 00 00 01 00 00 10 00 30 0D 00 00 13 73 
00 FF FF 00 10 0D 22 93 00 00 01 00 00 10 00 31 0D 00 00 31 64 
00 FF FF 00 10 0D 22 93 00 00 01 00 00 10 00 32 0D 00 00 16 EE 
00 FF FF 00 10 0D 22 93 00 00 01 00 00 10 00 33 0D 00 00 28 D3 
00 FF FF 00 10 0D 22 93 00 00 01 00 00 10 00 36 0D 00 00 35 CA 
00 FF FF 00 10 0D 22 93 00 00 01 00 00 10 00 37 0D 00 00 12 F5 
00 FF FF 00 10 0D 22 93 00 00 01 00 00 10 00 38 0D 00 00 39 4A 
00 FF FF 00 10 0D 22 93 00 00 01 00 00 10 00 39 0D 00 00 12 03 
00 FF FF 00 10 0D 22 93 00 00 01 00 00 10 00 3A 0D 00 00 2E 22 
00 FF FF 00 10 0D 22 93 00 00 01 00 00 10 00 3B 0D 00 00 14 3A 
00 FF FF 00 10 0D 22 93 00 00 01 00 00 10 00 3C 0D 00 00 27 4D 
00 FF FF 00 10 0D 22 93 00 00 01 00 00 10 00 3D 0D 00 00 26 E2 
00 FF FF 00 10 0D 22 93 00 00 01 00 00 10 00 3F 0D 00 00 34 F4 
00 FF FF 00 10 0D 22 93 00 00 01 00 00 10 00 40 0D 00 00 0F 3E 
00 FF FF 00 10 0D 22 93 00 00 01 00 00 10 00 41 0D 00 00 2D 74 
00 FF FF 00 10 0D 22 93 00 00 01 00 00 10 00 42 0D 00 00 12 F9 
00 FF FF 00 10 0D 22 93 00 00 01 00 00 10 00 43 0D 00 00 2D 74 
00 FF FF 00 10 0D 22 93 00 00 01 00 00 10 00 44 0D 00 00 11 0A 
00 FF FF 00 10 0D 22 93 00 00 01 00 00 10 00 45 0D 00 00 38 44 
00 FF FF 00 10 0D 22 93 00 00 01 00 00 10 00 46 0D 00 00 27 C4 
00 FF FF 00 10 0D 22 93 00 00 01 00 00 10 00 47 0D 00 00 0E 2E 
00 FF FF 00 10 0D 22 93 00 00 01 00 00 10 00 48 0D 00 00 2E 22 
00 FF FF 00 10 0D 22 93 00 00 01 00 00 10 00 49 0D 00 00 0D CB 
00 FF FF 00 10 0D 22 93 00 00 01 00 00 10 00 4A 0D 00 00 2E 22 
00 FF FF 00 10 0D 22 93 00 00 01 00 00 10 00 4B 0D 00 00 0F E4 
00 FF FF 00 10 0D 22 93 00 00 01 00 00 10 00 4C 0D 00 00 2A DD 
00 FF FF 00 10 0D 22 93 00 00 01 00 00 10 00 4D 0D 00 00 11 11 
00 FF FF 00 10 0D 22 93 00 00 01 00 00 10 00 4E 0D 00 00 0C BA 
00 FF FF 00 10 0D 22 93 00 00 01 00 00 10 00 4F 0D 00 00 13 FC 
00 FF FF 00 10 0D 22 93 00 00 01 00 00 10 00 50 0D 00 00 0E 94 
00 FF FF 00 10 0D 22 93 00 00 01 00 00 10 00 51 0D 00 00 2E BE 
00 FF FF 00 10 0D 22 93 00 00 01 00 00 10 00 52 0D 00 00 0F EE 
00 FF FF 00 10 0D 22 93 00 00 01 00 00 10 00 53 0D 00 00 37 59 
00 FF FF 00 10 0D 22 93 00 00 01 00 00 10 00 54 0D 00 00 1B 16 
00 FF FF 00 10 0D 22 93 00 00 01 00 00 10 00 55 0D 00 00 26 91 
00 FF FF 00 10 0D 22 93 00 00 01 00 00 10 00 56 0D 00 00 0F 18 
00 FF FF 00 10 0D 22 93 00 00 01 00 00 10 00 57 0D 00 00 32 21 
00 FF FF 00 10 0D 22 93 00 00 01 00 00 10 00 58 0D 00 00 21 EE 
00 FF FF 00 10 0D 22 93 00 00 01 00 00 10 00 59 0D 00 00 21 AE 
00 FF FF 00 10 0D 22 93 00 00 01 00 00 10 00 5A 0D 00 00 2E FA 
00 FF FF 00 10 0D 22 93 00 00 01 00 00 10 00 5B 0D 00 00 10 2C 
00 FF FF 00 10 0D 22 93 00 00 01 00 00 10 00 5C 0D 00 00 32 71 
00 FF FF 00 10 0D 22 93 00 00 01 00 00 10 00 5D 0D 00 00 15 1D 
00 FF FF 00 10 0D 22 93 00 00 01 00 00 10 00 5E 0D 00 00 3D 0A 
00 FF FF 00 10 0D 22 93 00 00 01 00 00 10 00 5F 0D 00 00 0E E2 
00 FF FF 00 10 0D 22 93 00 00 01 00 00 10 00 60 0D 00 00 2E F9 
00 FF FF 00 10 0D 22 93 00 00 01 00 00 10 00 61 0D 00 00 1C 79 
00 FF FF 00 10 0D 22 93 00 00 01 00 00 10 00 62 0D 00 00 0A EB 
00 FF FF 00 10 0D 22 93 00 00 01 00 00 10 00 63 0D 00 00 28 64 
00 FF FF 00 10 0D 22 93 00 00 01 00 00 10 00 64 0D 00 00 14 0F 
00 FF FF 00 10 0D 22 93 00 00 01 00 00 10 00 65 0D 00 00 37 5A 
00 FF FF 00 10 0D 22 93 00 00 01 00 00 10 00 66 0D 00 00 11 6B 
00 FF FF 00 10 0D 22 93 00 00 01 00 00 10 00 67 0D 00 00 29 22 
00 FF FF 00 10 0D 22 93 00 00 01 00 00 10 00 68 0D 00 00 17 75 
00 FF FF 00 10 0D 22 93 00 00 01 00 00 10 00 69 0D 00 00 2D F1 
00 FF FF 00 10 0D 22 93 00 00 01 00 00 10 00 6A 0D 00 00 17 69 
00 FF FF 00 10 0D 22 93 00 00 01 00 00 10 00 6B 0D 00 00 1E 36 
00 FF FF 00 10 0D 22 93 00 00 01 00 00 10 00 6C 0D 00 00 21 9A 
00 FF FF 00 10 0D 22 93 00 00 01 00 00 10 00 6D 0D 00 00 18 B1 
00 FF FF 00 10 0D 22 93 00 00 01 00 00 10 00 6E 0D 00 00 27 A6 
00 FF FF 00 10 0D 22 93 00 00 01 00 00 10 00 6F 0D 00 00 1A FE 
00 FF FF 00 10 0D 22 93 00 00 01 00 00 10 00 70 0D 00 00 2E 24 
00 FF FF 00 10 0D 22 93 00 00 01 00 00 10 00 71 0D 00 00 22 0D 
00 FF FF 00 10 0D 22 93 00 00 01 00 00 10 00 72 0D 00 00 2D 2D 
00 FF FF 00 10 0D 22 93 00 00 01 00 00 10 00 73 0D 00 00 16 C2 
00 FF FF 00 10 0D 22 93 00 00 01 00 00 10 00 74 0D 00 00 1F A1 
00 FF FF 00 10 0D 22 93 00 00 01 00 00 10 00 75 0D 00 00 1B 11 
00 FF FF 00 10 0D 22 93 00 00 01 00 00 10 00 76 0D 00 00 16 68 
00 FF FF 00 10 0D 22 93 00 00 01 00 00 10 00 77 0D 00 00 25 75 
00 FF FF 00 10 0D 22 93 00 00 01 00 00 10 00 78 0D 00 00 1D AF 
00 FF FF 00 10 0D 22 93 00 00 01 00 00 10 00 79 0D 00 00 2D 0E 
00 FF FF 00 10 0D 22 93 00 00 01 00 00 10 00 7B 0D 00 00 2B D0 
00 FF FF 00 10 0D 22 93 00 00 01 00 00 10 00 7C 0D 00 00 1A 69 
00 FF FF 00 10 0D 22 93 00 00 01 00 00 10 00 7D 0D 00 00 1E A5 
00 FF FF 00 10 0D 22 93 00 00 01 00 00 10 00 7E 0D 00 00 1A 22 
00 FF FF 00 10 0D 22 93 00 00 01 00 00 10 00 7F 0D 00 00 14 C6 
00 FF FF 00 10 0D 22 93 00 00 01 00 00 10 00 80 0D 00 00 1E C9 
00 FF FF 00 10 0D 22 93 00 00 01 00 00 10 00 81 0D 00 00 1F E1 
00 FF FF 00 10 0D 22 93 00 00 01 00 00 10 00 82 0D 00 00 23 C4 
00 FF FF 00 10 0D 22 93 00 00 01 00 00 10 00 83 0D 00 00 22 E2 
00 FF FF 00 10 0D 22 93 00 00 01 00 00 10 00 84 0D 00 00 0F 6B 
00 FF FF 00 10 0D 22 93 00 00 01 00 00 10 00 85 0D 00 00 0E F6 
00 FF FF 00 10 0D 22 93 00 00 01 00 00 10 00 86 0D 00 00 1A F3 
00 FF FF 00 10 0D 22 93 00 00 01 00 00 10 00 87 0D 00 00 15 BE 
00 FF FF 00 10 0D 22 93 00 00 01 00 00 10 00 88 0D 00 00 19 DB 
00 FF FF 00 10 0D 22 93 00 00 01 00 00 10 00 89 0D 00 00 1A AC 
00 FF FF 00 10 0D 22 93 00 00 01 00 00 10 00 8A 0D 00 00 21 99 
00 FF FF 00 10 0D 22 93 00 00 01 00 00 10 00 8B 0D 00 00 1E 13 
00 FF FF 00 10 0D 22 93 00 00 01 00 00 10 00 8C 0D 00 00 2E BA 
00 FF FF 00 10 0D 22 93 00 00 01 00 00 10 00 8D 0D 00 00 24 E8 
00 FF FF 00 10 0D 22 93 00 00 01 00 00 10 00 8E 0D 00 00 1B 61 
00 FF FF 00 10 0D 22 93 00 00 01 00 00 10 00 8F 0D 00 00 1A 45 
00 FF FF 00 10 0D 22 93 00 00 01 00 00 10 00 90 0D 00 00 15 BE 
00 FF FF 00 10 0D 22 93 00 00 01 00 00 10 00 91 0D 00 00 15 BD 
00 FF FF 00 10 0D 22 93 00 00 01 00 00 10 00 92 0D 00 00 1B 54 
00 FF FF 00 10 0D 22 93 00 00 01 00 00 10 00 93 0D 00 00 20 35 
00 FF FF 00 10 0D 22 93 00 00 01 00 00 10 00 94 0D 00 00 20 19 
00 FF FF 00 10 0D 22 93 00 00 01 00 00 10 00 95 0D 00 00 2C 55 
00 FF FF 00 10 0D 22 93 00 00 01 00 00 10 00 96 0D 00 00 15 D0 
00 FF FF 00 10 0D 22 93 00 00 01 00 00 10 00 97 0D 00 00 24 BA 
00 FF FF 00 10 0D 22 93 00 00 01 00 00 10 00 98 0D 00 00 17 54 
00 FF FF 00 10 0D 22 93 00 00 01 00 00 10 00 99 0D 00 00 1F B4 
00 FF FF 00 10 0D 22 93 00 00 01 00 00 10 00 9A 0D 00 00 14 91 
00 FF FF 00 10 0D 22 93 00 00 01 00 00 10 00 9B 0D 00 00 17 42 
00 FF FF 00 10 0D 22 93 00 00 01 00 00 10 00 9C 0D 00 00 29 C9 
00 FF FF 00 10 0D 22 93 00 00 01 00 00 10 00 9D 0D 00 00 10 AB 
00 FF FF 00 10 0D 22 93 00 00 01 00 00 10 00 9E 0D 00 00 3C 14 
00 FF FF 00 10 0D 22 93 00 00 01 00 00 10 00 9F 0D 00 00 18 57 
00 FF FF 00 10 0D 22 93 00 00 01 00 00 10 00 A0 0D 00 00 2B D9 
00 FF FF 00 10 0D 22 93 00 00 01 00 00 10 00 A1 0D 00 00 15 11 
00 FF FF 00 10 0D 22 93 00 00 01 00 00 10 00 A2 0D 00 00 1F 7E 
00 FF FF 00 10 0D 22 93 00 00 01 00 00 10 00 A3 0D 00 00 18 2D 
00 FF FF 00 10 0D 22 93 00 00 01 00 00 10 00 A4 0D 00 00 17 B2 
00 FF FF 00 10 0D 22 93 00 00 01 00 00 10 00 A5 0D 00 00 28 15 
00 FF FF 00 10 0D 22 93 00 00 01 00 00 10 00 A6 0D 00 00 15 A8 
00 FF FF 00 10 0D 22 93 00 00 01 00 00 10 00 A7 0D 00 00 3A 34 
00 FF FF 00 10 0D 22 93 00 00 01 00 00 10 00 A8 0D 00 00 1C 2B 
00 FF FF 00 10 0D 22 93 00 00 01 00 00 10 00 A9 0D 00 00 32 8A 
00 FF FF 00 10 0D 22 93 00 00 01 00 00 10 00 AA 0D 00 00 13 82 
00 FF FF 00 10 0D 22 93 00 00 01 00 00 10 00 AB 0D 00 00 15 FD 
00 FF FF 00 10 0D 22 93 00 00 01 00 00 10 00 AC 0D 00 00 1B 5F 
00 FF FF 00 10 0D 22 93 00 00 01 00 00 10 00 AD 0D 00 00 1A F8 
00 FF FF 00 10 0D 22 93 00 00 01 00 00 10 00 AE 0D 00 00 22 B5 
00 FF FF 00 10 0D 22 93 00 00 01 00 00 10 00 AF 0D 00 00 15 DF 
00 FF FF 00 10 0D 22 93 00 00 01 00 00 10 00 B0 0D 00 00 36 A4 
00 FF FF 00 10 0D 22 93 00 00 01 00 00 10 00 B1 0D 00 00 16 7E 
00 FF FF 00 10 0D 22 93 00 00 01 00 00 10 00 B2 0D 00 00 39 4A 
00 FF FF 00 10 0D 22 93 00 00 01 00 00 10 00 B3 0D 00 00 09 6C 
00 FF FF 00 10 0D 22 93 00 00 01 00 00 10 00 B4 0D 00 00 30 44 
00 FF FF 00 10 0D 22 93 00 00 01 00 00 10 00 B5 0D 00 00 18 C1 
00 FF FF 00 10 0D 22 93 00 00 01 00 00 10 00 B6 0D 00 00 25 A9 
00 FF FF 00 10 0D 22 93 00 00 01 00 00 10 00 B7 0D 00 00 2C 78 
00 FF FF 00 10 0D 22 93 00 00 01 00 00 10 00 B8 0D 00 00 15 02 
00 FF FF 00 10 0D 22 93 00 00 01 00 00 10 00 B9 0D 00 00 36 A4 
00 FF FF 00 10 0D 22 93 00 00 01 00 00 10 00 BA 0D 00 00 12 53 
00 FF FF 00 10 0D 22 93 00 00 01 00 00 10 00 BB 0D 00 00 37 82 
00 FF FF 00 10 0D 22 93 00 00 01 00 00 10 00 BC 0D 00 00 12 EA 
00 FF FF 00 10 0D 22 93 00 00 01 00 00 10 00 BD 0D 00 00 39 4A 
00 FF FF 00 10 0D 22 93 00 00 01 00 00 10 00 BE 0D 00 00 14 69 
00 FF FF 00 10 0D 22 93 00 00 01 00 00 10 00 BF 0D 00 00 1B B9 
00 FF FF 00 10 0D 22 93 00 00 01 00 00 10 00 C0 0D 00 00 24 A1 
00 FF FF 00 10 0D 22 93 00 00 01 00 00 10 00 C1 0D 00 00 17 B6 
00 FF FF 00 10 0D 22 93 00 00 01 00 00 10 00 C2 0D 00 00 31 02 
00 FF FF 00 10 0D 22 93 00 00 01 00 00 10 00 C3 0D 00 00 0F 23 
00 FF FF 00 10 0D 22 93 00 00 01 00 00 10 00 C4 0D 00 00 2E D4 
00 FF FF 00 10 0D 22 93 00 00 01 00 00 10 00 C5 0D 00 00 11 E4 
00 FF FF 00 10 0D 22 93 00 00 01 00 00 10 00 C6 0D 00 00 29 22 
00 FF FF 00 10 0D 22 93 00 00 01 00 00 10 00 C7 0D 00 00 11 FD 
00 FF FF 00 10 0D 22 93 00 00 01 00 00 10 00 C8 0D 00 00 2C 11 
00 FF FF 00 10 0D 22 93 00 00 01 00 00 10 00 C9 0D 00 00 1D 77 
00 FF FF 00 10 0D 22 93 00 00 01 00 00 10 00 CA 0D 00 00 1A E6 
00 FF FF 00 10 0D 22 93 00 00 01 00 00 10 00 CB 0D 00 00 10 B1 
00 FF FF 00 10 0D 22 93 00 00 01 00 00 10 00 CC 0D 00 00 0E 7B 
00 FF FF 00 10 0D 22 93 00 00 01 00 00 10 00 CD 0D 00 00 36 A4 
00 FF FF 00 10 0D 22 93 00 00 01 00 00 10 00 CE 0D 00 00 12 2A 
00 FF FF 00 10 0D 22 93 00 00 01 00 00 10 00 CF 0D 00 00 36 A4 
00 FF FF 00 10 0D 22 93 00 00 01 00 00 10 00 D0 0D 00 00 0F CB 
00 FF FF 00 10 0D 22 93 00 00 01 00 00 10 00 D1 0D 00 00 21 F4 
00 FF FF 00 10 0D 22 93 00 00 01 00 00 10 00 D2 0D 00 00 22 42 
00 FF FF 00 10 0D 22 93 00 00 01 00 00 10 00 D3 0D 00 00 1E 4D 
00 FF FF 00 10 0D 22 93 00 00 01 00 00 10 00 D4 0D 00 00 37 55 
00 FF FF 00 10 0D 22 93 00 00 01 00 00 10 00 D5 0D 00 00 15 15 
00 FF FF 00 10 0D 22 93 00 00 01 00 00 10 00 D6 0D 00 00 1F 69 
00 FF FF 00 10 0D 22 93 00 00 01 00 00 10 00 D7 0D 00 00 15 AB 
00 FF FF 00 10 0D 22 93 00 00 01 00 00 10 00 D8 0D 00 00 3A 34 
00 FF FF 00 10 0D 22 93 00 00 01 00 00 10 00 D9 0D 00 00 0F 1D 
00 FF FF 00 10 0D 22 93 00 00 01 00 00 10 00 DA 0D 00 00 19 ED 
00 FF FF 00 10 0D 22 93 00 00 01 00 00 10 00 DB 0D 00 00 1D E4 
00 FF FF 00 10 0D 22 93 00 00 01 00 00 10 00 DC 0D 00 00 24 08 
00 FF FF 00 10 0D 22 93 00 00 01 00 00 10 00 DD 0D 00 00 2B CA 
00 FF FF 00 10 0D 22 93 00 00 01 00 00 10 00 DE 0D 00 00 0F A8 
00 FF FF 00 10 0D 22 93 00 00 01 00 00 10 00 DF 0D 00 00 36 95 
00 FF FF 00 10 0D 22 93 00 00 01 00 00 10 00 E0 0D 00 00 17 3D 
00 FF FF 00 10 0D 22 93 00 00 01 00 00 10 00 E1 0D 00 00 34 22 
00 FF FF 00 10 0D 22 93 00 00 01 00 00 10 00 E2 0D 00 00 19 95 
00 FF FF 00 10 0D 22 93 00 00 01 00 00 10 00 E3 0D 00 00 2C 59 
00 FF FF 00 10 0D 22 93 00 00 01 00 00 10 00 E4 0D 00 00 1C 11 
00 FF FF 00 10 0D 22 93 00 00 01 00 00 10 00 E5 0D 00 00 22 23 
00 FF FF 00 10 0D 22 93 00 00 01 00 00 10 00 E6 0D 00 00 24 14 
00 FF FF 00 10 0D 22 93 00 00 01 00 00 10 00 E7 0D 00 00 14 3E 
00 FF FF 00 10 0D 22 93 00 00 01 00 00 10 00 E8 0D 00 00 19 0A 
00 FF FF 00 10 0D 22 93 00 00 01 00 00 10 00 E9 0D 00 00 11 DA 
00 FF FF 00 10 0D 22 93 00 00 01 00 00 10 00 EA 0D 00 00 30 44 
00 FF FF 00 10 0D 22 93 00 00 01 00 00 10 00 EB 0D 00 00 12 FA 
00 FF FF 00 10 0D 22 93 00 00 01 00 00 10 00 EC 0D 00 00 28 A9 
00 FF FF 00 10 0D 22 93 00 00 01 00 00 10 00 ED 0D 00 00 19 92 
00 FF FF 00 10 0D 22 93 00 00 01 00 00 10 00 EE 0D 00 00 23 6D 
00 FF FF 00 10 0D 22 93 00 00 01 00 00 10 00 EF 0D 00 00 1D BB 
00 FF FF 00 10 0D 22 93 00 00 01 00 00 10 00 F0 0D 00 00 16 F9 
00 FF FF 00 10 0D 22 93 00 00 01 00 00 10 00 F1 0D 00 00 2D 36 
00 FF FF 00 10 0D 22 93 00 00 01 00 00 10 00 F2 0D 00 00 17 ED 
00 FF FF 00 10 0D 22 93 00 00 01 00 00 10 00 F3 0D 00 00 38 49 
00 FF FF 00 10 0D 22 93 00 00 01 00 00 10 00 F4 0D 00 00 17 B2 
00 FF FF 00 10 0D 22 93 00 00 01 00 00 10 00 F5 0D 00 00 2C 59 
00 FF FF 00 10 0D 22 93 00 00 01 00 00 10 00 F6 0D 00 00 14 F5 
00 FF FF 00 10 0D 22 93 00 00 01 00 00 10 00 F7 0D 00 00 1F 09 
00 FF FF 00 10 0D 22 93 00 00 01 00 00 10 00 F8 0D 00 00 1A E3 
00 FF FF 00 10 0D 22 93 00 00 01 00 00 10 00 F9 0D 00 00 16 8D 
00 FF FF 00 10 0D 22 93 00 00 01 00 00 10 00 FA 0D 00 00 25 D2 
00 FF FF 00 10 0D 22 93 00 00 01 00 00 10 00 FB 0D 00 00 17 AB 
00 FF FF 00 10 0D 22 93 00 00 01 00 00 10 00 FC 0D 00 00 30 89 
00 FF FF 00 10 0D 22 93 00 00 01 00 00 10 00 FD 0D 00 00 1E 58 
00 FF FF 00 10 0D 22 93 00 00 01 00 00 10 00 FE 0D 00 00 2D 28 
00 FF FF 00 10 0D 22 93 00 00 01 00 00 10 00 FF 0D 00 00 15 4A 
00 FF FF 00 10 0D 22 93 00 00 01 00 00 10 01 00 0D 00 00 1C E1 
00 FF FF 00 10 0D 22 93 00 00 01 00 00 10 01 01 0D 00 00 17 E4 
00 FF FF 00 10 0D 22 93 00 00 01 00 00 10 01 02 0D 00 00 1A 69 
00 FF FF 00 10 0D 22 93 00 00 01 00 00 10 01 03 0D 00 00 1F 3A 
00 FF FF 00 10 0D 22 93 00 00 01 00 00 10 01 04 0D 00 00 20 ED 
00 FF FF 00 10 0D 22 93 00 00 01 00 00 10 01 05 0D 00 00 2C 32 
00 FF FF 00 10 0D 22 93 00 00 01 00 00 10 01 06 0D 00 00 2B 47 
00 FF FF 00 10 0D 22 93 00 00 01 00 00 10 01 07 0D 00 00 25 54 
00 FF FF 00 10 0D 22 93 00 00 01 00 00 10 01 08 0D 00 00 1B FA 
00 FF FF 00 10 0D 22 93 00 00 01 00 00 10 01 09 0D 00 00 1D 41 
00 FF FF 00 10 0D 22 93 00 00 01 00 00 10 01 0A 0D 00 00 19 4E 
00 FF FF 00 10 0D 22 93 00 00 01 00 00 10 01 0B 0D 00 00 16 D5 
00 FF FF 00 10 0D 22 93 00 00 01 00 00 10 01 0C 0D 00 00 1C 26 
00 FF FF 00 10 0D 22 93 00 00 01 00 00 10 01 0D 0D 00 00 1B 98 
00 FF FF 00 10 0D 22 93 00 00 01 00 00 10 01 0E 0D 00 00 22 32 
00 FF FF 00 10 0D 22 93 00 00 01 00 00 10 01 0F 0D 00 00 25 BA 
00 FF FF 00 10 0D 22 93 00 00 01 00 00 10 01 10 0D 00 00 26 DC 
00 FF FF 00 10 0D 22 93 00 00 01 00 00 10 01 11 0D 00 00 0F 5B 
00 FF FF 00 10 0D 22 93 00 00 01 00 00 10 01 12 0D 00 00 1B 95 
00 FF FF 00 10 0D 22 93 00 00 01 00 00 10 01 13 0D 00 00 14 01 
00 FF FF 00 10 0D 22 93 00 00 01 00 00 10 01 14 0D 00 00 16 15 
00 FF FF 00 10 0D 22 93 00 00 01 00 00 10 01 15 0D 00 00 1B CA 
00 FF FF 00 10 0D 22 93 00 00 01 00 00 10 01 16 0D 00 00 14 C3 
00 FF FF 00 10 0D 22 93 00 00 01 00 00 10 01 17 0D 00 00 1D B5 
00 FF FF 00 10 0D 22 93 00 00 01 00 00 10 01 18 0D 00 00 32 21 
00 FF FF 00 10 0D 22 93 00 00 01 00 00 10 01 19 0D 00 00 24 E1 
00 FF FF 00 10 0D 22 93 00 00 01 00 00 10 01 1A 0D 00 00 28 02 
00 FF FF 00 10 0D 22 93 00 00 01 00 00 10 01 1B 0D 00 00 17 B8 
00 FF FF 00 10 0D 22 93 00 00 01 00 00 10 01 1C 0D 00 00 18 43 
00 FF FF 00 10 0D 22 93 00 00 01 00 00 10 01 1D 0D 00 00 1B 78 
00 FF FF 00 10 0D 22 93 00 00 01 00 00 10 01 1E 0D 00 00 14 F2 
00 FF FF 00 10 0D 22 93 00 00 01 00 00 10 01 1F 0D 00 00 25 A9 
00 FF FF 00 10 0D 22 93 00 00 01 00 00 10 01 20 0D 00 00 18 29 
00 FF FF 00 10 0D 22 93 00 00 01 00 00 10 01 21 0D 00 00 26 A4 
00 FF FF 00 10 0D 22 93 00 00 01 00 00 10 01 22 0D 00 00 1E 27 
00 FF FF 00 10 0D 22 93 00 00 01 00 00 10 01 23 0D 00 00 30 9A 
00 FF FF 00 10 0D 22 93 00 00 01 00 00 10 01 24 0D 00 00 17 7D 
00 FF FF 00 10 0D 22 93 00 00 01 00 00 10 01 25 0D 00 00 23 96 
00 FF FF 00 10 0D 22 93 00 00 01 00 00 10 01 26 0D 00 00 15 C6 
00 FF FF 00 10 0D 22 93 00 00 01 00 00 10 01 27 0D 00 00 1C AE 
00 FF FF 00 10 0D 22 93 00 00 01 00 00 10 01 28 0D 00 00 24 A5 
00 FF FF 00 10 0D 22 93 00 00 01 00 00 10 01 29 0D 00 00 16 69 
00 FF FF 00 10 0D 22 93 00 00 01 00 00 10 01 2A 0D 00 00 2F 8A 
00 FF FF 00 10 0D 22 93 00 00 01 00 00 10 01 2B 0D 00 00 19 EA 
00 FF FF 00 10 0D 22 93 00 00 01 00 00 10 01 2C 0D 00 00 30 44 
00 FF FF 00 10 0D 22 93 00 00 01 00 00 10 01 2D 0D 00 00 15 51 
00 FF FF 00 10 0D 22 93 00 00 01 00 00 10 01 2E 0D 00 00 1D 26 
00 FF FF 00 10 0D 22 93 00 00 01 00 00 10 01 2F 0D 00 00 17 A7 
00 FF FF 00 10 0D 22 93 00 00 01 00 00 10 01 30 0D 00 00 1C 8E 
00 FF FF 00 10 0D 22 93 00 00 01 00 00 10 01 31 0D 00 00 22 B9 
00 FF FF 00 10 0D 22 93 00 00 01 00 00 10 01 32 0D 00 00 15 FD 
00 FF FF 00 10 0D 22 93 00 00 01 00 00 10 01 33 0D 00 00 38 64 
00 FF FF 00 10 0D 22 93 00 00 01 00 00 10 01 34 0D 00 00 13 7A 
00 FF FF 00 10 0D 22 93 00 00 01 00 00 10 01 35 0D 00 00 36 A4 
00 FF FF 00 10 0D 22 93 00 00 01 00 00 10 01 36 0D 00 00 10 A7 
00 FF FF 00 10 0D 22 93 00 00 01 00 00 10 01 37 0D 00 00 0F A5 
00 FF FF 00 10 0D 22 93 00 00 01 00 00 10 01 38 0D 00 00 17 C7 
00 FF FF 00 10 0D 22 93 00 00 01 00 00 10 01 39 0D 00 00 15 16 
00 FF FF 00 10 0D 22 93 00 00 01 00 00 10 01 3A 0D 00 00 23 02 
00 FF FF 00 10 0D 22 93 00 00 01 00 00 10 01 3B 0D 00 00 12 6E 
00 FF FF 00 10 0D 22 93 00 00 01 00 00 10 01 3C 0D 00 00 2E 22 
00 FF FF 00 10 0D 22 93 00 00 01 00 00 10 01 3D 0D 00 00 09 53 
00 FF FF 00 10 0D 22 93 00 00 01 00 00 10 01 3E 0D 00 00 2B 82 
00 FF FF 00 10 0D 22 93 00 00 01 00 00 10 01 3F 0D 00 00 13 0E 
00 FF FF 00 10 0D 22 93 00 00 01 00 00 10 01 40 0D 00 00 2E D4 
00 FF FF 00 10 0D 22 93 00 00 01 00 00 10 01 41 0D 00 00 14 FB 
00 FF FF 00 10 0D 22 93 00 00 01 00 00 10 01 42 0D 00 00 28 19 
00 FF FF 00 10 0D 22 93 00 00 01 00 00 10 01 43 0D 00 00 21 EB 
00 FF FF 00 10 0D 22 93 00 00 01 00 00 10 01 44 0D 00 00 10 7D 
00 FF FF 00 10 0D 22 93 00 00 01 00 00 10 01 45 0D 00 00 3C 14 
00 FF FF 00 10 0D 22 93 00 00 01 00 00 10 01 46 0D 00 00 11 9E 
00 FF FF 00 10 0D 22 93 00 00 01 00 00 10 01 47 0D 00 00 14 7F 
00 FF FF 00 10 0D 22 93 00 00 01 00 00 10 01 48 0D 00 00 15 E2 
00 FF FF 00 10 0D 22 93 00 00 01 00 00 10 01 49 0D 00 00 39 3A 
00 FF FF 00 10 0D 22 93 00 00 01 00 00 10 01 4A 0D 00 00 10 DF 
00 FF FF 00 10 0D 22 93 00 00 01 00 00 10 01 4B 0D 00 00 2F 95 
00 FF FF 00 10 0D 22 93 00 00 01 00 00 10 01 4C 0D 00 00 25 FB 
00 FF FF 00 10 0D 22 93 00 00 01 00 00 10 01 4D 0D 00 00 13 9E 
00 FF FF 00 10 0D 22 93 00 00 01 00 00 10 01 4E 0D 00 00 38 64 
00 FF FF 00 10 0D 22 93 00 00 01 00 00 10 01 4F 0D 00 00 0E F3 
00 FF FF 00 10 0D 22 93 00 00 01 00 00 10 01 50 0D 00 00 2F 8A 
00 FF FF 00 10 0D 22 93 00 00 01 00 00 10 01 51 0D 00 00 15 F1 
00 FF FF 00 10 0D 22 93 00 00 01 00 00 10 01 52 0D 00 00 34 F4 
00 FF FF 00 10 0D 22 93 00 00 01 00 00 10 01 53 0D 00 00 0F 47 
00 FF FF 00 10 0D 22 93 00 00 01 00 00 10 01 54 0D 00 00 24 1E 
00 FF FF 00 10 0D 22 93 00 00 01 00 00 10 01 55 0D 00 00 20 16 
00 FF FF 00 10 0D 22 93 00 00 01 00 00 10 01 56 0D 00 00 1E D2 
00 FF FF 00 10 0D 22 93 00 00 01 00 00 10 01 57 0D 00 00 0D E1 
00 FF FF 00 10 0D 22 93 00 00 01 00 00 10 01 58 0D 00 00 0F 37 
00 FF FF 00 10 0D 22 93 00 00 01 00 00 10 01 59 0D 00 00 16 AE 
00 FF FF 00 10 0D 22 93 00 00 01 00 00 10 01 5A 0D 00 00 13 C3 
00 FF FF 00 10 0D 22 93 00 00 01 00 00 10 01 5B 0D 00 00 18 E0 
00 FF FF 00 10 0D 22 93 00 00 01 00 00 10 01 5C 0D 00 00 0E 4F 
00 FF FF 00 10 0D 22 93 00 00 01 00 00 10 01 5D 0D 00 00 32 21 
00 FF FF 00 10 0D 22 93 00 00 01 00 00 10 01 5E 0D 00 00 1F 2E 
00 FF FF 00 10 0D 22 93 00 00 01 00 00 10 01 5F 0D 00 00 24 2D 
00 FF FF 00 10 0D 22 93 00 00 01 00 00 10 01 60 0D 00 00 2D FA 
00 FF FF 00 10 0D 22 93 00 00 01 00 00 10 01 61 0D 00 00 11 52 
00 FF FF 00 10 0D 22 93 00 00 01 00 00 10 01 62 0D 00 00 38 50 
00 FF FF 00 10 0D 22 93 00 00 01 00 00 10 01 63 0D 00 00 18 68 
00 FF FF 00 10 0D 22 93 00 00 01 00 00 10 01 64 0D 00 00 2F 8A 
00 FF FF 00 10 0D 22 93 00 00 01 00 00 10 01 65 0D 00 00 13 F3 
00 FF FF 00 10 0D 22 93 00 00 01 00 00 10 01 66 0D 00 00 2A F5 
00 FF FF 00 10 0D 22 93 00 00 01 00 00 10 01 67 0D 00 00 1B 46 
00 FF FF 00 10 0D 22 93 00 00 01 00 00 10 01 68 0D 00 00 21 D9 
00 FF FF 00 10 0D 22 93 00 00 01 00 00 10 01 69 0D 00 00 27 52 
00 FF FF 00 10 0D 22 93 00 00 01 00 00 10 01 6A 0D 00 00 16 83 
00 FF FF 00 10 0D 22 93 00 00 01 00 00 10 01 6B 0D 00 00 2B 91 
00 FF FF 00 10 0D 22 93 00 00 01 00 00 10 01 6C 0D 00 00 16 49 
00 FF FF 00 10 0D 22 93 00 00 01 00 00 10 01 6D 0D 00 00 1F 02 
00 FF FF 00 10 0D 22 93 00 00 01 00 00 10 01 6E 0D 00 00 10 25 
00 FF FF 00 10 0D 22 93 00 00 01 00 00 10 01 6F 0D 00 00 1C F1 
00 FF FF 00 10 0D 22 93 00 00 01 00 00 10 01 70 0D 00 00 17 14 
00 FF FF 00 10 0D 22 93 00 00 01 00 00 10 01 73 0D 00 00 17 1E 
00 FF FF 00 10 0D 22 93 00 00 01 00 00 10 01 74 0D 00 00 1B 11 
00 FF FF 00 10 0D 22 93 00 00 01 00 00 10 01 75 0D 00 00 14 91 
00 FF FF 00 10 0D 22 93 00 00 01 00 00 10 01 76 0D 00 00 35 86 
00 FF FF 00 10 0D 22 93 00 00 01 00 00 10 01 77 0D 00 00 19 4B 
00 FF FF 00 10 0D 22 93 00 00 01 00 00 10 01 78 0D 00 00 25 61 
00 FF FF 00 10 0D 22 93 00 00 01 00 00 10 01 79 0D 00 00 18 52 
00 FF FF 00 10 0D 22 93 00 00 01 00 00 10 01 7A 0D 00 00 1C E1 
00 FF FF 00 10 0D 22 93 00 00 01 00 00 10 01 7B 0D 00 00 1B 9D 
00 FF FF 00 10 0D 22 93 00 00 01 00 00 10 01 7C 0D 00 00 1B AD 
00 FF FF 00 10 0D 22 93 00 00 01 00 00 10 01 7D 0D 00 00 24 F5 
00 FF FF 00 10 0D 22 93 00 00 01 00 00 10 01 7E 0D 00 00 1D D4 
00 FF FF 00 10 0D 22 93 00 00 01 00 00 10 01 7F 0D 00 00 34 A4 
00 FF FF 00 10 0D 22 93 00 00 01 00 00 10 01 80 0D 00 00 23 E6 
00 FF FF 00 10 0D 22 93 00 00 01 00 00 10 01 81 0D 00 00 2A 25 
00 FF FF 00 10 0D 22 93 00 00 01 00 00 10 01 82 0D 00 00 1A 6A 
00 FF FF 00 10 0D 22 93 00 00 01 00 00 10 01 83 0D 00 00 1D B3 
00 FF FF 00 10 0D 22 93 00 00 01 00 00 10 01 84 0D 00 00 19 46 
00 FF FF 00 10 0D 22 93 00 00 01 00 00 10 01 85 0D 00 00 15 ED 
00 FF FF 00 10 0D 22 93 00 00 01 00 00 10 01 86 0D 00 00 1F 04 
00 FF FF 00 10 0D 22 93 00 00 01 00 00 10 01 87 0D 00 00 18 13 
00 FF FF 00 10 0D 22 93 00 00 01 00 00 10 01 88 0D 00 00 2C 11 
00 FF FF 00 10 0D 22 93 00 00 01 00 00 10 01 89 0D 00 00 2D 03 
00 FF FF 00 10 0D 22 93 00 00 01 00 00 10 01 8A 0D 00 00 27 F5 
00 FF FF 00 10 0D 22 93 00 00 01 00 00 10 01 8B 0D 00 00 1A 9B 
00 FF FF 00 10 0D 22 93 00 00 01 00 00 10 01 8C 0D 00 00 1E 11 
00 FF FF 00 10 0D 22 93 00 00 01 00 00 10 01 8D 0D 00 00 1C 2D 
00 FF FF 00 10 0D 22 93 00 00 01 00 00 10 01 8E 0D 00 00 16 41 
00 FF FF 00 10 0D 22 93 00 00 01 00 00 10 01 8F 0D 00 00 19 EC 
00 FF FF 00 10 0D 22 93 00 00 01 00 00 10 01 90 0D 00 00 18 45 
00 FF FF 00 10 0D 22 93 00 00 01 00 00 10 01 91 0D 00 00 1A F8 
00 FF FF 00 10 0D 22 93 00 00 01 00 00 10 01 92 0D 00 00 0A FF 
00 FF FF 00 10 0D 22 93 00 00 01 00 00 10 01 93 0D 00 00 26 BB 
00 FF FF 00 10 0D 22 93 00 00 01 00 00 10 01 94 0D 00 00 1C C3 
00 FF FF 00 10 0D 22 93 00 00 01 00 00 10 01 95 0D 00 00 1A 63 
00 FF FF 00 10 0D 22 93 00 00 01 00 00 10 01 96 0D 00 00 19 31 
00 FF FF 00 10 0D 22 93 00 00 01 00 00 10 01 97 0D 00 00 1A 13 
00 FF FF 00 10 0D 22 93 00 00 01 00 00 10 01 98 0D 00 00 16 FE 
00 FF FF 00 10 0D 22 93 00 00 01 00 00 10 01 99 0D 00 00 1B 48 
00 FF FF 00 10 0D 22 93 00 00 01 00 00 10 01 9A 0D 00 00 1E 4D 
00 FF FF 00 10 0D 22 93 00 00 01 00 00 10 01 9B 0D 00 00 3A 25 
00 FF FF 00 10 0D 22 93 00 00 01 00 00 10 01 9C 0D 00 00 24 B3 
00 FF FF 00 10 0D 22 93 00 00 01 00 00 10 01 9D 0D 00 00 24 2C 
00 FF FF 00 10 0D 22 93 00 00 01 00 00 10 01 9E 0D 00 00 17 B1 
00 FF FF 00 10 0D 22 93 00 00 01 00 00 10 01 9F 0D 00 00 1C 2E 
00 FF FF 00 10 0D 22 93 00 00 01 00 00 10 01 A0 0D 00 00 16 C5 
00 FF FF 00 10 0D 22 93 00 00 01 00 00 10 01 A1 0D 00 00 17 E5 
00 FF FF 00 10 0D 22 93 00 00 01 00 00 10 01 A2 0D 00 00 24 61 
00 FF FF 00 10 0D 22 93 00 00 01 00 00 10 01 A3 0D 00 00 19 3B 
00 FF FF 00 10 0D 22 93 00 00 01 00 00 10 01 A4 0D 00 00 2C 7A 
00 FF FF 00 10 0D 22 93 00 00 01 00 00 10 01 A5 0D 00 00 20 CE 
00 FF FF 00 10 0D 22 93 00 00 01 00 00 10 01 A6 0D 00 00 31 79 
00 FF FF 00 10 0D 22 93 00 00 01 00 00 10 01 A7 0D 00 00 16 7C 
00 FF FF 00 10 0D 22 93 00 00 01 00 00 10 01 A8 0D 00 00 20 84 
00 FF FF 00 10 0D 22 93 00 00 01 00 00 10 01 A9 0D 00 00 15 5D 
00 FF FF 00 10 0D 22 93 00 00 01 00 00 10 01 AA 0D 00 00 18 DE 
00 FF FF 00 10 0D 22 93 00 00 01 00 00 10 01 AB 0D 00 00 28 5D 
00 FF FF 00 10 0D 22 93 00 00 01 00 00 10 01 AC 0D 00 00 17 32 
00 FF FF 00 10 0D 22 93 00 00 01 00 00 10 01 AD 0D 00 00 38 64 
00 FF FF 00 10 0D 22 93 00 00 01 00 00 10 01 AE 0D 00 00 1C 9C 
00 FF FF 00 10 0D 22 93 00 00 01 00 00 10 01 AF 0D 00 00 34 F4 
00 FF FF 00 10 0D 22 93 00 00 01 00 00 10 01 B0 0D 00 00 15 7B 
00 FF FF 00 10 0D 22 93 00 00 01 00 00 10 01 B1 0D 00 00 24 FD 
00 FF FF 00 10 0D 22 93 00 00 01 00 00 10 01 B2 0D 00 00 18 CE 
00 FF FF 00 10 0D 22 93 00 00 01 00 00 10 01 B3 0D 00 00 20 34 
00 FF FF 00 10 0D 22 93 00 00 01 00 00 10 01 B4 0D 00 00 25 F3 
00 FF FF 00 10 0D 22 93 00 00 01 00 00 10 01 B5 0D 00 00 16 25 
00 FF FF 00 10 0D 22 93 00 00 01 00 00 10 01 B6 0D 00 00 2C CA 
00 FF FF 00 10 0D 22 93 00 00 01 00 00 10 01 B7 0D 00 00 17 0F 
00 FF FF 00 10 0D 22 93 00 00 01 00 00 10 01 B8 0D 00 00 24 4A 
00 FF FF 00 10 0D 22 93 00 00 01 00 00 10 01 B9 0D 00 00 14 26 
00 FF FF 00 10 0D 22 93 00 00 01 00 00 10 01 BA 0D 00 00 29 BD 
00 FF FF 00 10 0D 22 93 00 00 01 00 00 10 01 BB 0D 00 00 16 3B 
00 FF FF 00 10 0D 22 93 00 00 01 00 00 10 01 BC 0D 00 00 1B 2A 
00 FF FF 00 10 0D 22 93 00 00 01 00 00 10 01 BD 0D 00 00 25 E3 
00 FF FF 00 10 0D 22 93 00 00 01 00 00 10 01 BE 0D 00 00 14 FD 
00 FF FF 00 10 0D 22 93 00 00 01 00 00 10 01 BF 0D 00 00 2A 4A 
00 FF FF 00 10 0D 22 93 00 00 01 00 00 10 01 C0 0D 00 00 13 A9 
00 FF FF 00 10 0D 22 93 00 00 01 00 00 10 01 C1 0D 00 00 3B 22 
00 FF FF 00 10 0D 22 93 00 00 01 00 00 10 01 C2 0D 00 00 11 BD 
00 FF FF 00 10 0D 22 93 00 00 01 00 00 10 01 C3 0D 00 00 30 44 
00 FF FF 00 10 0D 22 93 00 00 01 00 00 10 01 C4 0D 00 00 15 37 
00 FF FF 00 10 0D 22 93 00 00 01 00 00 10 01 C5 0D 00 00 2D DA 
00 FF FF 00 10 0D 22 93 00 00 01 00 00 10 01 C6 0D 00 00 25 49 
00 FF FF 00 10 0D 22 93 00 00 01 00 00 10 01 C7 0D 00 00 12 2C 
00 FF FF 00 10 0D 22 93 00 00 01 00 00 10 01 C8 0D 00 00 3B 22 
00 FF FF 00 10 0D 22 93 00 00 01 00 00 10 01 C9 0D 00 00 11 5D 
00 FF FF 00 10 0D 22 93 00 00 01 00 00 10 01 CA 0D 00 00 36 A4 
00 FF FF 00 10 0D 22 93 00 00 01 00 00 10 01 CB 0D 00 00 14 6F 
00 FF FF 00 10 0D 22 93 00 00 01 00 00 10 01 CC 0D 00 00 30 44 
00 FF FF 00 10 0D 22 93 00 00 01 00 00 10 01 CD 0D 00 00 11 76 
00 FF FF 00 10 0D 22 93 00 00 01 00 00 10 01 CE 0D 00 00 2F 8D 
00 FF FF 00 10 0D 22 93 00 00 01 00 00 10 01 CF 0D 00 00 26 BB 
00 FF FF 00 10 0D 22 93 00 00 01 00 00 10 01 D0 0D 00 00 18 AE 
00 FF FF 00 10 0D 22 93 00 00 01 00 00 10 01 D1 0D 00 00 32 71 
00 FF FF 00 10 0D 22 93 00 00 01 00 00 10 01 D2 0D 00 00 0F 87 
00 FF FF 00 10 0D 22 93 00 00 01 00 00 10 01 D3 0D 00 00 33 54 
00 FF FF 00 10 0D 22 93 00 00 01 00 00 10 01 D4 0D 00 00 12 F5 
00 FF FF 00 10 0D 22 93 00 00 01 00 00 10 01 D5 0D 00 00 32 8A 
00 FF FF 00 10 0D 22 93 00 00 01 00 00 10 01 D6 0D 00 00 10 9E 
00 FF FF 00 10 0D 22 93 00 00 01 00 00 10 01 D7 0D 00 00 28 02 
00 FF FF 00 10 0D 22 93 00 00 01 00 00 10 01 D8 0D 00 00 22 47 
00 FF FF 00 10 0D 22 93 00 00 01 00 00 10 01 D9 0D 00 00 1C 92 
00 FF FF 00 10 0D 22 93 00 00 01 00 00 10 01 DA 0D 00 00 28 CD 
00 FF FF 00 10 0D 22 93 00 00 01 00 00 10 01 DB 0D 00 00 12 FA 
00 FF FF 00 10 0D 22 93 00 00 01 00 00 10 01 DC 0D 00 00 2D 74 
00 FF FF 00 10 0D 22 93 00 00 01 00 00 10 01 DD 0D 00 00 15 51 
00 FF FF 00 10 0D 22 93 00 00 01 00 00 10 01 DE 0D 00 00 39 4A 
00 FF FF 00 10 0D 22 93 00 00 01 00 00 10 01 DF 0D 00 00 0F C5 
00 FF FF 00 10 0D 22 93 00 00 01 00 00 10 01 E0 0D 00 00 20 B5 
00 FF FF 00 10 0D 22 93 00 00 01 00 00 10 01 E1 0D 00 00 1E 7D 
00 FF FF 00 10 0D 22 93 00 00 01 00 00 10 01 E2 0D 00 00 23 63 
00 FF FF 00 10 0D 22 93 00 00 01 00 00 10 01 E3 0D 00 00 29 26 
00 FF FF 00 10 0D 22 93 00 00 01 00 00 10 01 E4 0D 00 00 10 DF 
00 FF FF 00 10 0D 22 93 00 00 01 00 00 10 01 E5 0D 00 00 36 88 
00 FF FF 00 10 0D 22 93 00 00 01 00 00 10 01 E6 0D 00 00 17 4D 
00 FF FF 00 10 0D 22 93 00 00 01 00 00 10 01 E7 0D 00 00 35 CA 
00 FF FF 00 10 0D 22 93 00 00 01 00 00 10 01 E8 0D 00 00 0D 61 
00 FF FF 00 10 0D 22 93 00 00 01 00 00 10 01 E9 0D 00 00 30 76 
00 FF FF 00 10 0D 22 93 00 00 01 00 00 10 01 EA 0D 00 00 0A 49 
00 FF FF 00 10 0D 22 93 00 00 01 00 00 10 01 EB 0D 00 00 1F D3 
00 FF FF 00 10 0D 22 93 00 00 01 00 00 10 01 EC 0D 00 00 24 0E 
00 FF FF 00 10 0D 22 93 00 00 01 00 00 10 01 ED 0D 00 00 14 9A 
00 FF FF 00 10 0D 22 93 00 00 01 00 00 10 01 EE 0D 00 00 2F A5 
00 FF FF 00 10 0D 22 93 00 00 01 00 00 10 01 EF 0D 00 00 13 8B 
00 FF FF 00 10 0D 22 93 00 00 01 00 00 10 01 F0 0D 00 00 2B AB 
00 FF FF 00 10 0D 22 93 00 00 01 00 00 10 01 F1 0D 00 00 12 53 
00 FF FF 00 10 0D 22 93 00 00 01 00 00 10 01 F2 0D 00 00 30 5B 
00 FF FF 00 10 0D 22 93 00 00 01 00 00 10 01 F3 0D 00 00 12 16 
00 FF FF 00 10 0D 22 93 00 00 01 00 00 10 01 F4 0D 00 00 1E 9D 
00 FF FF 00 10 0D 22 93 00 00 01 00 00 10 01 F5 0D 00 00 16 AF 
00 FF FF 00 10 0D 22 93 00 00 01 00 00 10 01 F6 0D 00 00 17 5D 
00 FF FF 00 10 0D 22 93 00 00 01 00 00 10 01 F7 0D 00 00 2C 84 
00 FF FF 00 10 0D 22 93 00 00 01 00 00 10 01 F8 0D 00 00 0B FD 
00 FF FF 00 10 0D 22 93 00 00 01 00 00 10 01 F9 0D 00 00 39 32 
00 FF FF 00 10 0D 22 93 00 00 01 00 00 10 01 FA 0D 00 00 0F 6A 
00 FF FF 00 10 0D 22 93 00 00 01 00 00 10 01 FB 0D 00 00 2D 0E 
00 FF FF 00 10 0D 22 93 00 00 01 00 00 10 01 FC 0D 00 00 12 4F 
00 FF FF 00 10 0D 22 93 00 00 01 00 00 10 01 FD 0D 00 00 1E 31 
00 FF FF 00 10 0D 22 93 00 00 01 00 00 10 01 FE 0D 00 00 17 C4 
00 FF FF 00 10 0D 22 93 00 00 01 00 00 10 01 FF 0D 00 00 13 6F 
00 FF FF 00 10 0D 22 93 00 00 01 00 00 10 02 00 0D 00 00 24 BA 
00 FF FF 00 10 0D 22 93 00 00 01 00 00 10 02 01 0D 00 00 1B 29 
00 FF FF 00 10 0D 22 93 00 00 01 00 00 10 02 02 0D 00 00 19 7A 
00 FF FF 00 10 0D 22 93 00 00 01 00 00 10 02 03 0D 00 00 1B C9 
00 FF FF 00 10 0D 22 93 00 00 01 00 00 10 02 05 0D 00 00 1D CE 
00 FF FF 00 10 0D 22 93 00 00 01 00 00 10 02 09 0D 00 00 1E 14 
00 FF FF 00 10 0D 22 93 00 00 01 00 00 10 02 0A 0D 00 00 19 F1 
00 FF FF 00 10 0D 22 93 00 00 01 00 00 10 02 0B 0D 00 00 2B 5B 
00 FF FF 00 10 0D 22 93 00 00 01 00 00 10 02 0C 0D 00 00 29 DB 
00 FF FF 00 10 0D 22 93 00 00 01 00 00 10 02 0D 0D 00 00 28 4F 
00 FF FF 00 10 0D 22 93 00 00 01 00 00 10 02 0E 0D 00 00 19 F2 
00 FF FF 00 10 0D 22 93 00 00 01 00 00 10 02 0F 0D 00 00 19 A6 
00 FF FF 00 10 0D 22 93 00 00 01 00 00 10 02 10 0D 00 00 19 6A 
00 FF FF 00 10 0D 22 93 00 00 01 00 00 10 02 11 0D 00 00 16 B1 
00 FF FF 00 10 0D 22 93 00 00 01 00 00 10 02 12 0D 00 00 1D 76 
00 FF FF 00 10 0D 22 93 00 00 01 00 00 10 02 14 0D 00 00 23 63 
00 FF FF 00 10 0D 22 93 00 00 01 00 00 10 02 15 0D 00 00 2E 39 
00 FF FF 00 10 0D 22 93 00 00 01 00 00 10 02 16 0D 00 00 17 5A 
00 FF FF 00 10 0D 22 93 00 00 01 00 00 10 02 17 0D 00 00 16 EB 
00 FF FF 00 10 0D 22 93 00 00 01 00 00 10 02 18 0D 00 00 19 B9 
00 FF FF 00 10 0D 22 93 00 00 01 00 00 10 02 19 0D 00 00 1B 22 
00 FF FF 00 10 0D 22 93 00 00 01 00 00 10 02 1A 0D 00 00 12 DE 
00 FF FF 00 10 0D 22 93 00 00 01 00 00 10 02 1B 0D 00 00 17 5E 
00 FF FF 00 10 0D 22 93 00 00 01 00 00 10 02 1C 0D 00 00 1D 55 
00 FF FF 00 10 0D 22 93 00 00 01 00 00 10 02 1D 0D 00 00 1D 43 
00 FF FF 00 10 0D 22 93 00 00 01 00 00 10 02 1E 0D 00 00 34 22 
00 FF FF 00 10 0D 22 93 00 00 01 00 00 10 02 1F 0D 00 00 21 C2 
00 FF FF 00 10 0D 22 93 00 00 01 00 00 10 02 22 0D 00 00 1E BE 
00 FF FF 00 10 0D 22 93 00 00 01 00 00 10 02 23 0D 00 00 18 20 
00 FF FF 00 10 0D 22 93 00 00 01 00 00 10 02 24 0D 00 00 1B 46 
00 FF FF 00 10 0D 22 93 00 00 01 00 00 10 02 25 0D 00 00 0E 54 
00 FF FF 00 10 0D 22 93 00 00 01 00 00 10 02 26 0D 00 00 18 7A 
00 FF FF 00 10 0D 22 93 00 00 01 00 00 10 02 27 0D 00 00 30 B1 
00 FF FF 00 10 0D 22 93 00 00 01 00 00 10 02 31 0D 00 00 1C 5A 
00 FF FF 00 10 0D 22 93 00 00 01 00 00 10 02 32 0D 00 00 31 02 
00 FF FF 00 10 0D 22 93 00 00 01 00 00 10 02 33 0D 00 00 13 32 
00 FF FF 00 10 0D 22 93 00 00 01 00 00 10 02 35 0D 00 00 18 5D 
00 FF FF 00 10 0D 22 93 00 00 01 00 00 10 02 3A 0D 00 00 15 EE 
00 FF FF 00 10 0D 22 93 00 00 01 00 00 10 02 3C 0D 00 00 11 24 
00 FF FF 00 10 0D 22 93 00 00 01 00 00 10 02 3D 0D 00 00 2C CA 
00 FF FF 00 10 0D 22 93 00 00 01 00 00 10 02 45 0D 00 00 0E BF 
00 FF FF 00 10 0D 22 93 00 00 01 00 00 10 02 46 0D 00 00 31 02 
00 FF FF 00 10 0D 22 93 00 00 01 00 00 10 02 4A 0D 00 00 11 AB 
00 FF FF 00 10 0D 22 93 00 00 01 00 00 10 02 4C 0D 00 00 0D 7B 
00 FF FF 00 10 0D 22 93 00 00 01 00 00 10 02 4E 0D 00 00 0F DF 
00 FF FF 00 10 0D 22 93 00 00 01 00 00 10 02 50 0D 00 00 20 AE 
00 FF FF 00 10 0D 22 93 00 00 01 00 00 10 02 53 0D 00 00 15 77 
00 FF FF 00 10 0D 22 93 00 00 01 00 00 10 02 54 0D 00 00 35 CA 
00 FF FF 00 10 0D 22 93 00 00 01 00 00 10 02 56 0D 00 00 31 02 
00 FF FF 00 10 0D 22 93 00 00 01 00 00 10 02 57 0D 00 00 13 7B 
00 FF FF 00 10 0D 22 93 00 00 01 00 00 10 02 59 0D 00 00 09 C9 
00 FF FF 00 10 0D 22 93 00 00 01 00 00 10 02 5A 0D 00 00 2D 0E 
00 FF FF 00 10 0D 22 93 00 00 01 00 00 10 02 5C 0D 00 00 18 2F 
00 FF FF 00 10 0D 22 93 00 00 01 00 00 10 02 5D 0D 00 00 06 1A 
00 FF FF 00 10 0D 22 93 00 00 01 00 00 10 02 5E 0D 00 00 09 5E 
00 FF FF 00 10 0D 22 93 00 00 01 00 00 10 02 5F 0D 00 00 35 CA 
00 FF FF 00 10 0D 22 93 00 00 01 00 00 10 02 60 0D 00 00 10 6D 
00 FF FF 00 10 0D 22 93 00 00 01 00 00 10 02 61 0D 00 00 38 50 
00 FF FF 00 10 0D 22 93 00 00 01 00 00 10 02 62 0D 00 00 12 7C 
00 FF FF 00 10 0D 22 93 00 00 01 00 00 10 02 63 0D 00 00 28 CF 
00 FF FF 00 10 0D 22 93 00 00 01 00 00 10 02 64 0D 00 00 1E 09 
00 FF FF 00 10 0D 22 93 00 00 01 00 00 10 02 65 0D 00 00 14 7E 
00 FF FF 00 10 0D 22 93 00 00 01 00 00 10 02 66 0D 00 00 2F 16 
00 FF FF 00 10 0D 22 93 00 00 01 00 00 10 02 67 0D 00 00 09 B2 
00 FF FF 00 10 0D 22 93 00 00 01 00 00 10 02 68 0D 00 00 2E 71 
00 FF FF 00 10 0D 22 93 00 00 01 00 00 10 02 6B 0D 00 00 1A 5C 
00 FF FF 00 10 0D 22 93 00 00 01 00 00 10 02 70 0D 00 00 0E 9E 
00 FF FF 00 10 0D 22 93 00 00 01 00 00 10 02 73 0D 00 00 2F C1 
00 FF FF 00 10 0D 22 93 00 00 01 00 00 10 02 75 0D 00 00 22 82 
00 FF FF 00 10 0D 22 93 00 00 01 00 00 10 02 76 0D 00 00 17 B7 
00 FF FF 00 10 0D 22 93 00 00 01 00 00 10 02 77 0D 00 00 14 06 
00 FF FF 00 10 0D 22 93 00 00 01 00 00 10 02 7A 0D 00 00 2B F3 
00 FF FF 00 10 0D 22 93 00 00 01 00 00 10 02 7B 0D 00 00 19 10 
00 FF FF 00 10 0D 22 93 00 00 01 00 00 10 02 7C 0D 00 00 2F 5D 
00 FF FF 00 10 0D 22 93 00 00 01 00 00 10 02 7E 0D 00 00 1F B9 
00 FF FF 00 10 0D 22 93 00 00 01 00 00 10 02 7F 0D 00 00 16 AE 
00 FF FF 00 10 0D 22 93 00 00 01 00 00 10 02 80 0D 00 00 12 15 
00 FF FF 00 10 0D 22 93 00 00 01 00 00 10 02 81 0D 00 00 1C 2A 
00 FF FF 00 10 0D 22 93 00 00 01 00 00 10 02 82 0D 00 00 14 DC 
00 FF FF 00 10 0D 22 93 00 00 01 00 00 10 02 83 0D 00 00 25 62 
00 FF FF 00 10 0D 22 93 00 00 01 00 00 10 02 84 0D 00 00 1E 9F 
00 FF FF 00 10 0D 22 93 00 00 01 00 00 10 02 85 0D 00 00 2A 8D 
00 FF FF 00 10 0D 22 93 00 00 01 00 00 10 02 86 0D 00 00 1E A3 
00 FF FF 00 10 0D 22 93 00 00 01 00 00 10 02 87 0D 00 00 1B BB 
00 FF FF 00 10 0D 22 93 00 00 01 00 00 10 02 88 0D 00 00 15 EC 
00 FF FF 00 10 0D 22 93 00 00 01 00 00 10 02 89 0D 00 00 10 55 
00 FF FF 00 10 0D 22 93 00 00 01 00 00 10 02 8A 0D 00 00 37 82 
00 FF FF 00 10 0D 22 93 00 00 01 00 00 10 02 8B 0D 00 00 09 E3 
00 FF FF 00 10 0D 22 93 00 00 01 00 00 10 02 8C 0D 00 00 16 69 
00 FF FF 00 10 0D 22 93 00 00 01 00 00 10 02 8D 0D 00 00 1B 56 
00 FF FF 00 10 0D 22 93 00 00 01 00 00 10 02 8E 0D 00 00 1A CB 
00 FF FF 00 10 0D 22 93 00 00 01 00 00 10 02 8F 0D 00 00 21 C2 
00 FF FF 00 10 0D 22 93 00 00 01 00 00 10 02 90 0D 00 00 16 5C 
00 FF FF 00 10 0D 22 93 00 00 01 00 00 10 02 91 0D 00 00 38 64 
00 FF FF 00 10 0D 22 93 00 00 01 00 00 10 02 92 0D 00 00 0E AD 
00 FF FF 00 10 0D 22 93 00 00 01 00 00 10 02 93 0D 00 00 16 22 
00 FF FF 00 10 0D 22 93 00 00 01 00 00 10 02 94 0D 00 00 12 42 
00 FF FF 00 10 0D 22 93 00 00 01 00 00 10 02 95 0D 00 00 18 59 
00 FF FF 00 10 0D 22 93 00 00 01 00 00 10 02 96 0D 00 00 1A 9E 
00 FF FF 00 10 0D 22 93 00 00 01 00 00 10 02 97 0D 00 00 1E 72 
00 FF FF 00 10 0D 22 93 00 00 01 00 00 10 02 98 0D 00 00 33 28 
00 FF FF 00 10 0D 22 93 00 00 01 00 00 10 02 99 0D 00 00 13 1A 
00 FF FF 00 10 0D 22 93 00 00 01 00 00 10 02 9A 0D 00 00 24 C6 
00 FF FF 00 10 0D 22 93 00 00 01 00 00 10 02 9B 0D 00 00 10 96 
00 FF FF 00 10 0D 22 93 00 00 01 00 00 10 02 9C 0D 00 00 18 23 
00 FF FF 00 10 0D 22 93 00 00 01 00 00 10 02 9D 0D 00 00 0E 7F 
00 FF FF 00 10 0D 22 93 00 00 01 00 00 10 02 9E 0D 00 00 16 D3 
00 FF FF 00 10 0D 22 93 00 00 01 00 00 10 02 9F 0D 00 00 1E 65 
00 FF FF 00 10 0D 22 93 00 00 01 00 00 10 02 A0 0D 00 00 1C EE 
00 FF FF 00 10 0D 22 93 00 00 01 00 00 10 02 A1 0D 00 00 2A DA 
00 FF FF 00 10 0D 22 93 00 00 01 00 00 10 02 A3 0D 00 00 1B 30 
00 FF FF 00 10 0D 22 93 00 00 01 00 00 10 02 A4 0D 00 00 0B FB 
00 FF FF 00 10 0D 22 93 00 00 01 00 00 10 02 A5 0D 00 00 1A 7D 
00 FF FF 00 10 0D 22 93 00 00 01 00 00 10 02 A6 0D 00 00 13 A9 
00 FF FF 00 10 0D 22 93 00 00 01 00 00 10 02 A7 0D 00 00 15 21 
00 FF FF 00 10 0D 22 93 00 00 01 00 00 10 02 A8 0D 00 00 1D BD 
00 FF FF 00 10 0D 22 93 00 00 01 00 00 10 02 A9 0D 00 00 10 8F 
00 FF FF 00 10 0D 22 93 00 00 01 00 00 10 02 AA 0D 00 00 37 82 
00 FF FF 00 10 0D 22 93 00 00 01 00 00 10 02 AB 0D 00 00 05 F4 
00 FF FF 00 10 0D 22 93 00 00 01 00 00 10 02 B1 0D 00 00 1F 28 
00 FF FF 00 10 0D 22 93 00 00 01 00 00 10 02 B2 0D 00 00 12 45 
00 FF FF 00 10 0D 22 93 00 00 01 00 00 10 02 B3 0D 00 00 31 C4 
00 FF FF 00 10 0D 22 93 00 00 01 00 00 10 02 B4 0D 00 00 0E A6 
00 FF FF 00 10 0D 22 93 00 00 01 00 00 10 02 B5 0D 00 00 3A 34 
00 FF FF 00 10 0D 22 93 00 00 01 00 00 10 02 B6 0D 00 00 0C 52 
00 FF FF 00 10 0D 22 93 00 00 01 00 00 10 02 B7 0D 00 00 26 25 
00 FF FF 00 10 0D 22 93 00 00 01 00 00 10 02 B9 0D 00 00 14 06 
00 FF FF 00 10 0D 22 93 00 00 01 00 00 10 02 BA 0D 00 00 2A 25 
00 FF FF 00 10 0D 22 93 00 00 01 00 00 10 02 BB 0D 00 00 0F 16 
00 FF FF 00 10 0D 22 93 00 00 01 00 00 10 02 BC 0D 00 00 36 A4 
00 FF FF 00 10 0D 22 93 00 00 01 00 00 10 02 BD 0D 00 00 0F EE 
00 FF FF 00 10 0D 22 93 00 00 01 00 00 10 02 BE 0D 00 00 2E 21 
00 FF FF 00 10 0D 22 93 00 00 01 00 00 10 02 C0 0D 00 00 28 D3 
00 FF FF 00 10 0D 22 93 00 00 01 00 00 10 02 C1 0D 00 00 14 17 
00 FF FF 00 10 0D 22 93 00 00 01 00 00 10 02 C2 0D 00 00 13 60 
00 FF FF 00 10 0D 22 93 00 00 01 00 00 10 02 C3 0D 00 00 24 35 
00 FF FF 00 10 0D 22 93 00 00 01 00 00 10 02 C4 0D 00 00 09 DE 
00 FF FF 00 10 0D 22 93 00 00 01 00 00 10 02 C5 0D 00 00 34 22 
00 FF FF 00 10 0D 22 93 00 00 01 00 00 10 02 C6 0D 00 00 0B BA 
00 FF FF 00 10 0D 22 93 00 00 01 00 00 10 02 C7 0D 00 00 2C CA 
00 FF FF 00 10 0D 22 93 00 00 01 00 00 10 02 CA 0D 00 00 11 71 
00 FF FF 00 10 0D 22 93 00 00 01 00 00 10 02 CB 0D 00 00 15 81 
00 FF FF 00 10 0D 22 93 00 00 01 00 00 10 02 CC 0D 00 00 2A 95 
00 FF FF 00 10 0D 22 93 00 00 01 00 00 10 02 CD 0D 00 00 08 CB 
00 FF FF 00 10 0D 22 93 00 00 01 00 00 10 02 CE 0D 00 00 34 F4 
00 FF FF 00 10 0D 22 93 00 00 01 00 00 10 02 CF 0D 00 00 09 AB 
00 FF FF 00 10 0D 22 93 00 00 01 00 00 10 02 D0 0D 00 00 36 6C 
00 FF FF 00 10 0D 22 93 00 00 01 00 00 10 02 D1 0D 00 00 0D E0 
00 FF FF 00 10 0D 22 93 00 00 01 00 00 10 02 D2 0D 00 00 26 E4 
00 FF FF 00 10 0D 22 93 00 00 01 00 00 10 02 D4 0D 00 00 17 DE 
00 FF FF 00 10 0D 22 93 00 00 01 00 00 10 02 D5 0D 00 00 23 26 
00 FF FF 00 10 0D 22 93 00 00 01 00 00 10 02 D6 0D 00 00 08 B7 
00 FF FF 00 10 0D 22 93 00 00 01 00 00 10 02 D7 0D 00 00 2E 90 
00 FF FF 00 10 0D 22 93 00 00 01 00 00 10 02 D8 0D 00 00 09 16 
00 FF FF 00 10 0D 22 93 00 00 01 00 00 10 02 DA 0D 00 00 13 7A 
00 FF FF 00 10 0D 22 93 00 00 01 00 00 10 02 DB 0D 00 00 24 57 
00 FF FF 00 10 0D 22 93 00 00 01 00 00 10 02 DD 0D 00 00 15 C5 
00 FF FF 00 10 0D 22 93 00 00 01 00 00 10 02 DE 0D 00 00 21 AD 
00 FF FF 00 10 0D 22 93 00 00 01 00 00 10 02 DF 0D 00 00 0A 46 
00 FF FF 00 10 0D 22 93 00 00 01 00 00 10 02 E0 0D 00 00 36 6E 
00 FF FF 00 10 0D 22 93 00 00 01 00 00 10 02 E1 0D 00 00 09 45 
00 FF FF 00 10 0D 22 93 00 00 01 00 00 10 02 E2 0D 00 00 30 CA 
00 FF FF 00 10 0D 22 93 00 00 01 00 00 10 02 E3 0D 00 00 17 77 
00 FF FF 00 10 0D 22 93 00 00 01 00 00 10 02 E4 0D 00 00 1F 22 
00 FF FF 00 10 0D 22 93 00 00 01 00 00 10 02 E5 0D 00 00 11 03 
00 FF FF 00 10 0D 22 93 00 00 01 00 00 10 02 E6 0D 00 00 16 DD 
00 FF FF 00 10 0D 22 93 00 00 01 00 00 10 02 E7 0D 00 00 1E 2A 
00 FF FF 00 10 0D 22 93 00 00 01 00 00 10 02 E8 0D 00 00 11 CA 
00 FF FF 00 10 0D 22 93 00 00 01 00 00 10 02 E9 0D 00 00 2A 45 
00 FF FF 00 10 0D 22 93 00 00 01 00 00 10 02 EA 0D 00 00 13 93 
00 FF FF 00 10 0D 22 93 00 00 01 00 00 10 02 EB 0D 00 00 2C 75 
00 FF FF 00 10 0D 22 93 00 00 01 00 00 10 02 EC 0D 00 00 14 B9 
00 FF FF 00 10 0D 22 93 00 00 01 00 00 10 02 ED 0D 00 00 1D DB 
00 FF FF 00 10 0D 22 93 00 00 01 00 00 10 02 EE 0D 00 00 15 95 
00 FF FF 00 10 0D 22 93 00 00 01 00 00 10 02 EF 0D 00 00 15 1D 
00 FF FF 00 10 0D 22 93 00 00 01 00 00 10 02 F0 0D 00 00 1A 56 
00 FF FF 00 10 0D 22 93 00 00 01 00 00 10 02 F2 0D 00 00 25 CA 
00 FF FF 00 10 0D 22 93 00 00 01 00 00 10 02 F3 0D 00 00 14 4A 
00 FF FF 00 10 0D 22 93 00 00 01 00 00 10 02 F4 0D 00 00 28 BF 
00 FF FF 00 10 0D 22 93 00 00 01 00 00 10 02 F5 0D 00 00 14 63 
00 FF FF 00 10 0D 22 93 00 00 01 00 00 10 02 F6 0D 00 00 19 7C 
00 FF FF 00 10 0D 22 93 00 00 01 00 00 10 02 F7 0D 00 00 18 F5 
00 FF FF 00 10 0D 22 93 00 00 01 00 00 10 02 F8 0D 00 00 16 94 
00 FF FF 00 10 0D 22 93 00 00 01 00 00 10 02 F9 0D 00 00 18 32 
00 FF FF 00 10 0D 22 93 00 00 01 00 00 10 02 FB 0D 00 00 1D 6A 
00 FF FF 00 10 0D 22 93 00 00 01 00 00 10 02 FC 0D 00 00 0E EC 
00 FF FF 00 10 0D 22 93 00 00 01 00 00 10 02 FD 0D 00 00 25 75 
00 FF FF 00 10 0D 22 93 00 00 01 00 00 10 02 FE 0D 00 00 12 0F 
00 FF FF 00 10 0D 22 93 00 00 01 00 00 10 02 FF 0D 00 00 1A 3D 
00 FF FF 00 10 0D 22 93 00 00 01 00 00 10 03 00 0D 00 00 18 B2 
00 FF FF 00 10 0D 22 93 00 00 01 00 00 10 03 01 0D 00 00 0D CC 
00 FF FF 00 10 0D 22 93 00 00 01 00 00 10 03 03 0D 00 00 0C 1D 
00 FF FF 00 10 0D 22 93 00 00 01 00 00 10 03 04 0D 00 00 1A 12 
00 FF FF 00 10 0D 22 93 00 00 01 00 00 10 03 06 0D 00 00 21 EF 
00 FF FF 00 10 0D 22 93 00 00 01 00 00 10 03 07 0D 00 00 1F 53 
00 FF FF 00 10 0D 22 93 00 00 01 00 00 10 03 08 0D 00 00 17 6A 
00 FF FF 00 10 0D 22 93 00 00 01 00 00 10 03 09 0D 00 00 25 1E 
00 FF FF 00 10 0D 22 93 00 00 01 00 00 10 03 0A 0D 00 00 15 8E 
00 FF FF 00 10 0D 22 93 00 00 01 00 00 10 03 0B 0D 00 00 19 16 
00 FF FF 00 10 0D 22 93 00 00 01 00 00 10 03 0C 0D 00 00 0B 94 
00 FF FF 00 10 0D 22 93 00 00 01 00 00 10 03 0D 0D 00 00 15 E4 
00 FF FF 00 10 0D 22 93 00 00 01 00 00 10 03 0E 0D 00 00 13 5E 
00 FF FF 00 10 0D 22 93 00 00 01 00 00 10 03 0F 0D 00 00 1C 5D 
00 FF FF 00 10 0D 22 93 00 00 01 00 00 10 03 10 0D 00 00 24 7A 
00 FF FF 00 10 0D 22 93 00 00 01 00 00 10 03 11 0D 00 00 0B CB 
00 FF FF 00 10 0D 22 93 00 00 01 00 00 10 03 12 0D 00 00 19 CC 
00 FF FF 00 10 0D 22 93 00 00 01 00 00 10 03 13 0D 00 00 18 EC 
00 FF FF 00 10 0D 22 93 00 00 01 00 00 10 03 14 0D 00 00 1C B2 
00 FF FF 00 10 0D 22 93 00 00 01 00 00 10 03 15 0D 00 00 0E 66 
00 FF FF 00 10 0D 22 93 00 00 01 00 00 10 03 16 0D 00 00 10 1C 
00 FF FF 00 10 0D 22 93 00 00 01 00 00 10 03 17 0D 00 00 31 C4 
00 FF FF 00 10 0D 22 93 00 00 01 00 00 10 03 18 0D 00 00 17 01 
00 FF FF 00 10 0D 22 93 00 00 01 00 00 10 03 19 0D 00 00 31 C4 
00 FF FF 00 10 0D 22 93 00 00 01 00 00 10 03 1A 0D 00 00 0F 99 
00 FF FF 00 10 0D 22 93 00 00 01 00 00 10 03 1B 0D 00 00 2F 8A 
00 FF FF 00 10 0D 22 93 00 00 01 00 00 10 03 1C 0D 00 00 0F 31 
00 FF FF 00 10 0D 22 93 00 00 01 00 00 10 03 1D 0D 00 00 1B 79 
00 FF FF 00 10 0D 22 93 00 00 01 00 00 10 03 1E 0D 00 00 32 21 
00 FF FF 00 10 0D 22 93 00 00 01 00 00 10 03 1F 0D 00 00 11 D4 
00 FF FF 00 10 0D 22 93 00 00 01 00 00 10 03 20 0D 00 00 17 48 
00 FF FF 00 10 0D 22 93 00 00 01 00 00 10 03 21 0D 00 00 10 8F 
00 FF FF 00 10 0D 22 93 00 00 01 00 00 10 03 22 0D 00 00 1C D3 
00 FF FF 00 10 0D 22 93 00 00 01 00 00 10 03 23 0D 00 00 0A D1 
00 FF FF 00 10 0D 22 93 00 00 01 00 00 10 03 24 0D 00 00 31 79 
00 FF FF 00 10 0D 22 93 00 00 01 00 00 10 03 25 0D 00 00 0C CD 
00 FF FF 00 10 0D 22 93 00 00 01 00 00 10 03 26 0D 00 00 23 87 
00 FF FF 00 10 0D 22 93 00 00 01 00 00 10 03 27 0D 00 00 0E 62 
00 FF FF 00 10 0D 22 93 00 00 01 00 00 10 03 28 0D 00 00 11 37 
00 FF FF 00 10 0D 22 93 00 00 01 00 00 10 03 29 0D 00 00 16 C1 
00 FF FF 00 10 0D 22 93 00 00 01 00 00 10 03 2A 0D 00 00 0E 06 
00 FF FF 00 10 0D 22 93 00 00 01 00 00 10 03 2B 0D 00 00 22 26 
00 FF FF 00 10 0D 22 93 00 00 01 00 00 10 03 2D 0D 00 00 2D 74 
00 FF FF 00 10 0D 22 93 00 00 01 00 00 10 03 2E 0D 00 00 15 23 
00 FF FF 00 10 0D 22 93 00 00 01 00 00 10 03 2F 0D 00 00 2E 55 
00 FF FF 00 10 0D 22 93 00 00 01 00 00 10 03 30 0D 00 00 0F 2D 
00 FF FF 00 10 0D 22 93 00 00 01 00 00 10 03 31 0D 00 00 15 45 
00 FF FF 00 10 0D 22 93 00 00 01 00 00 10 03 32 0D 00 00 1B 11 
00 FF FF 00 10 0D 22 93 00 00 01 00 00 10 03 33 0D 00 00 0E 02 
00 FF FF 00 10 0D 22 93 00 00 01 00 00 10 03 34 0D 00 00 23 FD 
00 FF FF 00 10 0D 22 93 00 00 01 00 00 10 03 35 0D 00 00 0C D2 
00 FF FF 00 10 0D 22 93 00 00 01 00 00 10 03 36 0D 00 00 2F 2D 
00 FF FF 00 10 0D 22 93 00 00 01 00 00 10 03 37 0D 00 00 0D AE 
00 FF FF 00 10 0D 22 93 00 00 01 00 00 10 03 38 0D 00 00 29 85 
00 FF FF 00 10 0D 22 93 00 00 01 00 00 10 03 39 0D 00 00 14 99 
00 FF FF 00 10 0D 22 93 00 00 01 00 00 10 03 3A 0D 00 00 19 5C 
00 FF FF 00 10 0D 22 93 00 00 01 00 00 10 03 3B 0D 00 00 16 89 
00 FF FF 00 10 0D 22 93 00 00 01 00 00 10 03 3C 0D 00 00 14 D5 
00 FF FF 00 10 0D 22 93 00 00 01 00 00 10 03 3D 0D 00 00 2A F9 
00 FF FF 00 10 0D 22 93 00 00 01 00 00 10 03 3E 0D 00 00 14 F7 
00 FF FF 00 10 0D 22 93 00 00 01 00 00 10 03 3F 0D 00 00 39 35 
00 FF FF 00 10 0D 22 93 00 00 01 00 00 10 03 40 0D 00 00 0D 5B 
00 FF FF 00 10 0D 22 93 00 00 01 00 00 10 03 41 0D 00 00 0C B9 
00 FF FF 00 10 0D 22 93 00 00 01 00 00 10 03 42 0D 00 00 0D E1 
00 FF FF 00 10 0D 22 93 00 00 01 00 00 10 03 43 0D 00 00 19 15 
00 FF FF 00 10 0D 22 93 00 00 01 00 00 10 03 44 0D 00 00 16 86 
00 FF FF 00 10 0D 22 93 00 00 01 00 00 10 03 45 0D 00 00 12 A2 
00 FF FF 00 10 0D 22 93 00 00 01 00 00 10 03 46 0D 00 00 22 FB 
00 FF FF 00 10 0D 22 93 00 00 01 00 00 10 03 47 0D 00 00 0D D4 
00 FF FF 00 10 0D 22 93 00 00 01 00 00 10 03 48 0D 00 00 0F 75 
00 FF FF 00 10 0D 22 93 00 00 01 00 00 10 03 49 0D 00 00 11 8B 
00 FF FF 00 10 0D 22 93 00 00 01 00 00 10 03 4A 0D 00 00 21 38 
00 FF FF 00 10 0D 22 93 00 00 01 00 00 10 03 4B 0D 00 00 09 81 
00 FF FF 00 10 0D 22 93 00 00 01 00 00 10 03 4C 0D 00 00 14 F2 
00 FF FF 00 10 0D 22 93 00 00 01 00 00 10 03 4D 0D 00 00 11 DE 
00 FF FF 00 10 0D 22 93 00 00 01 00 00 10 03 4E 0D 00 00 0A 40 
00 FF FF 00 10 0D 22 93 00 00 01 00 00 10 03 4F 0D 00 00 29 0A 
00 FF FF 00 10 0D 22 93 00 00 01 00 00 10 03 50 0D 00 00 13 F7 
00 FF FF 00 10 0D 22 93 00 00 01 00 00 10 03 51 0D 00 00 2E DD 
00 FF FF 00 10 0D 22 93 00 00 01 00 00 10 03 52 0D 00 00 10 02 
00 FF FF 00 10 0D 22 93 00 00 01 00 00 10 03 53 0D 00 00 20 A9 
00 FF FF 00 10 0D 22 93 00 00 01 00 00 10 03 54 0D 00 00 0F 28 
00 FF FF 00 10 0D 22 93 00 00 01 00 00 10 03 55 0D 00 00 18 44 
00 FF FF 00 10 0D 22 93 00 00 01 00 00 10 03 57 0D 00 00 0F 4B 
00 FF FF 00 10 0D 22 93 00 00 01 00 00 10 03 58 0D 00 00 25 02 
00 FF FF 00 10 0D 22 93 00 00 01 00 00 10 03 59 0D 00 00 1A 66 
00 FF FF 00 10 0D 22 93 00 00 01 00 00 10 03 5A 0D 00 00 2A 2A 
00 FF FF 00 10 0D 22 93 00 00 01 00 00 10 03 5B 0D 00 00 0E 3A 
00 FF FF 00 10 0D 22 93 00 00 01 00 00 10 03 5C 0D 00 00 1B 27 
