00 FF FF 00 10 0D 22 93 00 00 02 00 00 10 02 10 0C 00 00 04 2A 
00 FF FF 00 10 0D 22 93 00 00 02 00 00 10 02 15 0C 00 00 02 E9 
00 FF FF 00 10 0D 22 93 00 00 02 00 00 10 02 16 0C 00 00 05 09 
00 FF FF 00 10 0D 22 93 00 00 02 00 00 10 02 1B 0C 00 00 06 BF 
00 FF FF 00 10 0D 22 93 00 00 02 00 00 10 02 21 0C 00 00 06 08 
00 FF FF 00 10 0D 22 93 00 00 02 00 00 10 02 22 0C 00 00 03 F1 
00 FF FF 00 10 0D 22 93 00 00 02 00 00 10 02 23 0C 00 00 02 EA 
00 FF FF 00 10 0D 22 93 00 00 02 00 00 10 02 28 0C 00 00 04 BB 
00 FF FF 00 10 0D 22 93 00 00 02 00 00 10 02 29 0C 00 00 04 A2 
00 FF FF 00 10 0D 22 93 00 00 02 00 00 10 02 2E 0C 00 00 05 4E 
00 FF FF 00 10 0D 22 93 00 00 02 00 00 10 02 37 0C 00 00 05 2A 
00 FF FF 00 10 0D 22 93 00 00 02 00 00 10 02 44 0C 00 00 03 E1 
00 FF FF 00 10 0D 22 93 00 00 02 00 00 10 02 4D 0C 00 00 06 E8 
00 FF FF 00 10 0D 22 93 00 00 02 00 00 10 02 4E 0C 00 00 03 7F 
00 FF FF 00 10 0D 22 93 00 00 02 00 00 10 02 4F 0C 00 00 02 E2 
00 FF FF 00 10 0D 22 93 00 00 02 00 00 10 02 5C 0C 00 00 03 21 
00 FF FF 00 10 0D 22 93 00 00 02 00 00 10 02 65 0C 00 00 08 C8 
00 FF FF 00 10 0D 22 93 00 00 02 00 00 10 02 6A 0C 00 00 08 C5 
00 FF FF 00 10 0D 22 93 00 00 02 00 00 10 02 6F 0C 00 00 09 40 
00 FF FF 00 10 0D 22 93 00 00 02 00 00 10 02 78 0C 00 00 04 F5 
00 FF FF 00 10 0D 22 93 00 00 02 00 00 10 02 7D 0C 00 00 04 5F 
00 FF FF 00 10 0D 22 93 00 00 02 00 00 10 02 7E 0C 00 00 03 E8 
00 FF FF 00 10 0D 22 93 00 00 02 00 00 10 02 83 0C 00 00 05 6B 
00 FF FF 00 10 0D 22 93 00 00 02 00 00 10 02 88 0C 00 00 04 1A 
00 FF FF 00 10 0D 22 93 00 00 02 00 00 10 02 8D 0C 00 00 05 16 
00 FF FF 00 10 0D 22 93 00 00 02 00 00 10 02 92 0C 00 00 04 13 
00 FF FF 00 10 0D 22 93 00 00 02 00 00 10 02 97 0C 00 00 02 DA 
00 FF FF 00 10 0D 22 93 00 00 02 00 00 10 02 98 0C 00 00 04 AD 
00 FF FF 00 10 0D 22 93 00 00 02 00 00 10 02 A1 0C 00 00 05 42 
00 FF FF 00 10 0D 22 93 00 00 02 00 00 10 02 AA 0C 00 00 06 58 
00 FF FF 00 10 0D 22 93 00 00 02 00 00 10 02 AB 0C 00 00 04 27 
00 FF FF 00 10 0D 22 93 00 00 02 00 00 10 02 AC 0C 00 00 04 71 
00 FF FF 00 10 0D 22 93 00 00 02 00 00 10 02 AD 0C 00 00 02 E2 
00 FF FF 00 10 0D 22 93 00 00 02 00 00 10 02 B2 0C 00 00 03 79 
00 FF FF 00 10 0D 22 93 00 00 02 00 00 10 02 BF 0C 00 00 04 56 
00 FF FF 00 10 0D 22 93 00 00 02 00 00 10 02 C4 0C 00 00 07 CA 
00 FF FF 00 10 0D 22 93 00 00 02 00 00 10 02 C9 0C 00 00 02 F2 
00 FF FF 00 10 0D 22 93 00 00 02 00 00 10 02 CA 0C 00 00 0A 3F 
00 FF FF 00 10 0D 22 93 00 00 02 00 00 10 02 D4 0C 00 00 09 9F 
00 FF FF 00 10 0D 22 93 00 00 02 00 00 10 02 D5 0C 00 00 09 4A 
00 FF FF 00 10 0D 22 93 00 00 02 00 00 10 02 DA 0C 00 00 05 24 
00 FF FF 00 10 0D 22 93 00 00 02 00 00 10 02 E7 0C 00 00 0B 76 
00 FF FF 00 10 0D 22 93 00 00 02 00 00 10 02 EC 0C 00 00 05 08 
00 FF FF 00 10 0D 22 93 00 00 02 00 00 10 02 F1 0C 00 00 06 C9 
00 FF FF 00 10 0D 22 93 00 00 02 00 00 10 02 F2 0C 00 00 04 21 
00 FF FF 00 10 0D 22 93 00 00 02 00 00 10 02 F7 0C 00 00 04 65 
00 FF FF 00 10 0D 22 93 00 00 02 00 00 10 02 FC 0C 00 00 05 F0 
00 FF FF 00 10 0D 22 93 00 00 02 00 00 10 02 FD 0C 00 00 09 AD 
00 FF FF 00 10 0D 22 93 00 00 02 00 00 10 03 02 0C 00 00 04 E7 
00 FF FF 00 10 0D 22 93 00 00 02 00 00 10 03 07 0C 00 00 05 66 
00 FF FF 00 10 0D 22 93 00 00 02 00 00 10 03 10 0C 00 00 05 11 
00 FF FF 00 10 0D 22 93 00 00 02 00 00 10 03 19 0C 00 00 06 DD 
00 FF FF 00 10 0D 22 93 00 00 02 00 00 10 03 26 0C 00 00 07 5F 
00 FF FF 00 10 0D 22 93 00 00 02 00 00 10 03 2B 0C 00 00 03 D1 
00 FF FF 00 10 0D 22 93 00 00 02 00 00 10 03 30 0C 00 00 06 FC 
00 FF FF 00 10 0D 22 93 00 00 02 00 00 10 03 35 0C 00 00 03 16 
00 FF FF 00 10 0D 22 93 00 00 02 00 00 10 03 36 0C 00 00 03 BC 
00 FF FF 00 10 0D 22 93 00 00 02 00 00 10 03 40 0C 00 00 02 52 
00 FF FF 00 10 0D 22 93 00 00 02 00 00 10 03 45 0C 00 00 08 50 
00 FF FF 00 10 0D 22 93 00 00 02 00 00 10 03 4A 0C 00 00 03 DE 
00 FF FF 00 10 0D 22 93 00 00 02 00 00 10 03 4B 0C 00 00 05 93 
00 FF FF 00 10 0D 22 93 00 00 02 00 00 10 03 4C 0C 00 00 03 76 
00 FF FF 00 10 0D 22 93 00 00 02 00 00 10 03 51 0C 00 00 05 64 
00 FF FF 00 10 0D 22 93 00 00 02 00 00 10 03 56 0C 00 00 06 C4 
00 FF FF 00 10 0D 22 93 00 00 02 00 00 10 03 5B 0C 00 00 09 28 
00 FF FF 00 10 0D 22 93 00 00 02 00 00 10 03 5C 0C 00 00 03 83 
00 FF FF 00 10 0D 22 93 00 00 02 00 00 10 03 65 0C 00 00 04 D1 
00 FF FF 00 10 0D 22 93 00 00 02 00 00 10 03 6A 0C 00 00 04 14 
00 FF FF 00 10 0D 22 93 00 00 02 00 00 10 03 77 0C 00 00 04 8C 
00 FF FF 00 10 0D 22 93 00 00 02 00 00 10 03 7C 0C 00 00 08 0B 
00 FF FF 00 10 0D 22 93 00 00 02 00 00 10 03 85 0C 00 00 07 0B 
00 FF FF 00 10 0D 22 93 00 00 02 00 00 10 03 8A 0C 00 00 04 AC 
00 FF FF 00 10 0D 22 93 00 00 02 00 00 10 03 93 0C 00 00 06 07 
00 FF FF 00 10 0D 22 93 00 00 02 00 00 10 03 98 0C 00 00 04 2D 
00 FF FF 00 10 0D 22 93 00 00 02 00 00 10 03 A1 0C 00 00 03 9C 
00 FF FF 00 10 0D 22 93 00 00 02 00 00 10 03 B6 0C 00 00 04 70 
00 FF FF 00 10 0D 22 93 00 00 02 00 00 10 03 C3 0C 00 00 06 04 
00 FF FF 00 10 0D 22 93 00 00 02 00 00 10 03 CD 0C 00 00 04 D6 
00 FF FF 00 10 0D 22 93 00 00 02 00 00 10 03 D2 0C 00 00 08 4C 
00 FF FF 00 10 0D 22 93 00 00 02 00 00 10 03 D7 0C 00 00 04 CE 
00 FF FF 00 10 0D 22 93 00 00 02 00 00 10 03 DC 0C 00 00 03 9A 
00 FF FF 00 10 0D 22 93 00 00 02 00 00 10 03 DD 0C 00 00 04 B3 
00 FF FF 00 10 0D 22 93 00 00 02 00 00 10 03 EA 0C 00 00 08 CE 
00 FF FF 00 10 0D 22 93 00 00 02 00 00 10 03 F3 0C 00 00 08 2D 
00 FF FF 00 10 0D 22 93 00 00 02 00 00 10 03 F8 0C 00 00 05 F2 
00 FF FF 00 10 0D 22 93 00 00 02 00 00 10 03 F9 0C 00 00 0A 66 
00 FF FF 00 10 0D 22 93 00 00 02 00 00 10 03 FE 0C 00 00 05 91 
00 FF FF 00 10 0D 22 93 00 00 02 00 00 10 04 07 0C 00 00 07 51 
00 FF FF 00 10 0D 22 93 00 00 02 00 00 10 04 0C 0C 00 00 08 C0 
00 FF FF 00 10 0D 22 93 00 00 02 00 00 10 04 11 0C 00 00 04 83 
00 FF FF 00 10 0D 22 93 00 00 02 00 00 10 04 12 0C 00 00 03 A9 
00 FF FF 00 10 0D 22 93 00 00 02 00 00 10 04 17 0C 00 00 02 6D 
00 FF FF 00 10 0D 22 93 00 00 02 00 00 10 04 20 0C 00 00 04 4E 
00 FF FF 00 10 0D 22 93 00 00 02 00 00 10 04 25 0C 00 00 03 DC 
00 FF FF 00 10 0D 22 93 00 00 02 00 00 10 04 2A 0C 00 00 04 F3 
00 FF FF 00 10 0D 22 93 00 00 02 00 00 10 04 33 0C 00 00 03 C3 
00 FF FF 00 10 0D 22 93 00 00 02 00 00 10 04 38 0C 00 00 03 A4 
00 FF FF 00 10 0D 22 93 00 00 02 00 00 10 04 39 0C 00 00 05 80 
00 FF FF 00 10 0D 22 93 00 00 02 00 00 10 04 3E 0C 00 00 03 CE 
00 FF FF 00 10 0D 22 93 00 00 02 00 00 10 04 43 0C 00 00 04 48 
00 FF FF 00 10 0D 22 93 00 00 02 00 00 10 04 44 0C 00 00 05 D7 
00 FF FF 00 10 0D 22 93 00 00 02 00 00 10 04 49 0C 00 00 03 4A 
00 FF FF 00 10 0D 22 93 00 00 02 00 00 10 04 52 0C 00 00 04 9E 
00 FF FF 00 10 0D 22 93 00 00 02 00 00 10 04 53 0C 00 00 05 02 
00 FF FF 00 10 0D 22 93 00 00 02 00 00 10 04 60 0C 00 00 04 45 
00 FF FF 00 10 0D 22 93 00 00 02 00 00 10 04 65 0C 00 00 02 3F 
00 FF FF 00 10 0D 22 93 00 00 02 00 00 10 04 6A 0C 00 00 05 9E 
00 FF FF 00 10 0D 22 93 00 00 02 00 00 10 04 6F 0C 00 00 04 8C 
00 FF FF 00 10 0D 22 93 00 00 02 00 00 10 04 70 0C 00 00 05 3E 
00 FF FF 00 10 0D 22 93 00 00 02 00 00 10 04 7D 0C 00 00 05 E3 
00 FF FF 00 10 0D 22 93 00 00 02 00 00 10 04 82 0C 00 00 06 F0 
00 FF FF 00 10 0D 22 93 00 00 02 00 00 10 04 83 0C 00 00 04 6E 
00 FF FF 00 10 0D 22 93 00 00 02 00 00 10 04 88 0C 00 00 03 36 
00 FF FF 00 10 0D 22 93 00 00 02 00 00 10 04 89 0C 00 00 05 37 
00 FF FF 00 10 0D 22 93 00 00 02 00 00 10 04 96 0C 00 00 02 27 
00 FF FF 00 10 0D 22 93 00 00 02 00 00 10 04 9B 0C 00 00 05 3E 
00 FF FF 00 10 0D 22 93 00 00 02 00 00 10 04 A0 0C 00 00 05 60 
00 FF FF 00 10 0D 22 93 00 00 02 00 00 10 04 A9 0C 00 00 03 D9 
00 FF FF 00 10 0D 22 93 00 00 02 00 00 10 04 AE 0C 00 00 04 D6 
00 FF FF 00 10 0D 22 93 00 00 02 00 00 10 04 B7 0C 00 00 06 94 
00 FF FF 00 10 0D 22 93 00 00 02 00 00 10 04 B8 0C 00 00 04 B2 
00 FF FF 00 10 0D 22 93 00 00 02 00 00 10 04 BD 0C 00 00 04 31 
00 FF FF 00 10 0D 22 93 00 00 02 00 00 10 04 C2 0C 00 00 06 37 
00 FF FF 00 10 0D 22 93 00 00 02 00 00 10 04 D3 0C 00 00 06 7A 
00 FF FF 00 10 0D 22 93 00 00 02 00 00 10 04 E0 0C 00 00 07 E0 
00 FF FF 00 10 0D 22 93 00 00 02 00 00 10 04 E5 0C 00 00 06 04 
00 FF FF 00 10 0D 22 93 00 00 02 00 00 10 04 EE 0C 00 00 01 52 
00 FF FF 00 10 0D 22 93 00 00 02 00 00 10 04 FB 0C 00 00 02 EE 
00 FF FF 00 10 0D 22 93 00 00 02 00 00 10 05 00 0C 00 00 06 8F 
00 FF FF 00 10 0D 22 93 00 00 02 00 00 10 05 05 0C 00 00 03 FB 
00 FF FF 00 10 0D 22 93 00 00 02 00 00 10 05 0A 0C 00 00 03 24 
00 FF FF 00 10 0D 22 93 00 00 02 00 00 10 05 0F 0C 00 00 02 94 
00 FF FF 00 10 0D 22 93 00 00 02 00 00 10 05 14 0C 00 00 01 4E 
00 FF FF 00 10 0D 22 93 00 00 02 00 00 10 05 21 0C 00 00 03 7C 
00 FF FF 00 10 0D 22 93 00 00 02 00 00 10 05 22 0C 00 00 07 ED 
00 FF FF 00 10 0D 22 93 00 00 02 00 00 10 05 27 0C 00 00 04 C1 
00 FF FF 00 10 0D 22 93 00 00 02 00 00 10 05 2C 0C 00 00 06 16 
00 FF FF 00 10 0D 22 93 00 00 02 00 00 10 05 31 0C 00 00 04 75 
00 FF FF 00 10 0D 22 93 00 00 02 00 00 10 05 36 0C 00 00 03 BC 
00 FF FF 00 10 0D 22 93 00 00 02 00 00 10 05 3F 0C 00 00 05 E8 
00 FF FF 00 10 0D 22 93 00 00 02 00 00 10 05 40 0C 00 00 05 DC 
00 FF FF 00 10 0D 22 93 00 00 02 00 00 10 05 49 0C 00 00 04 53 
00 FF FF 00 10 0D 22 93 00 00 02 00 00 10 05 4E 0C 00 00 05 D0 
00 FF FF 00 10 0D 22 93 00 00 02 00 00 10 05 4F 0C 00 00 09 9B 
00 FF FF 00 10 0D 22 93 00 00 02 00 00 10 05 5C 0C 00 00 06 6C 
00 FF FF 00 10 0D 22 93 00 00 02 00 00 10 05 61 0C 00 00 03 BC 
00 FF FF 00 10 0D 22 93 00 00 02 00 00 10 05 66 0C 00 00 02 39 
00 FF FF 00 10 0D 22 93 00 00 02 00 00 10 05 6B 0C 00 00 02 69 
00 FF FF 00 10 0D 22 93 00 00 02 00 00 10 05 70 0C 00 00 04 C8 
00 FF FF 00 10 0D 22 93 00 00 02 00 00 10 05 75 0C 00 00 03 65 
00 FF FF 00 10 0D 22 93 00 00 02 00 00 10 05 7A 0C 00 00 03 52 
00 FF FF 00 10 0D 22 93 00 00 02 00 00 10 05 7B 0C 00 00 02 88 
00 FF FF 00 10 0D 22 93 00 00 02 00 00 10 05 80 0C 00 00 05 CF 
00 FF FF 00 10 0D 22 93 00 00 02 00 00 10 05 89 0C 00 00 02 F1 
00 FF FF 00 10 0D 22 93 00 00 02 00 00 10 05 8E 0C 00 00 07 84 
00 FF FF 00 10 0D 22 93 00 00 02 00 00 10 05 8F 0C 00 00 06 08 
00 FF FF 00 10 0D 22 93 00 00 02 00 00 10 05 98 0C 00 00 03 F5 
00 FF FF 00 10 0D 22 93 00 00 02 00 00 10 05 9D 0C 00 00 06 F3 
00 FF FF 00 10 0D 22 93 00 00 02 00 00 10 05 A2 0C 00 00 05 95 
00 FF FF 00 10 0D 22 93 00 00 02 00 00 10 05 A7 0C 00 00 05 50 
00 FF FF 00 10 0D 22 93 00 00 02 00 00 10 05 AC 0C 00 00 05 69 
00 FF FF 00 10 0D 22 93 00 00 02 00 00 10 05 B1 0C 00 00 05 2F 
00 FF FF 00 10 0D 22 93 00 00 02 00 00 10 05 B6 0C 00 00 05 0F 
00 FF FF 00 10 0D 22 93 00 00 02 00 00 10 05 BB 0C 00 00 04 AE 
00 FF FF 00 10 0D 22 93 00 00 02 00 00 10 05 BC 0C 00 00 03 B7 
00 FF FF 00 10 0D 22 93 00 00 02 00 00 10 05 C1 0C 00 00 04 1E 
00 FF FF 00 10 0D 22 93 00 00 02 00 00 10 05 C6 0C 00 00 07 1F 
00 FF FF 00 10 0D 22 93 00 00 02 00 00 10 05 CB 0C 00 00 03 A3 
00 FF FF 00 10 0D 22 93 00 00 02 00 00 10 05 D0 0C 00 00 04 36 
00 FF FF 00 10 0D 22 93 00 00 02 00 00 10 05 D5 0C 00 00 04 1C 
00 FF FF 00 10 0D 22 93 00 00 02 00 00 10 05 DA 0C 00 00 04 0F 
00 FF FF 00 10 0D 22 93 00 00 02 00 00 10 05 E7 0C 00 00 06 F7 
00 FF FF 00 10 0D 22 93 00 00 02 00 00 10 05 EC 0C 00 00 03 9F 
00 FF FF 00 10 0D 22 93 00 00 02 00 00 10 05 F1 0C 00 00 05 6E 
00 FF FF 00 10 0D 22 93 00 00 02 00 00 10 05 F6 0C 00 00 02 71 
00 FF FF 00 10 0D 22 93 00 00 02 00 00 10 05 FB 0C 00 00 06 33 
00 FF FF 00 10 0D 22 93 00 00 02 00 00 10 06 00 0C 00 00 02 F6 
00 FF FF 00 10 0D 22 93 00 00 02 00 00 10 06 09 0C 00 00 05 A7 
00 FF FF 00 10 0D 22 93 00 00 02 00 00 10 06 0F 0C 00 00 07 9D 
00 FF FF 00 10 0D 22 93 00 00 02 00 00 10 06 1C 0C 00 00 03 09 
00 FF FF 00 10 0D 22 93 00 00 02 00 00 10 06 1D 0C 00 00 03 7F 
00 FF FF 00 10 0D 22 93 00 00 02 00 00 10 06 22 0C 00 00 05 F7 
00 FF FF 00 10 0D 22 93 00 00 02 00 00 10 06 27 0C 00 00 04 35 
00 FF FF 00 10 0D 22 93 00 00 02 00 00 10 06 2C 0C 00 00 03 F8 
00 FF FF 00 10 0D 22 93 00 00 02 00 00 10 06 31 0C 00 00 03 F9 
00 FF FF 00 10 0D 22 93 00 00 02 00 00 10 06 36 0C 00 00 07 4C 
00 FF FF 00 10 0D 22 93 00 00 02 00 00 10 06 47 0C 00 00 07 3B 
00 FF FF 00 10 0D 22 93 00 00 02 00 00 10 06 50 0C 00 00 03 54 
00 FF FF 00 10 0D 22 93 00 00 02 00 00 10 06 51 0C 00 00 03 27 
00 FF FF 00 10 0D 22 93 00 00 02 00 00 10 06 56 0C 00 00 03 A8 
00 FF FF 00 10 0D 22 93 00 00 02 00 00 10 06 5B 0C 00 00 05 52 
00 FF FF 00 10 0D 22 93 00 00 02 00 00 10 06 60 0C 00 00 03 A1 
00 FF FF 00 10 0D 22 93 00 00 02 00 00 10 06 61 0C 00 00 06 67 
00 FF FF 00 10 0D 22 93 00 00 02 00 00 10 06 62 0C 00 00 01 69 
00 FF FF 00 10 0D 22 93 00 00 02 00 00 10 06 63 0C 00 00 02 F4 
00 FF FF 00 10 0D 22 93 00 00 02 00 00 10 06 68 0C 00 00 03 97 
00 FF FF 00 10 0D 22 93 00 00 02 00 00 10 06 69 0C 00 00 07 35 
00 FF FF 00 10 0D 22 93 00 00 02 00 00 10 06 6E 0C 00 00 03 23 
00 FF FF 00 10 0D 22 93 00 00 02 00 00 10 06 7F 0C 00 00 04 6D 
00 FF FF 00 10 0D 22 93 00 00 02 00 00 10 06 84 0C 00 00 04 DD 
00 FF FF 00 10 0D 22 93 00 00 02 00 00 10 06 89 0C 00 00 06 5E 
00 FF FF 00 10 0D 22 93 00 00 02 00 00 10 06 92 0C 00 00 03 4F 
00 FF FF 00 10 0D 22 93 00 00 02 00 00 10 06 97 0C 00 00 05 93 
00 FF FF 00 10 0D 22 93 00 00 02 00 00 10 06 98 0C 00 00 03 DD 
00 FF FF 00 10 0D 22 93 00 00 02 00 00 10 06 A1 0C 00 00 04 21 
00 FF FF 00 10 0D 22 93 00 00 02 00 00 10 06 A2 0C 00 00 05 0E 
00 FF FF 00 10 0D 22 93 00 00 02 00 00 10 06 AB 0C 00 00 03 98 
00 FF FF 00 10 0D 22 93 00 00 02 00 00 10 06 AC 0C 00 00 02 EA 
00 FF FF 00 10 0D 22 93 00 00 02 00 00 10 06 B1 0C 00 00 05 B9 
00 FF FF 00 10 0D 22 93 00 00 02 00 00 10 06 BA 0C 00 00 04 4D 
00 FF FF 00 10 0D 22 93 00 00 02 00 00 10 06 BF 0C 00 00 04 CB 
00 FF FF 00 10 0D 22 93 00 00 02 00 00 10 06 C4 0C 00 00 03 8E 
00 FF FF 00 10 0D 22 93 00 00 02 00 00 10 06 C5 0C 00 00 05 56 
00 FF FF 00 10 0D 22 93 00 00 02 00 00 10 06 CA 0C 00 00 03 64 
00 FF FF 00 10 0D 22 93 00 00 02 00 00 10 06 D7 0C 00 00 04 7C 
00 FF FF 00 10 0D 22 93 00 00 02 00 00 10 06 E4 0C 00 00 04 CD 
00 FF FF 00 10 0D 22 93 00 00 02 00 00 10 06 E9 0C 00 00 05 5D 
00 FF FF 00 10 0D 22 93 00 00 02 00 00 10 06 EE 0C 00 00 07 A4 
00 FF FF 00 10 0D 22 93 00 00 02 00 00 10 06 F3 0C 00 00 05 6B 
00 FF FF 00 10 0D 22 93 00 00 02 00 00 10 06 FC 0C 00 00 03 6C 
00 FF FF 00 10 0D 22 93 00 00 02 00 00 10 07 09 0C 00 00 05 9D 
00 FF FF 00 10 0D 22 93 00 00 02 00 00 10 07 0E 0C 00 00 03 D0 
00 FF FF 00 10 0D 22 93 00 00 02 00 00 10 07 13 0C 00 00 04 A2 
00 FF FF 00 10 0D 22 93 00 00 02 00 00 10 07 18 0C 00 00 03 5F 
00 FF FF 00 10 0D 22 93 00 00 02 00 00 10 07 19 0C 00 00 04 37 
00 FF FF 00 10 0D 22 93 00 00 02 00 00 10 07 1A 0C 00 00 05 DC 
00 FF FF 00 10 0D 22 93 00 00 02 00 00 10 07 23 0C 00 00 05 2F 
00 FF FF 00 10 0D 22 93 00 00 02 00 00 10 07 24 0C 00 00 03 8C 
00 FF FF 00 10 0D 22 93 00 00 02 00 00 10 07 25 0C 00 00 04 8B 
00 FF FF 00 10 0D 22 93 00 00 02 00 00 10 07 2E 0C 00 00 03 95 
00 FF FF 00 10 0D 22 93 00 00 02 00 00 10 07 33 0C 00 00 05 67 
00 FF FF 00 10 0D 22 93 00 00 02 00 00 10 07 38 0C 00 00 03 9F 
00 FF FF 00 10 0D 22 93 00 00 02 00 00 10 07 3D 0C 00 00 04 AB 
00 FF FF 00 10 0D 22 93 00 00 02 00 00 10 07 42 0C 00 00 05 ED 
00 FF FF 00 10 0D 22 93 00 00 02 00 00 10 07 43 0C 00 00 03 92 
00 FF FF 00 10 0D 22 93 00 00 02 00 00 10 07 44 0C 00 00 04 D1 
00 FF FF 00 10 0D 22 93 00 00 02 00 00 10 07 4D 0C 00 00 03 4C 
00 FF FF 00 10 0D 22 93 00 00 02 00 00 10 07 5E 0C 00 00 04 E1 
00 FF FF 00 10 0D 22 93 00 00 02 00 00 10 07 63 0C 00 00 05 05 
00 FF FF 00 10 0D 22 93 00 00 02 00 00 10 07 6C 0C 00 00 05 63 
00 FF FF 00 10 0D 22 93 00 00 02 00 00 10 07 6D 0C 00 00 05 7B 
00 FF FF 00 10 0D 22 93 00 00 02 00 00 10 07 72 0C 00 00 02 2A 
00 FF FF 00 10 0D 22 93 00 00 02 00 00 10 07 7B 0C 00 00 03 27 
00 FF FF 00 10 0D 22 93 00 00 02 00 00 10 07 80 0C 00 00 05 AA 
00 FF FF 00 10 0D 22 93 00 00 02 00 00 10 07 85 0C 00 00 03 22 
00 FF FF 00 10 0D 22 93 00 00 02 00 00 10 07 86 0C 00 00 03 2B 
00 FF FF 00 10 0D 22 93 00 00 02 00 00 10 07 8F 0C 00 00 05 DC 
00 FF FF 00 10 0D 22 93 00 00 02 00 00 10 07 94 0C 00 00 06 9D 
00 FF FF 00 10 0D 22 93 00 00 02 00 00 10 07 95 0C 00 00 03 0A 
00 FF FF 00 10 0D 22 93 00 00 02 00 00 10 07 9A 0C 00 00 04 0C 
00 FF FF 00 10 0D 22 93 00 00 02 00 00 10 07 AB 0C 00 00 05 D8 
00 FF FF 00 10 0D 22 93 00 00 02 00 00 10 07 B0 0C 00 00 06 DB 
00 FF FF 00 10 0D 22 93 00 00 02 00 00 10 07 B9 0C 00 00 01 E2 
00 FF FF 00 10 0D 22 93 00 00 02 00 00 10 07 BA 0C 00 00 03 C0 
00 FF FF 00 10 0D 22 93 00 00 02 00 00 10 07 BF 0C 00 00 03 A4 
00 FF FF 00 10 0D 22 93 00 00 02 00 00 10 07 C4 0C 00 00 04 4B 
00 FF FF 00 10 0D 22 93 00 00 02 00 00 10 07 CD 0C 00 00 04 DD 
00 FF FF 00 10 0D 22 93 00 00 02 00 00 10 07 D6 0C 00 00 04 C8 
00 FF FF 00 10 0D 22 93 00 00 02 00 00 10 07 DB 0C 00 00 04 22 
00 FF FF 00 10 0D 22 93 00 00 02 00 00 10 07 E0 0C 00 00 05 22 
00 FF FF 00 10 0D 22 93 00 00 02 00 00 10 07 EA 0C 00 00 02 62 
00 FF FF 00 10 0D 22 93 00 00 02 00 00 10 07 EB 0C 00 00 06 BF 
00 FF FF 00 10 0D 22 93 00 00 02 00 00 10 07 F4 0C 00 00 06 51 
00 FF FF 00 10 0D 22 93 00 00 02 00 00 10 07 F9 0C 00 00 05 58 
00 FF FF 00 10 0D 22 93 00 00 02 00 00 10 07 FA 0C 00 00 04 82 
00 FF FF 00 10 0D 22 93 00 00 02 00 00 10 07 FF 0C 00 00 0A 76 
00 FF FF 00 10 0D 22 93 00 00 02 00 00 10 08 00 0C 00 00 09 63 
00 FF FF 00 10 0D 22 93 00 00 02 00 00 10 08 01 0C 00 00 04 94 
00 FF FF 00 10 0D 22 93 00 00 02 00 00 10 08 06 0C 00 00 04 FC 
00 FF FF 00 10 0D 22 93 00 00 02 00 00 10 08 0B 0C 00 00 07 44 
00 FF FF 00 10 0D 22 93 00 00 02 00 00 10 08 10 0C 00 00 03 CD 
00 FF FF 00 10 0D 22 93 00 00 02 00 00 10 08 11 0C 00 00 05 2A 
00 FF FF 00 10 0D 22 93 00 00 02 00 00 10 08 1A 0C 00 00 04 06 
00 FF FF 00 10 0D 22 93 00 00 02 00 00 10 08 1F 0C 00 00 05 F1 
00 FF FF 00 10 0D 22 93 00 00 02 00 00 10 08 28 0C 00 00 05 2B 
00 FF FF 00 10 0D 22 93 00 00 02 00 00 10 08 2D 0C 00 00 05 16 
00 FF FF 00 10 0D 22 93 00 00 02 00 00 10 08 36 0C 00 00 03 CE 
00 FF FF 00 10 0D 22 93 00 00 02 00 00 10 08 3B 0C 00 00 08 81 
00 FF FF 00 10 0D 22 93 00 00 02 00 00 10 08 40 0C 00 00 05 40 
00 FF FF 00 10 0D 22 93 00 00 02 00 00 10 08 49 0C 00 00 07 1B 
00 FF FF 00 10 0D 22 93 00 00 02 00 00 10 08 4E 0C 00 00 07 07 
00 FF FF 00 10 0D 22 93 00 00 02 00 00 10 08 58 0C 00 00 05 83 
00 FF FF 00 10 0D 22 93 00 00 02 00 00 10 08 61 0C 00 00 04 32 
00 FF FF 00 10 0D 22 93 00 00 02 00 00 10 08 62 0C 00 00 02 4C 
00 FF FF 00 10 0D 22 93 00 00 02 00 00 10 08 67 0C 00 00 05 A7 
00 FF FF 00 10 0D 22 93 00 00 02 00 00 10 08 74 0C 00 00 04 3E 
00 FF FF 00 10 0D 22 93 00 00 02 00 00 10 08 79 0C 00 00 07 65 
00 FF FF 00 10 0D 22 93 00 00 02 00 00 10 08 7E 0C 00 00 07 A0 
00 FF FF 00 10 0D 22 93 00 00 02 00 00 10 08 87 0C 00 00 05 72 
00 FF FF 00 10 0D 22 93 00 00 02 00 00 10 08 8C 0C 00 00 04 80 
00 FF FF 00 10 0D 22 93 00 00 02 00 00 10 08 91 0C 00 00 04 6B 
00 FF FF 00 10 0D 22 93 00 00 02 00 00 10 08 9F 0C 00 00 03 8C 
00 FF FF 00 10 0D 22 93 00 00 02 00 00 10 08 A4 0C 00 00 06 39 
00 FF FF 00 10 0D 22 93 00 00 02 00 00 10 08 A5 0C 00 00 06 6F 
00 FF FF 00 10 0D 22 93 00 00 02 00 00 10 08 A6 0C 00 00 04 07 
00 FF FF 00 10 0D 22 93 00 00 02 00 00 10 08 AB 0C 00 00 06 4B 
00 FF FF 00 10 0D 22 93 00 00 02 00 00 10 08 B5 0C 00 00 01 F7 
00 FF FF 00 10 0D 22 93 00 00 02 00 00 10 08 BA 0C 00 00 03 0B 
00 FF FF 00 10 0D 22 93 00 00 02 00 00 10 08 C3 0C 00 00 06 20 
00 FF FF 00 10 0D 22 93 00 00 02 00 00 10 08 C8 0C 00 00 04 4C 
00 FF FF 00 10 0D 22 93 00 00 02 00 00 10 08 CD 0C 00 00 07 81 
00 FF FF 00 10 0D 22 93 00 00 02 00 00 10 08 D6 0C 00 00 04 92 
00 FF FF 00 10 0D 22 93 00 00 02 00 00 10 08 D7 0C 00 00 07 B8 
00 FF FF 00 10 0D 22 93 00 00 02 00 00 10 08 E8 0C 00 00 03 7F 
00 FF FF 00 10 0D 22 93 00 00 02 00 00 10 08 ED 0C 00 00 03 F2 
00 FF FF 00 10 0D 22 93 00 00 02 00 00 10 08 FA 0C 00 00 02 48 
00 FF FF 00 10 0D 22 93 00 00 02 00 00 10 08 FF 0C 00 00 03 69 
00 FF FF 00 10 0D 22 93 00 00 02 00 00 10 09 00 0C 00 00 02 5A 
00 FF FF 00 10 0D 22 93 00 00 02 00 00 10 09 05 0C 00 00 03 4F 
00 FF FF 00 10 0D 22 93 00 00 02 00 00 10 09 0A 0C 00 00 05 A1 
00 FF FF 00 10 0D 22 93 00 00 02 00 00 10 09 0F 0C 00 00 06 6A 
00 FF FF 00 10 0D 22 93 00 00 02 00 00 10 09 20 0C 00 00 07 3C 
00 FF FF 00 10 0D 22 93 00 00 02 00 00 10 09 21 0C 00 00 04 DE 
00 FF FF 00 10 0D 22 93 00 00 02 00 00 10 09 3A 0C 00 00 04 73 
00 FF FF 00 10 0D 22 93 00 00 02 00 00 10 09 3F 0C 00 00 05 AC 
00 FF FF 00 10 0D 22 93 00 00 02 00 00 10 09 48 0C 00 00 03 5D 
00 FF FF 00 10 0D 22 93 00 00 02 00 00 10 09 49 0C 00 00 03 15 
00 FF FF 00 10 0D 22 93 00 00 02 00 00 10 09 56 0C 00 00 06 4B 
00 FF FF 00 10 0D 22 93 00 00 02 00 00 10 09 5B 0C 00 00 03 B9 
00 FF FF 00 10 0D 22 93 00 00 02 00 00 10 09 60 0C 00 00 06 24 
00 FF FF 00 10 0D 22 93 00 00 02 00 00 10 09 65 0C 00 00 07 B2 
00 FF FF 00 10 0D 22 93 00 00 02 00 00 10 09 66 0C 00 00 01 92 
00 FF FF 00 10 0D 22 93 00 00 02 00 00 10 09 6F 0C 00 00 04 4F 
00 FF FF 00 10 0D 22 93 00 00 02 00 00 10 09 78 0C 00 00 03 95 
00 FF FF 00 10 0D 22 93 00 00 02 00 00 10 09 79 0C 00 00 05 52 
00 FF FF 00 10 0D 22 93 00 00 02 00 00 10 09 7E 0C 00 00 05 20 
00 FF FF 00 10 0D 22 93 00 00 02 00 00 10 09 83 0C 00 00 04 49 
00 FF FF 00 10 0D 22 93 00 00 02 00 00 10 09 84 0C 00 00 06 64 
00 FF FF 00 10 0D 22 93 00 00 02 00 00 10 09 8D 0C 00 00 04 41 
00 FF FF 00 10 0D 22 93 00 00 02 00 00 10 09 92 0C 00 00 04 3A 
00 FF FF 00 10 0D 22 93 00 00 02 00 00 10 09 9B 0C 00 00 0B C7 
00 FF FF 00 10 0D 22 93 00 00 02 00 00 10 09 A0 0C 00 00 05 6C 
00 FF FF 00 10 0D 22 93 00 00 02 00 00 10 09 A5 0C 00 00 02 6D 
00 FF FF 00 10 0D 22 93 00 00 02 00 00 10 09 AE 0C 00 00 02 29 
00 FF FF 00 10 0D 22 93 00 00 02 00 00 10 09 B7 0C 00 00 04 C8 
00 FF FF 00 10 0D 22 93 00 00 02 00 00 10 09 C1 0C 00 00 02 8D 
00 FF FF 00 10 0D 22 93 00 00 02 00 00 10 09 C2 0C 00 00 02 3D 
00 FF FF 00 10 0D 22 93 00 00 02 00 00 10 09 C7 0C 00 00 05 A4 
00 FF FF 00 10 0D 22 93 00 00 02 00 00 10 09 D0 0C 00 00 03 81 
00 FF FF 00 10 0D 22 93 00 00 02 00 00 10 09 D5 0C 00 00 04 19 
00 FF FF 00 10 0D 22 93 00 00 02 00 00 10 09 DA 0C 00 00 04 84 
00 FF FF 00 10 0D 22 93 00 00 02 00 00 10 09 DF 0C 00 00 07 B2 
00 FF FF 00 10 0D 22 93 00 00 02 00 00 10 09 E4 0C 00 00 0D B6 
00 FF FF 00 10 0D 22 93 00 00 02 00 00 10 09 FD 0C 00 00 03 63 
00 FF FF 00 10 0D 22 93 00 00 02 00 00 10 0A 02 0C 00 00 08 0B 
00 FF FF 00 10 0D 22 93 00 00 02 00 00 10 0A 07 0C 00 00 04 77 
00 FF FF 00 10 0D 22 93 00 00 02 00 00 10 0A 0C 0C 00 00 05 E7 
00 FF FF 00 10 0D 22 93 00 00 02 00 00 10 0A 0D 0C 00 00 05 07 
00 FF FF 00 10 0D 22 93 00 00 02 00 00 10 0A 36 0C 00 00 03 26 
00 FF FF 00 10 0D 22 93 00 00 02 00 00 10 0A 3B 0C 00 00 04 32 
00 FF FF 00 10 0D 22 93 00 00 02 00 00 10 0A 40 0C 00 00 02 5A 
00 FF FF 00 10 0D 22 93 00 00 02 00 00 10 0A 41 0C 00 00 04 F7 
00 FF FF 00 10 0D 22 93 00 00 02 00 00 10 0A 4A 0C 00 00 03 87 
00 FF FF 00 10 0D 22 93 00 00 02 00 00 10 0A 4B 0C 00 00 03 8E 
00 FF FF 00 10 0D 22 93 00 00 02 00 00 10 0A 4C 0C 00 00 02 BD 
00 FF FF 00 10 0D 22 93 00 00 02 00 00 10 0A 59 0C 00 00 03 CF 
00 FF FF 00 10 0D 22 93 00 00 02 00 00 10 0A 67 0C 00 00 06 C0 
00 FF FF 00 10 0D 22 93 00 00 02 00 00 10 0A 6C 0C 00 00 02 50 
00 FF FF 00 10 0D 22 93 00 00 02 00 00 10 0A 71 0C 00 00 03 9B 
00 FF FF 00 10 0D 22 93 00 00 02 00 00 10 0A 72 0C 00 00 04 56 
00 FF FF 00 10 0D 22 93 00 00 02 00 00 10 0A 7F 0C 00 00 04 E4 
00 FF FF 00 10 0D 22 93 00 00 02 00 00 10 0A 84 0C 00 00 07 25 
00 FF FF 00 10 0D 22 93 00 00 02 00 00 10 0A 89 0C 00 00 04 E5 
00 FF FF 00 10 0D 22 93 00 00 02 00 00 10 0A 92 0C 00 00 09 13 
00 FF FF 00 10 0D 22 93 00 00 02 00 00 10 0A A7 0C 00 00 03 4F 
00 FF FF 00 10 0D 22 93 00 00 02 00 00 10 0A AC 0C 00 00 04 23 
00 FF FF 00 10 0D 22 93 00 00 02 00 00 10 0A B9 0C 00 00 03 9E 
00 FF FF 00 10 0D 22 93 00 00 02 00 00 10 0A BE 0C 00 00 03 EB 
00 FF FF 00 10 0D 22 93 00 00 02 00 00 10 0A C7 0C 00 00 03 EC 
00 FF FF 00 10 0D 22 93 00 00 02 00 00 10 0A CC 0C 00 00 05 8A 
00 FF FF 00 10 0D 22 93 00 00 02 00 00 10 0A DD 0C 00 00 03 9E 
00 FF FF 00 10 0D 22 93 00 00 02 00 00 10 0A E2 0C 00 00 03 D1 
00 FF FF 00 10 0D 22 93 00 00 02 00 00 10 0A E7 0C 00 00 04 03 
00 FF FF 00 10 0D 22 93 00 00 02 00 00 10 0A F0 0C 00 00 03 6F 
00 FF FF 00 10 0D 22 93 00 00 02 00 00 10 0A F9 0C 00 00 04 5F 
00 FF FF 00 10 0D 22 93 00 00 02 00 00 10 0A FE 0C 00 00 03 73 
00 FF FF 00 10 0D 22 93 00 00 02 00 00 10 0B 03 0C 00 00 04 B5 
00 FF FF 00 10 0D 22 93 00 00 02 00 00 10 0B 10 0C 00 00 04 08 
00 FF FF 00 10 0D 22 93 00 00 02 00 00 10 0B 15 0C 00 00 02 F7 
00 FF FF 00 10 0D 22 93 00 00 02 00 00 10 0B 16 0C 00 00 03 AB 
00 FF FF 00 10 0D 22 93 00 00 02 00 00 10 0B 1F 0C 00 00 04 9B 
00 FF FF 00 10 0D 22 93 00 00 02 00 00 10 0B 24 0C 00 00 06 6A 
00 FF FF 00 10 0D 22 93 00 00 02 00 00 10 0B 41 0C 00 00 02 D0 
00 FF FF 00 10 0D 22 93 00 00 02 00 00 10 0B 42 0C 00 00 0B 2E 
00 FF FF 00 10 0D 22 93 00 00 02 00 00 10 0B 47 0C 00 00 03 BC 
00 FF FF 00 10 0D 22 93 00 00 02 00 00 10 0B 4C 0C 00 00 03 E2 
00 FF FF 00 10 0D 22 93 00 00 02 00 00 10 0B 6E 0C 00 00 05 EB 
00 FF FF 00 10 0D 22 93 00 00 02 00 00 10 0B 88 0C 00 00 03 54 
00 FF FF 00 10 0D 22 93 00 00 02 00 00 10 0B 91 0C 00 00 06 33 
00 FF FF 00 10 0D 22 93 00 00 02 00 00 10 0B A6 0C 00 00 03 74 
00 FF FF 00 10 0D 22 93 00 00 02 00 00 10 0B AB 0C 00 00 05 BF 
00 FF FF 00 10 0D 22 93 00 00 02 00 00 10 0B B0 0C 00 00 03 74 
00 FF FF 00 10 0D 22 93 00 00 02 00 00 10 0B B5 0C 00 00 03 BD 
00 FF FF 00 10 0D 22 93 00 00 02 00 00 10 0B CA 0C 00 00 07 D8 
00 FF FF 00 10 0D 22 93 00 00 02 00 00 10 0B CF 0C 00 00 02 99 
00 FF FF 00 10 0D 22 93 00 00 02 00 00 10 0B E0 0C 00 00 04 7D 
00 FF FF 00 10 0D 22 93 00 00 02 00 00 10 0B E5 0C 00 00 05 1F 
00 FF FF 00 10 0D 22 93 00 00 02 00 00 10 0B EE 0C 00 00 04 37 
00 FF FF 00 10 0D 22 93 00 00 02 00 00 10 0B F7 0C 00 00 04 B4 
00 FF FF 00 10 0D 22 93 00 00 02 00 00 10 0B FC 0C 00 00 03 CF 
00 FF FF 00 10 0D 22 93 00 00 02 00 00 10 0C 09 0C 00 00 05 3A 
00 FF FF 00 10 0D 22 93 00 00 02 00 00 10 0C 0E 0C 00 00 05 44 
00 FF FF 00 10 0D 22 93 00 00 02 00 00 10 0C 13 0C 00 00 05 ED 
00 FF FF 00 10 0D 22 93 00 00 02 00 00 10 0C 18 0C 00 00 06 6F 
00 FF FF 00 10 0D 22 93 00 00 02 00 00 10 0C 21 0C 00 00 04 4B 
00 FF FF 00 10 0D 22 93 00 00 02 00 00 10 0C 26 0C 00 00 08 A9 
00 FF FF 00 10 0D 22 93 00 00 02 00 00 10 0C 33 0C 00 00 05 F1 
00 FF FF 00 10 0D 22 93 00 00 02 00 00 10 0C 38 0C 00 00 05 41 
00 FF FF 00 10 0D 22 93 00 00 02 00 00 10 0C 39 0C 00 00 04 FC 
00 FF FF 00 10 0D 22 93 00 00 02 00 00 10 0C 3E 0C 00 00 04 25 
00 FF FF 00 10 0D 22 93 00 00 02 00 00 10 0C 3F 0C 00 00 04 63 
00 FF FF 00 10 0D 22 93 00 00 02 00 00 10 0C 44 0C 00 00 06 19 
00 FF FF 00 10 0D 22 93 00 00 02 00 00 10 0C 4D 0C 00 00 08 D1 
00 FF FF 00 10 0D 22 93 00 00 02 00 00 10 0C 52 0C 00 00 04 A4 
00 FF FF 00 10 0D 22 93 00 00 02 00 00 10 0C 5B 0C 00 00 04 77 
00 FF FF 00 10 0D 22 93 00 00 02 00 00 10 0C 64 0C 00 00 05 17 
00 FF FF 00 10 0D 22 93 00 00 02 00 00 10 0C 6D 0C 00 00 02 5D 
00 FF FF 00 10 0D 22 93 00 00 02 00 00 10 0C 72 0C 00 00 04 9A 
00 FF FF 00 10 0D 22 93 00 00 02 00 00 10 0C 7F 0C 00 00 06 F1 
00 FF FF 00 10 0D 22 93 00 00 02 00 00 10 0C 80 0C 00 00 03 82 
00 FF FF 00 10 0D 22 93 00 00 02 00 00 10 0C 85 0C 00 00 04 3A 
00 FF FF 00 10 0D 22 93 00 00 02 00 00 10 0C 86 0C 00 00 06 11 
00 FF FF 00 10 0D 22 93 00 00 02 00 00 10 0C 87 0C 00 00 05 2B 
00 FF FF 00 10 0D 22 93 00 00 02 00 00 10 0C 94 0C 00 00 03 B0 
00 FF FF 00 10 0D 22 93 00 00 02 00 00 10 0C 99 0C 00 00 05 D5 
00 FF FF 00 10 0D 22 93 00 00 02 00 00 10 0C 9E 0C 00 00 0A BB 
00 FF FF 00 10 0D 22 93 00 00 02 00 00 10 0C 9F 0C 00 00 07 96 
00 FF FF 00 10 0D 22 93 00 00 02 00 00 10 0C A8 0C 00 00 04 CB 
00 FF FF 00 10 0D 22 93 00 00 02 00 00 10 0C AD 0C 00 00 07 DE 
00 FF FF 00 10 0D 22 93 00 00 02 00 00 10 0C B6 0C 00 00 03 64 
00 FF FF 00 10 0D 22 93 00 00 02 00 00 10 0C C3 0C 00 00 02 EB 
00 FF FF 00 10 0D 22 93 00 00 02 00 00 10 0C D0 0C 00 00 04 67 
00 FF FF 00 10 0D 22 93 00 00 02 00 00 10 0C D5 0C 00 00 06 BD 
00 FF FF 00 10 0D 22 93 00 00 02 00 00 10 0C DA 0C 00 00 04 F1 
00 FF FF 00 10 0D 22 93 00 00 02 00 00 10 0C DF 0C 00 00 03 54 
00 FF FF 00 10 0D 22 93 00 00 02 00 00 10 0C E8 0C 00 00 03 7E 
00 FF FF 00 10 0D 22 93 00 00 02 00 00 10 0C E9 0C 00 00 05 F4 
00 FF FF 00 10 0D 22 93 00 00 02 00 00 10 0C EA 0C 00 00 05 24 
00 FF FF 00 10 0D 22 93 00 00 02 00 00 10 0C EF 0C 00 00 06 31 
00 FF FF 00 10 0D 22 93 00 00 02 00 00 10 0C F8 0C 00 00 02 A8 
00 FF FF 00 10 0D 22 93 00 00 02 00 00 10 0D 01 0C 00 00 0A 47 
00 FF FF 00 10 0D 22 93 00 00 02 00 00 10 0D 06 0C 00 00 07 94 
00 FF FF 00 10 0D 22 93 00 00 02 00 00 10 0D 0B 0C 00 00 03 E5 
00 FF FF 00 10 0D 22 93 00 00 02 00 00 10 0D 10 0C 00 00 04 E1 
00 FF FF 00 10 0D 22 93 00 00 02 00 00 10 0D 11 0C 00 00 03 3F 
00 FF FF 00 10 0D 22 93 00 00 02 00 00 10 0D 1A 0C 00 00 07 2D 
00 FF FF 00 10 0D 22 93 00 00 02 00 00 10 0D 1F 0C 00 00 05 B6 
00 FF FF 00 10 0D 22 93 00 00 02 00 00 10 0D 24 0C 00 00 08 56 
00 FF FF 00 10 0D 22 93 00 00 02 00 00 10 0D 25 0C 00 00 04 EE 
00 FF FF 00 10 0D 22 93 00 00 02 00 00 10 0D 2A 0C 00 00 06 80 
00 FF FF 00 10 0D 22 93 00 00 02 00 00 10 0D 2F 0C 00 00 04 B0 
00 FF FF 00 10 0D 22 93 00 00 02 00 00 10 0D 34 0C 00 00 02 ED 
00 FF FF 00 10 0D 22 93 00 00 02 00 00 10 0D 39 0C 00 00 03 30 
00 FF FF 00 10 0D 22 93 00 00 02 00 00 10 0D 3E 0C 00 00 04 5E 
00 FF FF 00 10 0D 22 93 00 00 02 00 00 10 0D 43 0C 00 00 03 F6 
00 FF FF 00 10 0D 22 93 00 00 02 00 00 10 0D 54 0C 00 00 08 E5 
00 FF FF 00 10 0D 22 93 00 00 02 00 00 10 0D 5D 0C 00 00 07 7E 
00 FF FF 00 10 0D 22 93 00 00 02 00 00 10 0D 5E 0C 00 00 06 3C 
00 FF FF 00 10 0D 22 93 00 00 02 00 00 10 0D 63 0C 00 00 04 B6 
00 FF FF 00 10 0D 22 93 00 00 02 00 00 10 0D 6C 0C 00 00 03 C5 
00 FF FF 00 10 0D 22 93 00 00 02 00 00 10 0D 71 0C 00 00 05 FD 
00 FF FF 00 10 0D 22 93 00 00 02 00 00 10 0D 72 0C 00 00 03 EB 
00 FF FF 00 10 0D 22 93 00 00 02 00 00 10 0D 77 0C 00 00 06 68 
00 FF FF 00 10 0D 22 93 00 00 02 00 00 10 0D 80 0C 00 00 08 01 
00 FF FF 00 10 0D 22 93 00 00 02 00 00 10 0D 85 0C 00 00 05 DA 
00 FF FF 00 10 0D 22 93 00 00 02 00 00 10 0D 8E 0C 00 00 04 3C 
00 FF FF 00 10 0D 22 93 00 00 02 00 00 10 0D 97 0C 00 00 05 0D 
00 FF FF 00 10 0D 22 93 00 00 02 00 00 10 0D A0 0C 00 00 05 47 
00 FF FF 00 10 0D 22 93 00 00 02 00 00 10 0D A5 0C 00 00 04 88 
00 FF FF 00 10 0D 22 93 00 00 02 00 00 10 0D A6 0C 00 00 03 7D 
00 FF FF 00 10 0D 22 93 00 00 02 00 00 10 0D AF 0C 00 00 04 F6 
00 FF FF 00 10 0D 22 93 00 00 02 00 00 10 0D B4 0C 00 00 03 9E 
00 FF FF 00 10 0D 22 93 00 00 02 00 00 10 0D C1 0C 00 00 06 DD 
00 FF FF 00 10 0D 22 93 00 00 02 00 00 10 0D CA 0C 00 00 01 F5 
00 FF FF 00 10 0D 22 93 00 00 02 00 00 10 0D CF 0C 00 00 03 BC 
00 FF FF 00 10 0D 22 93 00 00 02 00 00 10 0D D0 0C 00 00 05 2C 
00 FF FF 00 10 0D 22 93 00 00 02 00 00 10 0D D5 0C 00 00 05 4C 
00 FF FF 00 10 0D 22 93 00 00 02 00 00 10 0D DA 0C 00 00 05 11 
00 FF FF 00 10 0D 22 93 00 00 02 00 00 10 0D E3 0C 00 00 03 B6 
00 FF FF 00 10 0D 22 93 00 00 02 00 00 10 0D E4 0C 00 00 04 C0 
00 FF FF 00 10 0D 22 93 00 00 02 00 00 10 0D E5 0C 00 00 04 C7 
00 FF FF 00 10 0D 22 93 00 00 02 00 00 10 0D E6 0C 00 00 06 71 
00 FF FF 00 10 0D 22 93 00 00 02 00 00 10 0D EF 0C 00 00 04 FF 
00 FF FF 00 10 0D 22 93 00 00 02 00 00 10 0D F0 0C 00 00 04 37 
00 FF FF 00 10 0D 22 93 00 00 02 00 00 10 0D F5 0C 00 00 03 7E 
00 FF FF 00 10 0D 22 93 00 00 02 00 00 10 0D FA 0C 00 00 04 3B 
00 FF FF 00 10 0D 22 93 00 00 02 00 00 10 0D FF 0C 00 00 04 6D 
00 FF FF 00 10 0D 22 93 00 00 02 00 00 10 0E 04 0C 00 00 04 79 
00 FF FF 00 10 0D 22 93 00 00 02 00 00 10 0E 0A 0C 00 00 05 2A 
00 FF FF 00 10 0D 22 93 00 00 02 00 00 10 0E 0F 0C 00 00 03 DB 
00 FF FF 00 10 0D 22 93 00 00 02 00 00 10 0E 18 0C 00 00 04 6F 
00 FF FF 00 10 0D 22 93 00 00 02 00 00 10 0E 19 0C 00 00 03 C4 
00 FF FF 00 10 0D 22 93 00 00 02 00 00 10 0E 1E 0C 00 00 03 5A 
00 FF FF 00 10 0D 22 93 00 00 02 00 00 10 0E 23 0C 00 00 03 0B 
00 FF FF 00 10 0D 22 93 00 00 02 00 00 10 0E 28 0C 00 00 05 79 
00 FF FF 00 10 0D 22 93 00 00 02 00 00 10 0E 2D 0C 00 00 06 3F 
00 FF FF 00 10 0D 22 93 00 00 02 00 00 10 0E 32 0C 00 00 05 AC 
00 FF FF 00 10 0D 22 93 00 00 02 00 00 10 0E 37 0C 00 00 03 8C 
00 FF FF 00 10 0D 22 93 00 00 02 00 00 10 0E 40 0C 00 00 06 60 
00 FF FF 00 10 0D 22 93 00 00 02 00 00 10 0E 45 0C 00 00 05 C4 
00 FF FF 00 10 0D 22 93 00 00 02 00 00 10 0E 46 0C 00 00 06 4E 
00 FF FF 00 10 0D 22 93 00 00 02 00 00 10 0E 4B 0C 00 00 02 4E 
00 FF FF 00 10 0D 22 93 00 00 02 00 00 10 0E 50 0C 00 00 04 BD 
00 FF FF 00 10 0D 22 93 00 00 02 00 00 10 0E 55 0C 00 00 05 2B 
00 FF FF 00 10 0D 22 93 00 00 02 00 00 10 0E 5A 0C 00 00 05 8D 
00 FF FF 00 10 0D 22 93 00 00 02 00 00 10 0E 63 0C 00 00 05 21 
00 FF FF 00 10 0D 22 93 00 00 02 00 00 10 0E 6C 0C 00 00 04 B8 
00 FF FF 00 10 0D 22 93 00 00 02 00 00 10 0E 75 0C 00 00 05 49 
00 FF FF 00 10 0D 22 93 00 00 02 00 00 10 0E 76 0C 00 00 04 A7 
00 FF FF 00 10 0D 22 93 00 00 02 00 00 10 0E 7F 0C 00 00 03 D5 
00 FF FF 00 10 0D 22 93 00 00 02 00 00 10 0E 80 0C 00 00 06 5C 
00 FF FF 00 10 0D 22 93 00 00 02 00 00 10 0E 85 0C 00 00 03 0A 
00 FF FF 00 10 0D 22 93 00 00 02 00 00 10 0E 8A 0C 00 00 03 34 
00 FF FF 00 10 0D 22 93 00 00 02 00 00 10 0E 8F 0C 00 00 05 36 
00 FF FF 00 10 0D 22 93 00 00 02 00 00 10 0E 9D 0C 00 00 06 81 
00 FF FF 00 10 0D 22 93 00 00 02 00 00 10 0E 9E 0C 00 00 04 D3 
00 FF FF 00 10 0D 22 93 00 00 02 00 00 10 0E A3 0C 00 00 04 15 
00 FF FF 00 10 0D 22 93 00 00 02 00 00 10 0E A8 0C 00 00 05 79 
00 FF FF 00 10 0D 22 93 00 00 02 00 00 10 0E B1 0C 00 00 05 F3 
00 FF FF 00 10 0D 22 93 00 00 02 00 00 10 0E B2 0C 00 00 04 8E 
00 FF FF 00 10 0D 22 93 00 00 02 00 00 10 0E BF 0C 00 00 02 EE 
00 FF FF 00 10 0D 22 93 00 00 02 00 00 10 0E C4 0C 00 00 06 4D 
00 FF FF 00 10 0D 22 93 00 00 02 00 00 10 0E C9 0C 00 00 06 8D 
00 FF FF 00 10 0D 22 93 00 00 02 00 00 10 0E CA 0C 00 00 03 47 
00 FF FF 00 10 0D 22 93 00 00 02 00 00 10 0E CB 0C 00 00 04 5D 
00 FF FF 00 10 0D 22 93 00 00 02 00 00 10 0E D8 0C 00 00 02 79 
00 FF FF 00 10 0D 22 93 00 00 02 00 00 10 0E DD 0C 00 00 02 F5 
00 FF FF 00 10 0D 22 93 00 00 02 00 00 10 0E DE 0C 00 00 04 D8 
00 FF FF 00 10 0D 22 93 00 00 02 00 00 10 0E DF 0C 00 00 03 18 
00 FF FF 00 10 0D 22 93 00 00 02 00 00 10 0E E4 0C 00 00 04 B1 
00 FF FF 00 10 0D 22 93 00 00 02 00 00 10 0E E9 0C 00 00 04 C0 
00 FF FF 00 10 0D 22 93 00 00 02 00 00 10 0E EE 0C 00 00 04 6F 
00 FF FF 00 10 0D 22 93 00 00 02 00 00 10 0E F7 0C 00 00 06 29 
00 FF FF 00 10 0D 22 93 00 00 02 00 00 10 0E FC 0C 00 00 03 82 
00 FF FF 00 10 0D 22 93 00 00 02 00 00 10 0E FD 0C 00 00 03 CE 
00 FF FF 00 10 0D 22 93 00 00 02 00 00 10 0F 02 0C 00 00 06 8A 
00 FF FF 00 10 0D 22 93 00 00 02 00 00 10 0F 07 0C 00 00 07 5E 
00 FF FF 00 10 0D 22 93 00 00 02 00 00 10 0F 0C 0C 00 00 03 3B 
00 FF FF 00 10 0D 22 93 00 00 02 00 00 10 0F 15 0C 00 00 0B AA 
00 FF FF 00 10 0D 22 93 00 00 02 00 00 10 0F 1A 0C 00 00 0A 66 
00 FF FF 00 10 0D 22 93 00 00 02 00 00 10 0F 2B 0C 00 00 04 7C 
00 FF FF 00 10 0D 22 93 00 00 02 00 00 10 0F 30 0C 00 00 03 C1 
00 FF FF 00 10 0D 22 93 00 00 02 00 00 10 0F 31 0C 00 00 04 3F 
00 FF FF 00 10 0D 22 93 00 00 02 00 00 10 0F 37 0C 00 00 06 16 
00 FF FF 00 10 0D 22 93 00 00 02 00 00 10 0F 38 0C 00 00 03 6D 
00 FF FF 00 10 0D 22 93 00 00 02 00 00 10 0F 3D 0C 00 00 04 84 
00 FF FF 00 10 0D 22 93 00 00 02 00 00 10 0F 46 0C 00 00 03 0B 
00 FF FF 00 10 0D 22 93 00 00 02 00 00 10 0F 4B 0C 00 00 04 1E 
00 FF FF 00 10 0D 22 93 00 00 02 00 00 10 0F 54 0C 00 00 05 4A 
00 FF FF 00 10 0D 22 93 00 00 02 00 00 10 0F 5D 0C 00 00 03 F6 
00 FF FF 00 10 0D 22 93 00 00 02 00 00 10 0F 62 0C 00 00 03 32 
00 FF FF 00 10 0D 22 93 00 00 02 00 00 10 0F 6B 0C 00 00 03 77 
00 FF FF 00 10 0D 22 93 00 00 02 00 00 10 0F 70 0C 00 00 06 1B 
00 FF FF 00 10 0D 22 93 00 00 02 00 00 10 0F 71 0C 00 00 03 C4 
00 FF FF 00 10 0D 22 93 00 00 02 00 00 10 0F 72 0C 00 00 04 D2 
00 FF FF 00 10 0D 22 93 00 00 02 00 00 10 0F 77 0C 00 00 08 76 
00 FF FF 00 10 0D 22 93 00 00 02 00 00 10 0F 80 0C 00 00 06 12 
00 FF FF 00 10 0D 22 93 00 00 02 00 00 10 0F 81 0C 00 00 06 95 
00 FF FF 00 10 0D 22 93 00 00 02 00 00 10 0F 86 0C 00 00 03 7C 
00 FF FF 00 10 0D 22 93 00 00 02 00 00 10 0F 8F 0C 00 00 08 28 
00 FF FF 00 10 0D 22 93 00 00 02 00 00 10 0F 94 0C 00 00 04 37 
00 FF FF 00 10 0D 22 93 00 00 02 00 00 10 0F 99 0C 00 00 03 24 
00 FF FF 00 10 0D 22 93 00 00 02 00 00 10 0F 9A 0C 00 00 06 8C 
00 FF FF 00 10 0D 22 93 00 00 02 00 00 10 0F A3 0C 00 00 07 4D 
00 FF FF 00 10 0D 22 93 00 00 02 00 00 10 0F B0 0C 00 00 03 FF 
00 FF FF 00 10 0D 22 93 00 00 02 00 00 10 0F B5 0C 00 00 04 82 
00 FF FF 00 10 0D 22 93 00 00 02 00 00 10 0F BA 0C 00 00 03 42 
00 FF FF 00 10 0D 22 93 00 00 02 00 00 10 0F BB 0C 00 00 06 30 
00 FF FF 00 10 0D 22 93 00 00 02 00 00 10 0F C0 0C 00 00 03 B0 
00 FF FF 00 10 0D 22 93 00 00 02 00 00 10 0F C5 0C 00 00 03 93 
00 FF FF 00 10 0D 22 93 00 00 02 00 00 10 0F CE 0C 00 00 02 59 
00 FF FF 00 10 0D 22 93 00 00 02 00 00 10 0F DB 0C 00 00 08 9C 
00 FF FF 00 10 0D 22 93 00 00 02 00 00 10 0F E0 0C 00 00 05 1C 
00 FF FF 00 10 0D 22 93 00 00 02 00 00 10 0F E5 0C 00 00 08 FA 
00 FF FF 00 10 0D 22 93 00 00 02 00 00 10 0F EA 0C 00 00 06 D3 
00 FF FF 00 10 0D 22 93 00 00 02 00 00 10 0F EF 0C 00 00 07 E6 
00 FF FF 00 10 0D 22 93 00 00 02 00 00 10 0F F4 0C 00 00 05 C4 
00 FF FF 00 10 0D 22 93 00 00 02 00 00 10 0F FE 0C 00 00 04 35 
00 FF FF 00 10 0D 22 93 00 00 02 00 00 10 0F FF 0C 00 00 03 61 
00 FF FF 00 10 0D 22 93 00 00 02 00 00 10 10 04 0C 00 00 04 42 
00 FF FF 00 10 0D 22 93 00 00 02 00 00 10 10 09 0C 00 00 04 0D 
00 FF FF 00 10 0D 22 93 00 00 02 00 00 10 10 0A 0C 00 00 03 12 
00 FF FF 00 10 0D 22 93 00 00 02 00 00 10 10 0F 0C 00 00 07 B5 
00 FF FF 00 10 0D 22 93 00 00 02 00 00 10 10 14 0C 00 00 04 BF 
00 FF FF 00 10 0D 22 93 00 00 02 00 00 10 10 19 0C 00 00 06 1D 
00 FF FF 00 10 0D 22 93 00 00 02 00 00 10 10 1E 0C 00 00 03 EB 
00 FF FF 00 10 0D 22 93 00 00 02 00 00 10 10 23 0C 00 00 04 A3 
00 FF FF 00 10 0D 22 93 00 00 02 00 00 10 10 24 0C 00 00 05 43 
00 FF FF 00 10 0D 22 93 00 00 02 00 00 10 10 25 0C 00 00 04 7C 
00 FF FF 00 10 0D 22 93 00 00 02 00 00 10 10 2A 0C 00 00 07 6A 
00 FF FF 00 10 0D 22 93 00 00 02 00 00 10 10 2B 0C 00 00 03 51 
00 FF FF 00 10 0D 22 93 00 00 02 00 00 10 10 34 0C 00 00 03 FC 
00 FF FF 00 10 0D 22 93 00 00 02 00 00 10 10 39 0C 00 00 04 2C 
00 FF FF 00 10 0D 22 93 00 00 02 00 00 10 10 42 0C 00 00 05 26 
00 FF FF 00 10 0D 22 93 00 00 02 00 00 10 10 43 0C 00 00 03 9C 
00 FF FF 00 10 0D 22 93 00 00 02 00 00 10 10 48 0C 00 00 03 1F 
00 FF FF 00 10 0D 22 93 00 00 02 00 00 10 10 55 0C 00 00 02 BC 
00 FF FF 00 10 0D 22 93 00 00 02 00 00 10 10 56 0C 00 00 02 84 
00 FF FF 00 10 0D 22 93 00 00 02 00 00 10 10 5B 0C 00 00 09 D9 
00 FF FF 00 10 0D 22 93 00 00 02 00 00 10 10 60 0C 00 00 03 B7 
00 FF FF 00 10 0D 22 93 00 00 02 00 00 10 10 65 0C 00 00 02 43 
00 FF FF 00 10 0D 22 93 00 00 02 00 00 10 10 6E 0C 00 00 05 36 
00 FF FF 00 10 0D 22 93 00 00 02 00 00 10 10 6F 0C 00 00 04 F5 
00 FF FF 00 10 0D 22 93 00 00 02 00 00 10 10 70 0C 00 00 04 4F 
00 FF FF 00 10 0D 22 93 00 00 02 00 00 10 10 75 0C 00 00 07 5D 
00 FF FF 00 10 0D 22 93 00 00 02 00 00 10 10 7A 0C 00 00 04 54 
00 FF FF 00 10 0D 22 93 00 00 02 00 00 10 10 7F 0C 00 00 04 62 
00 FF FF 00 10 0D 22 93 00 00 02 00 00 10 10 80 0C 00 00 02 B0 
00 FF FF 00 10 0D 22 93 00 00 02 00 00 10 10 85 0C 00 00 04 0D 
00 FF FF 00 10 0D 22 93 00 00 02 00 00 10 10 9E 0C 00 00 03 DD 
00 FF FF 00 10 0D 22 93 00 00 02 00 00 10 10 A3 0C 00 00 04 FF 
00 FF FF 00 10 0D 22 93 00 00 02 00 00 10 10 A8 0C 00 00 09 5B 
00 FF FF 00 10 0D 22 93 00 00 02 00 00 10 10 AD 0C 00 00 01 CF 
00 FF FF 00 10 0D 22 93 00 00 02 00 00 10 10 B2 0C 00 00 03 1A 
00 FF FF 00 10 0D 22 93 00 00 02 00 00 10 10 B3 0C 00 00 07 B5 
00 FF FF 00 10 0D 22 93 00 00 02 00 00 10 10 B8 0C 00 00 03 AC 
00 FF FF 00 10 0D 22 93 00 00 02 00 00 10 10 B9 0C 00 00 05 01 
00 FF FF 00 10 0D 22 93 00 00 02 00 00 10 10 C2 0C 00 00 06 EB 
00 FF FF 00 10 0D 22 93 00 00 02 00 00 10 10 C7 0C 00 00 08 0E 
00 FF FF 00 10 0D 22 93 00 00 02 00 00 10 10 D4 0C 00 00 01 CD 
00 FF FF 00 10 0D 22 93 00 00 02 00 00 10 10 D9 0C 00 00 07 B2 
00 FF FF 00 10 0D 22 93 00 00 02 00 00 10 10 DE 0C 00 00 07 1F 
00 FF FF 00 10 0D 22 93 00 00 02 00 00 10 10 E3 0C 00 00 02 E7 
00 FF FF 00 10 0D 22 93 00 00 02 00 00 10 10 F0 0C 00 00 02 10 
00 FF FF 00 10 0D 22 93 00 00 02 00 00 10 10 F5 0C 00 00 04 B0 
00 FF FF 00 10 0D 22 93 00 00 02 00 00 10 10 F6 0C 00 00 04 30 
00 FF FF 00 10 0D 22 93 00 00 02 00 00 10 10 FF 0C 00 00 05 13 
00 FF FF 00 10 0D 22 93 00 00 02 00 00 10 11 00 0C 00 00 04 47 
00 FF FF 00 10 0D 22 93 00 00 02 00 00 10 11 05 0C 00 00 04 DB 
00 FF FF 00 10 0D 22 93 00 00 02 00 00 10 11 0A 0C 00 00 04 F0 
00 FF FF 00 10 0D 22 93 00 00 02 00 00 10 11 0F 0C 00 00 05 A6 
00 FF FF 00 10 0D 22 93 00 00 02 00 00 10 11 18 0C 00 00 09 19 
00 FF FF 00 10 0D 22 93 00 00 02 00 00 10 11 1D 0C 00 00 02 77 
00 FF FF 00 10 0D 22 93 00 00 02 00 00 10 11 22 0C 00 00 06 BA 
00 FF FF 00 10 0D 22 93 00 00 02 00 00 10 11 23 0C 00 00 06 49 
00 FF FF 00 10 0D 22 93 00 00 02 00 00 10 11 28 0C 00 00 04 B6 
00 FF FF 00 10 0D 22 93 00 00 02 00 00 10 11 2D 0C 00 00 06 4B 
00 FF FF 00 10 0D 22 93 00 00 02 00 00 10 11 3E 0C 00 00 09 01 
00 FF FF 00 10 0D 22 93 00 00 02 00 00 10 11 43 0C 00 00 02 BA 
00 FF FF 00 10 0D 22 93 00 00 02 00 00 10 11 48 0C 00 00 05 77 
00 FF FF 00 10 0D 22 93 00 00 02 00 00 10 11 4D 0C 00 00 03 4C 
