00 FF FF 00 10 0D 22 93 00 00 01 00 00 10 00 71 0D 00 00 03 EB 
00 FF FF 00 10 0D 22 93 00 00 01 00 00 10 00 72 0D 00 00 13 12 
00 FF FF 00 10 0D 22 93 00 00 01 00 00 10 00 74 0D 00 00 0D 8A 
00 FF FF 00 10 0D 22 93 00 00 01 00 00 10 00 76 0D 00 00 0F 3A 
00 FF FF 00 10 0D 22 93 00 00 01 00 00 10 00 77 0D 00 00 15 F1 
00 FF FF 00 10 0D 22 93 00 00 01 00 00 10 00 79 0D 00 00 0A 86 
00 FF FF 00 10 0D 22 93 00 00 01 00 00 10 02 45 0D 00 00 07 A9 
00 FF FF 00 10 0D 22 93 00 00 01 00 00 10 02 46 0D 00 00 11 79 
00 FF FF 00 10 0D 22 93 00 00 01 00 00 10 02 47 0D 00 00 12 66 
00 FF FF 00 10 0D 22 93 00 00 01 00 00 10 02 48 0D 00 00 16 B9 
00 FF FF 00 10 0D 22 93 00 00 01 00 00 10 02 49 0D 00 00 0D C6 
00 FF FF 00 10 0D 22 93 00 00 01 00 00 10 02 4A 0D 00 00 10 97 
00 FF FF 00 10 0D 22 93 00 00 01 00 00 10 02 4B 0D 00 00 1B 81 
00 FF FF 00 10 0D 22 93 00 00 01 00 00 10 02 4C 0D 00 00 0B A2 
00 FF FF 00 10 0D 22 93 00 00 01 00 00 10 02 4D 0D 00 00 0E 5D 
00 FF FF 00 10 0D 22 93 00 00 01 00 00 10 02 4E 0D 00 00 09 E3 
00 FF FF 00 10 0D 22 93 00 00 01 00 00 10 02 4F 0D 00 00 18 4B 
00 FF FF 00 10 0D 22 93 00 00 01 00 00 10 02 50 0D 00 00 08 F7 
00 FF FF 00 10 0D 22 93 00 00 01 00 00 10 02 51 0D 00 00 13 C8 
00 FF FF 00 10 0D 22 93 00 00 01 00 00 10 02 52 0D 00 00 0E A3 
00 FF FF 00 10 0D 22 93 00 00 01 00 00 10 02 53 0D 00 00 12 41 
00 FF FF 00 10 0D 22 93 00 00 01 00 00 10 02 54 0D 00 00 17 85 
00 FF FF 00 10 0D 22 93 00 00 01 00 00 10 02 55 0D 00 00 0A 09 
00 FF FF 00 10 0D 22 93 00 00 01 00 00 10 02 56 0D 00 00 26 58 
00 FF FF 00 10 0D 22 93 00 00 01 00 00 10 02 57 0D 00 00 0A CE 
00 FF FF 00 10 0D 22 93 00 00 01 00 00 10 02 58 0D 00 00 17 0F 
00 FF FF 00 10 0D 22 93 00 00 01 00 00 10 02 59 0D 00 00 0A C5 
00 FF FF 00 10 0D 22 93 00 00 01 00 00 10 02 5A 0D 00 00 13 6A 
00 FF FF 00 10 0D 22 93 00 00 01 00 00 10 02 5B 0D 00 00 0D 9D 
00 FF FF 00 10 0D 22 93 00 00 01 00 00 10 02 5C 0D 00 00 0D 78 
00 FF FF 00 10 0D 22 93 00 00 01 00 00 10 02 5D 0D 00 00 0D 50 
00 FF FF 00 10 0D 22 93 00 00 01 00 00 10 02 5E 0D 00 00 06 4A 
00 FF FF 00 10 0D 22 93 00 00 01 00 00 10 02 5F 0D 00 00 0F BE 
00 FF FF 00 10 0D 22 93 00 00 01 00 00 10 02 60 0D 00 00 0B 2C 
00 FF FF 00 10 0D 22 93 00 00 01 00 00 10 02 61 0D 00 00 20 6C 
00 FF FF 00 10 0D 22 93 00 00 01 00 00 10 02 62 0D 00 00 09 42 
00 FF FF 00 10 0D 22 93 00 00 01 00 00 10 02 63 0D 00 00 12 68 
00 FF FF 00 10 0D 22 93 00 00 01 00 00 10 02 64 0D 00 00 0D 76 
00 FF FF 00 10 0D 22 93 00 00 01 00 00 10 02 65 0D 00 00 09 9A 
00 FF FF 00 10 0D 22 93 00 00 01 00 00 10 02 66 0D 00 00 15 EA 
00 FF FF 00 10 0D 22 93 00 00 01 00 00 10 02 67 0D 00 00 08 BF 
00 FF FF 00 10 0D 22 93 00 00 01 00 00 10 02 68 0D 00 00 11 B8 
00 FF FF 00 10 0D 22 93 00 00 01 00 00 10 02 69 0D 00 00 0B 97 
00 FF FF 00 10 0D 22 93 00 00 01 00 00 10 02 6A 0D 00 00 14 F1 
00 FF FF 00 10 0D 22 93 00 00 01 00 00 10 02 6B 0D 00 00 0A 97 
00 FF FF 00 10 0D 22 93 00 00 01 00 00 10 02 6C 0D 00 00 0F EF 
00 FF FF 00 10 0D 22 93 00 00 01 00 00 10 02 6D 0D 00 00 0B D3 
00 FF FF 00 10 0D 22 93 00 00 01 00 00 10 02 6E 0D 00 00 09 57 
00 FF FF 00 10 0D 22 93 00 00 01 00 00 10 02 6F 0D 00 00 13 13 
00 FF FF 00 10 0D 22 93 00 00 01 00 00 10 02 70 0D 00 00 0A 42 
00 FF FF 00 10 0D 22 93 00 00 01 00 00 10 02 71 0D 00 00 15 37 
00 FF FF 00 10 0D 22 93 00 00 01 00 00 10 02 72 0D 00 00 0B A4 
00 FF FF 00 10 0D 22 93 00 00 01 00 00 10 02 73 0D 00 00 0E CF 
00 FF FF 00 10 0D 22 93 00 00 01 00 00 10 02 74 0D 00 00 09 C7 
00 FF FF 00 10 0D 22 93 00 00 01 00 00 10 02 75 0D 00 00 0D 41 
00 FF FF 00 10 0D 22 93 00 00 01 00 00 10 02 76 0D 00 00 10 8A 
00 FF FF 00 10 0D 22 93 00 00 01 00 00 10 02 77 0D 00 00 0B 5D 
00 FF FF 00 10 0D 22 93 00 00 01 00 00 10 02 78 0D 00 00 0E C7 
00 FF FF 00 10 0D 22 93 00 00 01 00 00 10 02 79 0D 00 00 0A 41 
00 FF FF 00 10 0D 22 93 00 00 01 00 00 10 02 7A 0D 00 00 14 93 
00 FF FF 00 10 0D 22 93 00 00 01 00 00 10 02 7B 0D 00 00 0C 6B 
00 FF FF 00 10 0D 22 93 00 00 01 00 00 10 02 7C 0D 00 00 0D 51 
00 FF FF 00 10 0D 22 93 00 00 01 00 00 10 02 7D 0D 00 00 0B 87 
00 FF FF 00 10 0D 22 93 00 00 01 00 00 10 02 7E 0D 00 00 07 7F 
00 FF FF 00 10 0D 22 93 00 00 01 00 00 10 02 7F 0D 00 00 10 DE 
00 FF FF 00 10 0D 22 93 00 00 01 00 00 10 02 80 0D 00 00 09 07 
00 FF FF 00 10 0D 22 93 00 00 01 00 00 10 02 81 0D 00 00 11 97 
00 FF FF 00 10 0D 22 93 00 00 01 00 00 10 02 82 0D 00 00 0A 69 
00 FF FF 00 10 0D 22 93 00 00 01 00 00 10 02 83 0D 00 00 21 A4 
00 FF FF 00 10 0D 22 93 00 00 01 00 00 10 02 84 0D 00 00 0B 82 
00 FF FF 00 10 0D 22 93 00 00 01 00 00 10 02 85 0D 00 00 14 33 
00 FF FF 00 10 0D 22 93 00 00 01 00 00 10 02 86 0D 00 00 05 A8 
00 FF FF 00 10 0D 22 93 00 00 01 00 00 10 02 87 0D 00 00 10 C6 
00 FF FF 00 10 0D 22 93 00 00 01 00 00 10 02 88 0D 00 00 0A A7 
00 FF FF 00 10 0D 22 93 00 00 01 00 00 10 02 89 0D 00 00 08 80 
00 FF FF 00 10 0D 22 93 00 00 01 00 00 10 02 8A 0D 00 00 13 72 
00 FF FF 00 10 0D 22 93 00 00 01 00 00 10 02 8B 0D 00 00 09 56 
00 FF FF 00 10 0D 22 93 00 00 01 00 00 10 02 8C 0D 00 00 0C DA 
00 FF FF 00 10 0D 22 93 00 00 01 00 00 10 02 8D 0D 00 00 0D 9C 
00 FF FF 00 10 0D 22 93 00 00 01 00 00 10 02 8E 0D 00 00 16 7A 
00 FF FF 00 10 0D 22 93 00 00 01 00 00 10 02 8F 0D 00 00 15 1B 
00 FF FF 00 10 0D 22 93 00 00 01 00 00 10 02 90 0D 00 00 0C 59 
00 FF FF 00 10 0D 22 93 00 00 01 00 00 10 02 91 0D 00 00 10 92 
00 FF FF 00 10 0D 22 93 00 00 01 00 00 10 02 92 0D 00 00 09 3E 
00 FF FF 00 10 0D 22 93 00 00 01 00 00 10 02 93 0D 00 00 12 32 
00 FF FF 00 10 0D 22 93 00 00 01 00 00 10 02 94 0D 00 00 09 97 
00 FF FF 00 10 0D 22 93 00 00 01 00 00 10 02 95 0D 00 00 0A F0 
00 FF FF 00 10 0D 22 93 00 00 01 00 00 10 02 96 0D 00 00 0B 55 
00 FF FF 00 10 0D 22 93 00 00 01 00 00 10 02 97 0D 00 00 0D 9A 
00 FF FF 00 10 0D 22 93 00 00 01 00 00 10 02 98 0D 00 00 13 31 
00 FF FF 00 10 0D 22 93 00 00 01 00 00 10 02 99 0D 00 00 09 01 
00 FF FF 00 10 0D 22 93 00 00 01 00 00 10 02 9A 0D 00 00 1E CB 
00 FF FF 00 10 0D 22 93 00 00 01 00 00 10 02 9B 0D 00 00 09 6E 
00 FF FF 00 10 0D 22 93 00 00 01 00 00 10 02 9C 0D 00 00 10 B8 
00 FF FF 00 10 0D 22 93 00 00 01 00 00 10 02 9D 0D 00 00 0B D3 
00 FF FF 00 10 0D 22 93 00 00 01 00 00 10 02 9E 0D 00 00 10 06 
00 FF FF 00 10 0D 22 93 00 00 01 00 00 10 02 9F 0D 00 00 0B 08 
00 FF FF 00 10 0D 22 93 00 00 01 00 00 10 02 A0 0D 00 00 0B 38 
00 FF FF 00 10 0D 22 93 00 00 01 00 00 10 02 A1 0D 00 00 0E 35 
00 FF FF 00 10 0D 22 93 00 00 01 00 00 10 02 A2 0D 00 00 0B 2F 
00 FF FF 00 10 0D 22 93 00 00 01 00 00 10 02 A3 0D 00 00 10 14 
00 FF FF 00 10 0D 22 93 00 00 01 00 00 10 02 A4 0D 00 00 0A BA 
00 FF FF 00 10 0D 22 93 00 00 01 00 00 10 02 A5 0D 00 00 14 F7 
00 FF FF 00 10 0D 22 93 00 00 01 00 00 10 02 A6 0D 00 00 08 95 
00 FF FF 00 10 0D 22 93 00 00 01 00 00 10 02 A7 0D 00 00 07 3F 
00 FF FF 00 10 0D 22 93 00 00 01 00 00 10 02 A8 0D 00 00 0D 68 
00 FF FF 00 10 0D 22 93 00 00 01 00 00 10 02 A9 0D 00 00 0A F7 
00 FF FF 00 10 0D 22 93 00 00 01 00 00 10 02 AA 0D 00 00 0E 67 
00 FF FF 00 10 0D 22 93 00 00 01 00 00 10 02 AB 0D 00 00 06 59 
00 FF FF 00 10 0D 22 93 00 00 01 00 00 10 02 AC 0D 00 00 22 AA 
00 FF FF 00 10 0D 22 93 00 00 01 00 00 10 02 AD 0D 00 00 0A D8 
00 FF FF 00 10 0D 22 93 00 00 01 00 00 10 02 AE 0D 00 00 0D 57 
00 FF FF 00 10 0D 22 93 00 00 01 00 00 10 02 AF 0D 00 00 09 E5 
00 FF FF 00 10 0D 22 93 00 00 01 00 00 10 02 B0 0D 00 00 01 49 
00 FF FF 00 10 0D 22 93 00 00 01 00 00 10 02 B1 0D 00 00 03 DA 
00 FF FF 00 10 0D 22 93 00 00 01 00 00 10 02 B2 0D 00 00 0A 1F 
00 FF FF 00 10 0D 22 93 00 00 01 00 00 10 02 B3 0D 00 00 0E 67 
00 FF FF 00 10 0D 22 93 00 00 01 00 00 10 02 B4 0D 00 00 06 59 
00 FF FF 00 10 0D 22 93 00 00 01 00 00 10 02 B5 0D 00 00 25 BC 
00 FF FF 00 10 0D 22 93 00 00 01 00 00 10 02 B6 0D 00 00 06 A5 
00 FF FF 00 10 0D 22 93 00 00 01 00 00 10 02 B7 0D 00 00 0D 14 
00 FF FF 00 10 0D 22 93 00 00 01 00 00 10 02 B8 0D 00 00 0C 8E 
00 FF FF 00 10 0D 22 93 00 00 01 00 00 10 02 B9 0D 00 00 0A 1D 
00 FF FF 00 10 0D 22 93 00 00 01 00 00 10 02 BA 0D 00 00 14 C2 
00 FF FF 00 10 0D 22 93 00 00 01 00 00 10 02 BB 0D 00 00 0B 3C 
00 FF FF 00 10 0D 22 93 00 00 01 00 00 10 02 BC 0D 00 00 10 47 
00 FF FF 00 10 0D 22 93 00 00 01 00 00 10 02 BD 0D 00 00 07 F3 
00 FF FF 00 10 0D 22 93 00 00 01 00 00 10 02 BE 0D 00 00 12 08 
00 FF FF 00 10 0D 22 93 00 00 01 00 00 10 02 BF 0D 00 00 07 1C 
00 FF FF 00 10 0D 22 93 00 00 01 00 00 10 02 C0 0D 00 00 1D 69 
00 FF FF 00 10 0D 22 93 00 00 01 00 00 10 02 C1 0D 00 00 0B 36 
00 FF FF 00 10 0D 22 93 00 00 01 00 00 10 02 C2 0D 00 00 06 E3 
00 FF FF 00 10 0D 22 93 00 00 01 00 00 10 02 C3 0D 00 00 18 2E 
00 FF FF 00 10 0D 22 93 00 00 01 00 00 10 02 C4 0D 00 00 08 91 
00 FF FF 00 10 0D 22 93 00 00 01 00 00 10 02 C5 0D 00 00 0F FC 
00 FF FF 00 10 0D 22 93 00 00 01 00 00 10 02 C6 0D 00 00 03 DA 
00 FF FF 00 10 0D 22 93 00 00 01 00 00 10 02 C7 0D 00 00 23 9E 
00 FF FF 00 10 0D 22 93 00 00 01 00 00 10 02 C8 0D 00 00 0A 89 
00 FF FF 00 10 0D 22 93 00 00 01 00 00 10 02 C9 0D 00 00 12 90 
00 FF FF 00 10 0D 22 93 00 00 01 00 00 10 02 CA 0D 00 00 08 CE 
00 FF FF 00 10 0D 22 93 00 00 01 00 00 10 02 CB 0D 00 00 0D 98 
00 FF FF 00 10 0D 22 93 00 00 01 00 00 10 02 CC 0D 00 00 13 AA 
00 FF FF 00 10 0D 22 93 00 00 01 00 00 10 02 CD 0D 00 00 05 98 
00 FF FF 00 10 0D 22 93 00 00 01 00 00 10 02 CE 0D 00 00 2A 75 
00 FF FF 00 10 0D 22 93 00 00 01 00 00 10 02 CF 0D 00 00 05 F4 
00 FF FF 00 10 0D 22 93 00 00 01 00 00 10 02 D0 0D 00 00 1E 57 
00 FF FF 00 10 0D 22 93 00 00 01 00 00 10 02 D1 0D 00 00 07 AB 
00 FF FF 00 10 0D 22 93 00 00 01 00 00 10 02 D2 0D 00 00 0D A9 
00 FF FF 00 10 0D 22 93 00 00 01 00 00 10 02 D3 0D 00 00 0A 5D 
00 FF FF 00 10 0D 22 93 00 00 01 00 00 10 02 D4 0D 00 00 0B 39 
00 FF FF 00 10 0D 22 93 00 00 01 00 00 10 02 D5 0D 00 00 0E 2A 
00 FF FF 00 10 0D 22 93 00 00 01 00 00 10 02 D6 0D 00 00 0A 8A 
00 FF FF 00 10 0D 22 93 00 00 01 00 00 10 02 D7 0D 00 00 25 BD 
00 FF FF 00 10 0D 22 93 00 00 01 00 00 10 02 D8 0D 00 00 07 94 
00 FF FF 00 10 0D 22 93 00 00 01 00 00 10 02 D9 0D 00 00 0F 07 
00 FF FF 00 10 0D 22 93 00 00 01 00 00 10 02 DA 0D 00 00 0E 4C 
00 FF FF 00 10 0D 22 93 00 00 01 00 00 10 02 DB 0D 00 00 12 52 
00 FF FF 00 10 0D 22 93 00 00 01 00 00 10 02 DC 0D 00 00 07 98 
00 FF FF 00 10 0D 22 93 00 00 01 00 00 10 02 DD 0D 00 00 0C 41 
00 FF FF 00 10 0D 22 93 00 00 01 00 00 10 02 DE 0D 00 00 0B 7E 
00 FF FF 00 10 0D 22 93 00 00 01 00 00 10 02 DF 0D 00 00 0B 89 
00 FF FF 00 10 0D 22 93 00 00 01 00 00 10 02 E0 0D 00 00 17 96 
00 FF FF 00 10 0D 22 93 00 00 01 00 00 10 02 E1 0D 00 00 08 92 
00 FF FF 00 10 0D 22 93 00 00 01 00 00 10 02 E2 0D 00 00 0D 87 
00 FF FF 00 10 0D 22 93 00 00 01 00 00 10 02 E3 0D 00 00 0C AB 
00 FF FF 00 10 0D 22 93 00 00 01 00 00 10 02 E4 0D 00 00 0E 1D 
00 FF FF 00 10 0D 22 93 00 00 01 00 00 10 02 E5 0D 00 00 0B 05 
00 FF FF 00 10 0D 22 93 00 00 01 00 00 10 02 E6 0D 00 00 08 06 
00 FF FF 00 10 0D 22 93 00 00 01 00 00 10 02 E7 0D 00 00 11 EF 
00 FF FF 00 10 0D 22 93 00 00 01 00 00 10 02 E8 0D 00 00 0C 9A 
00 FF FF 00 10 0D 22 93 00 00 01 00 00 10 02 E9 0D 00 00 28 B9 
00 FF FF 00 10 0D 22 93 00 00 01 00 00 10 02 EA 0D 00 00 0B B0 
00 FF FF 00 10 0D 22 93 00 00 01 00 00 10 02 EB 0D 00 00 0A D2 
00 FF FF 00 10 0D 22 93 00 00 01 00 00 10 02 EC 0D 00 00 0A 55 
00 FF FF 00 10 0D 22 93 00 00 01 00 00 10 02 ED 0D 00 00 0E 5B 
00 FF FF 00 10 0D 22 93 00 00 01 00 00 10 02 EE 0D 00 00 0F F8 
00 FF FF 00 10 0D 22 93 00 00 01 00 00 10 02 EF 0D 00 00 0C E8 
00 FF FF 00 10 0D 22 93 00 00 01 00 00 10 02 F0 0D 00 00 0E 30 
00 FF FF 00 10 0D 22 93 00 00 01 00 00 10 02 F1 0D 00 00 0E 4D 
00 FF FF 00 10 0D 22 93 00 00 01 00 00 10 02 F2 0D 00 00 11 F6 
00 FF FF 00 10 0D 22 93 00 00 01 00 00 10 02 F3 0D 00 00 0C 4F 
00 FF FF 00 10 0D 22 93 00 00 01 00 00 10 02 F4 0D 00 00 10 CC 
00 FF FF 00 10 0D 22 93 00 00 01 00 00 10 02 F5 0D 00 00 0D 01 
00 FF FF 00 10 0D 22 93 00 00 01 00 00 10 02 F6 0D 00 00 0F 6A 
00 FF FF 00 10 0D 22 93 00 00 01 00 00 10 02 F7 0D 00 00 07 15 
00 FF FF 00 10 0D 22 93 00 00 01 00 00 10 02 F8 0D 00 00 05 09 
00 FF FF 00 10 0D 22 93 00 00 01 00 00 10 02 F9 0D 00 00 0D 5E 
00 FF FF 00 10 0D 22 93 00 00 01 00 00 10 02 FA 0D 00 00 08 00 
00 FF FF 00 10 0D 22 93 00 00 01 00 00 10 02 FB 0D 00 00 1B 2A 
00 FF FF 00 10 0D 22 93 00 00 01 00 00 10 02 FC 0D 00 00 09 98 
00 FF FF 00 10 0D 22 93 00 00 01 00 00 10 02 FD 0D 00 00 0C 47 
00 FF FF 00 10 0D 22 93 00 00 01 00 00 10 02 FE 0D 00 00 14 B6 
00 FF FF 00 10 0D 22 93 00 00 01 00 00 10 02 FF 0D 00 00 0C 78 
00 FF FF 00 10 0D 22 93 00 00 01 00 00 10 03 00 0D 00 00 0C 79 
00 FF FF 00 10 0D 22 93 00 00 01 00 00 10 03 01 0D 00 00 08 1A 
00 FF FF 00 10 0D 22 93 00 00 01 00 00 10 03 02 0D 00 00 13 0B 
00 FF FF 00 10 0D 22 93 00 00 01 00 00 10 03 03 0D 00 00 08 E3 
00 FF FF 00 10 0D 22 93 00 00 01 00 00 10 03 04 0D 00 00 13 BE 
00 FF FF 00 10 0D 22 93 00 00 01 00 00 10 03 05 0D 00 00 0C B1 
00 FF FF 00 10 0D 22 93 00 00 01 00 00 10 03 06 0D 00 00 13 56 
00 FF FF 00 10 0D 22 93 00 00 01 00 00 10 03 07 0D 00 00 18 4A 
00 FF FF 00 10 0D 22 93 00 00 01 00 00 10 03 08 0D 00 00 0A C8 
00 FF FF 00 10 0D 22 93 00 00 01 00 00 10 03 09 0D 00 00 1D F6 
00 FF FF 00 10 0D 22 93 00 00 01 00 00 10 03 0A 0D 00 00 0F 4C 
00 FF FF 00 10 0D 22 93 00 00 01 00 00 10 03 0B 0D 00 00 10 AA 
00 FF FF 00 10 0D 22 93 00 00 01 00 00 10 03 0C 0D 00 00 0B C3 
00 FF FF 00 10 0D 22 93 00 00 01 00 00 10 03 0D 0D 00 00 09 E8 
00 FF FF 00 10 0D 22 93 00 00 01 00 00 10 03 0E 0D 00 00 13 34 
00 FF FF 00 10 0D 22 93 00 00 01 00 00 10 03 0F 0D 00 00 0F BF 
00 FF FF 00 10 0D 22 93 00 00 01 00 00 10 03 10 0D 00 00 16 FA 
00 FF FF 00 10 0D 22 93 00 00 01 00 00 10 03 11 0D 00 00 08 68 
00 FF FF 00 10 0D 22 93 00 00 01 00 00 10 03 12 0D 00 00 25 CF 
00 FF FF 00 10 0D 22 93 00 00 01 00 00 10 03 13 0D 00 00 11 5A 
00 FF FF 00 10 0D 22 93 00 00 01 00 00 10 03 14 0D 00 00 0E A7 
00 FF FF 00 10 0D 22 93 00 00 01 00 00 10 03 15 0D 00 00 0A 84 
00 FF FF 00 10 0D 22 93 00 00 01 00 00 10 03 16 0D 00 00 0D 9A 
00 FF FF 00 10 0D 22 93 00 00 01 00 00 10 03 17 0D 00 00 16 0E 
00 FF FF 00 10 0D 22 93 00 00 01 00 00 10 03 18 0D 00 00 09 3A 
00 FF FF 00 10 0D 22 93 00 00 01 00 00 10 03 19 0D 00 00 16 15 
00 FF FF 00 10 0D 22 93 00 00 01 00 00 10 03 1A 0D 00 00 09 55 
00 FF FF 00 10 0D 22 93 00 00 01 00 00 10 03 1B 0D 00 00 11 BD 
00 FF FF 00 10 0D 22 93 00 00 01 00 00 10 03 1C 0D 00 00 09 C1 
00 FF FF 00 10 0D 22 93 00 00 01 00 00 10 03 1D 0D 00 00 18 1C 
00 FF FF 00 10 0D 22 93 00 00 01 00 00 10 03 1E 0D 00 00 0D 09 
00 FF FF 00 10 0D 22 93 00 00 01 00 00 10 03 1F 0D 00 00 08 A7 
00 FF FF 00 10 0D 22 93 00 00 01 00 00 10 03 20 0D 00 00 14 29 
00 FF FF 00 10 0D 22 93 00 00 01 00 00 10 03 21 0D 00 00 08 AE 
00 FF FF 00 10 0D 22 93 00 00 01 00 00 10 03 22 0D 00 00 22 9D 
00 FF FF 00 10 0D 22 93 00 00 01 00 00 10 03 23 0D 00 00 07 16 
00 FF FF 00 10 0D 22 93 00 00 01 00 00 10 03 24 0D 00 00 25 2B 
00 FF FF 00 10 0D 22 93 00 00 01 00 00 10 03 25 0D 00 00 0A 64 
00 FF FF 00 10 0D 22 93 00 00 01 00 00 10 03 26 0D 00 00 13 0F 
00 FF FF 00 10 0D 22 93 00 00 01 00 00 10 03 27 0D 00 00 0F AB 
00 FF FF 00 10 0D 22 93 00 00 01 00 00 10 03 28 0D 00 00 08 F5 
00 FF FF 00 10 0D 22 93 00 00 01 00 00 10 03 29 0D 00 00 0F 0A 
00 FF FF 00 10 0D 22 93 00 00 01 00 00 10 03 2A 0D 00 00 07 CD 
00 FF FF 00 10 0D 22 93 00 00 01 00 00 10 03 2B 0D 00 00 24 DA 
00 FF FF 00 10 0D 22 93 00 00 01 00 00 10 03 2C 0D 00 00 07 7F 
00 FF FF 00 10 0D 22 93 00 00 01 00 00 10 03 2D 0D 00 00 11 45 
00 FF FF 00 10 0D 22 93 00 00 01 00 00 10 03 2E 0D 00 00 15 B4 
00 FF FF 00 10 0D 22 93 00 00 01 00 00 10 03 2F 0D 00 00 13 67 
00 FF FF 00 10 0D 22 93 00 00 01 00 00 10 03 30 0D 00 00 0E 9F 
00 FF FF 00 10 0D 22 93 00 00 01 00 00 10 03 31 0D 00 00 0C A6 
00 FF FF 00 10 0D 22 93 00 00 01 00 00 10 03 32 0D 00 00 0C E6 
00 FF FF 00 10 0D 22 93 00 00 01 00 00 10 03 33 0D 00 00 0D 63 
00 FF FF 00 10 0D 22 93 00 00 01 00 00 10 03 34 0D 00 00 0F 6B 
00 FF FF 00 10 0D 22 93 00 00 01 00 00 10 03 35 0D 00 00 09 27 
00 FF FF 00 10 0D 22 93 00 00 01 00 00 10 03 36 0D 00 00 2A A4 
00 FF FF 00 10 0D 22 93 00 00 01 00 00 10 03 37 0D 00 00 0D 39 
00 FF FF 00 10 0D 22 93 00 00 01 00 00 10 03 38 0D 00 00 0B 9E 
00 FF FF 00 10 0D 22 93 00 00 01 00 00 10 03 39 0D 00 00 0B 64 
00 FF FF 00 10 0D 22 93 00 00 01 00 00 10 03 3A 0D 00 00 0B 10 
00 FF FF 00 10 0D 22 93 00 00 01 00 00 10 03 3B 0D 00 00 0D D6 
00 FF FF 00 10 0D 22 93 00 00 01 00 00 10 03 3C 0D 00 00 08 B0 
00 FF FF 00 10 0D 22 93 00 00 01 00 00 10 03 3D 0D 00 00 20 19 
00 FF FF 00 10 0D 22 93 00 00 01 00 00 10 03 3E 0D 00 00 09 CB 
00 FF FF 00 10 0D 22 93 00 00 01 00 00 10 03 3F 0D 00 00 14 C4 
00 FF FF 00 10 0D 22 93 00 00 01 00 00 10 03 40 0D 00 00 0B 8E 
00 FF FF 00 10 0D 22 93 00 00 01 00 00 10 03 41 0D 00 00 15 96 
00 FF FF 00 10 0D 22 93 00 00 01 00 00 10 03 42 0D 00 00 0B 17 
00 FF FF 00 10 0D 22 93 00 00 01 00 00 10 03 43 0D 00 00 0D 5A 
00 FF FF 00 10 0D 22 93 00 00 01 00 00 10 03 44 0D 00 00 14 DE 
00 FF FF 00 10 0D 22 93 00 00 01 00 00 10 03 45 0D 00 00 07 EA 
00 FF FF 00 10 0D 22 93 00 00 01 00 00 10 03 46 0D 00 00 25 A6 
00 FF FF 00 10 0D 22 93 00 00 01 00 00 10 03 47 0D 00 00 07 91 
00 FF FF 00 10 0D 22 93 00 00 01 00 00 10 03 48 0D 00 00 14 C9 
00 FF FF 00 10 0D 22 93 00 00 01 00 00 10 03 49 0D 00 00 10 6C 
00 FF FF 00 10 0D 22 93 00 00 01 00 00 10 03 4A 0D 00 00 0F 4A 
00 FF FF 00 10 0D 22 93 00 00 01 00 00 10 03 4B 0D 00 00 0C AB 
00 FF FF 00 10 0D 22 93 00 00 01 00 00 10 03 4C 0D 00 00 12 1D 
00 FF FF 00 10 0D 22 93 00 00 01 00 00 10 03 4D 0D 00 00 08 EC 
00 FF FF 00 10 0D 22 93 00 00 01 00 00 10 03 4E 0D 00 00 08 65 
00 FF FF 00 10 0D 22 93 00 00 01 00 00 10 03 4F 0D 00 00 0F C3 
00 FF FF 00 10 0D 22 93 00 00 01 00 00 10 03 50 0D 00 00 0C 8F 
00 FF FF 00 10 0D 22 93 00 00 01 00 00 10 03 51 0D 00 00 0D 01 
00 FF FF 00 10 0D 22 93 00 00 01 00 00 10 03 52 0D 00 00 09 BC 
00 FF FF 00 10 0D 22 93 00 00 01 00 00 10 03 53 0D 00 00 04 A6 
00 FF FF 00 10 0D 22 93 00 00 01 00 00 10 03 54 0D 00 00 0E 46 
00 FF FF 00 10 0D 22 93 00 00 01 00 00 10 03 55 0D 00 00 0E 34 
00 FF FF 00 10 0D 22 93 00 00 01 00 00 10 03 56 0D 00 00 10 33 
00 FF FF 00 10 0D 22 93 00 00 01 00 00 10 03 57 0D 00 00 14 1F 
00 FF FF 00 10 0D 22 93 00 00 01 00 00 10 03 58 0D 00 00 28 C7 
00 FF FF 00 10 0D 22 93 00 00 01 00 00 10 03 59 0D 00 00 11 5B 
00 FF FF 00 10 0D 22 93 00 00 01 00 00 10 03 5A 0D 00 00 1A 7D 
00 FF FF 00 10 0D 22 93 00 00 01 00 00 10 03 5B 0D 00 00 0B 2F 
00 FF FF 00 10 0D 22 93 00 00 01 00 00 10 03 5C 0D 00 00 0A 2E 
00 FF FF 00 10 0D 22 93 00 00 01 00 00 10 03 5D 0D 00 00 12 57 
00 FF FF 00 10 0D 22 93 00 00 01 00 00 10 03 5E 0D 00 00 12 EC 
00 FF FF 00 10 0D 22 93 00 00 01 00 00 10 03 5F 0D 00 00 0A B0 
00 FF FF 00 10 0D 22 93 00 00 01 00 00 10 03 60 0D 00 00 0C 15 
00 FF FF 00 10 0D 22 93 00 00 01 00 00 10 03 61 0D 00 00 0E AD 
00 FF FF 00 10 0D 22 93 00 00 01 00 00 10 03 62 0D 00 00 15 31 
00 FF FF 00 10 0D 22 93 00 00 01 00 00 10 03 63 0D 00 00 10 66 
00 FF FF 00 10 0D 22 93 00 00 01 00 00 10 03 64 0D 00 00 0D 92 
00 FF FF 00 10 0D 22 93 00 00 01 00 00 10 03 65 0D 00 00 0C BD 
00 FF FF 00 10 0D 22 93 00 00 01 00 00 10 03 66 0D 00 00 12 FC 
00 FF FF 00 10 0D 22 93 00 00 01 00 00 10 03 67 0D 00 00 13 2C 
00 FF FF 00 10 0D 22 93 00 00 01 00 00 10 03 68 0D 00 00 0D A9 
00 FF FF 00 10 0D 22 93 00 00 01 00 00 10 03 69 0D 00 00 1B 6F 
00 FF FF 00 10 0D 22 93 00 00 01 00 00 10 03 6A 0D 00 00 17 8A 
00 FF FF 00 10 0D 22 93 00 00 01 00 00 10 03 6B 0D 00 00 0F A7 
00 FF FF 00 10 0D 22 93 00 00 01 00 00 10 03 6C 0D 00 00 0D 11 
00 FF FF 00 10 0D 22 93 00 00 01 00 00 10 03 6D 0D 00 00 07 30 
00 FF FF 00 10 0D 22 93 00 00 01 00 00 10 03 6E 0D 00 00 08 EF 
00 FF FF 00 10 0D 22 93 00 00 01 00 00 10 03 6F 0D 00 00 09 A1 
00 FF FF 00 10 0D 22 93 00 00 01 00 00 10 03 70 0D 00 00 04 38 
00 FF FF 00 10 0D 22 93 00 00 01 00 00 10 03 71 0D 00 00 0A 42 
00 FF FF 00 10 0D 22 93 00 00 01 00 00 10 03 72 0D 00 00 0A D4 
00 FF FF 00 10 0D 22 93 00 00 01 00 00 10 03 73 0D 00 00 1E 7E 
00 FF FF 00 10 0D 22 93 00 00 01 00 00 10 03 74 0D 00 00 0B 1A 
00 FF FF 00 10 0D 22 93 00 00 01 00 00 10 03 75 0D 00 00 0A AF 
00 FF FF 00 10 0D 22 93 00 00 01 00 00 10 03 76 0D 00 00 0A 0A 
00 FF FF 00 10 0D 22 93 00 00 01 00 00 10 03 77 0D 00 00 0B ED 
00 FF FF 00 10 0D 22 93 00 00 01 00 00 10 03 78 0D 00 00 19 05 
00 FF FF 00 10 0D 22 93 00 00 01 00 00 10 03 79 0D 00 00 0A BF 
00 FF FF 00 10 0D 22 93 00 00 01 00 00 10 03 7A 0D 00 00 13 81 
00 FF FF 00 10 0D 22 93 00 00 01 00 00 10 03 7B 0D 00 00 02 FE 
00 FF FF 00 10 0D 22 93 00 00 01 00 00 10 03 7C 0D 00 00 10 A7 
00 FF FF 00 10 0D 22 93 00 00 01 00 00 10 03 7D 0D 00 00 0C D5 
00 FF FF 00 10 0D 22 93 00 00 01 00 00 10 03 7E 0D 00 00 10 33 
00 FF FF 00 10 0D 22 93 00 00 01 00 00 10 03 7F 0D 00 00 09 ED 
00 FF FF 00 10 0D 22 93 00 00 01 00 00 10 03 80 0D 00 00 0A 90 
00 FF FF 00 10 0D 22 93 00 00 01 00 00 10 03 81 0D 00 00 0D E3 
00 FF FF 00 10 0D 22 93 00 00 01 00 00 10 03 82 0D 00 00 13 BB 
00 FF FF 00 10 0D 22 93 00 00 01 00 00 10 03 83 0D 00 00 14 3C 
00 FF FF 00 10 0D 22 93 00 00 01 00 00 10 03 84 0D 00 00 17 EB 
00 FF FF 00 10 0D 22 93 00 00 01 00 00 10 03 85 0D 00 00 19 07 
00 FF FF 00 10 0D 22 93 00 00 01 00 00 10 03 86 0D 00 00 0B FA 
00 FF FF 00 10 0D 22 93 00 00 01 00 00 10 03 87 0D 00 00 0D 19 
00 FF FF 00 10 0D 22 93 00 00 01 00 00 10 03 88 0D 00 00 15 0C 
00 FF FF 00 10 0D 22 93 00 00 01 00 00 10 03 89 0D 00 00 0B 45 
00 FF FF 00 10 0D 22 93 00 00 01 00 00 10 03 8A 0D 00 00 16 B7 
00 FF FF 00 10 0D 22 93 00 00 01 00 00 10 03 8B 0D 00 00 14 3E 
00 FF FF 00 10 0D 22 93 00 00 01 00 00 10 03 8C 0D 00 00 13 14 
00 FF FF 00 10 0D 22 93 00 00 01 00 00 10 03 8D 0D 00 00 12 5F 
00 FF FF 00 10 0D 22 93 00 00 01 00 00 10 03 8E 0D 00 00 0D 72 
00 FF FF 00 10 0D 22 93 00 00 01 00 00 10 03 8F 0D 00 00 0A 0E 
00 FF FF 00 10 0D 22 93 00 00 01 00 00 10 03 90 0D 00 00 0E 96 
00 FF FF 00 10 0D 22 93 00 00 01 00 00 10 03 91 0D 00 00 0F 4E 
00 FF FF 00 10 0D 22 93 00 00 01 00 00 10 03 92 0D 00 00 06 CF 
00 FF FF 00 10 0D 22 93 00 00 01 00 00 10 03 93 0D 00 00 18 F1 
00 FF FF 00 10 0D 22 93 00 00 01 00 00 10 03 94 0D 00 00 13 6C 
00 FF FF 00 10 0D 22 93 00 00 01 00 00 10 03 95 0D 00 00 0C E7 
00 FF FF 00 10 0D 22 93 00 00 01 00 00 10 03 96 0D 00 00 0D A7 
00 FF FF 00 10 0D 22 93 00 00 01 00 00 10 03 97 0D 00 00 13 18 
00 FF FF 00 10 0D 22 93 00 00 01 00 00 10 03 98 0D 00 00 0A A7 
00 FF FF 00 10 0D 22 93 00 00 01 00 00 10 03 99 0D 00 00 0A 2B 
00 FF FF 00 10 0D 22 93 00 00 01 00 00 10 03 9A 0D 00 00 11 43 
00 FF FF 00 10 0D 22 93 00 00 01 00 00 10 03 9B 0D 00 00 0B 4F 
00 FF FF 00 10 0D 22 93 00 00 01 00 00 10 03 9C 0D 00 00 1B 85 
00 FF FF 00 10 0D 22 93 00 00 01 00 00 10 03 9D 0D 00 00 0A B6 
00 FF FF 00 10 0D 22 93 00 00 01 00 00 10 03 9E 0D 00 00 06 08 
00 FF FF 00 10 0D 22 93 00 00 01 00 00 10 03 9F 0D 00 00 0E 77 
00 FF FF 00 10 0D 22 93 00 00 01 00 00 10 03 A0 0D 00 00 00 AD 
00 FF FF 00 10 0D 22 93 00 00 01 00 00 10 03 A1 0D 00 00 07 0E 
00 FF FF 00 10 0D 22 93 00 00 01 00 00 10 03 A2 0D 00 00 0C 38 
00 FF FF 00 10 0D 22 93 00 00 01 00 00 10 03 A3 0D 00 00 0D E7 
00 FF FF 00 10 0D 22 93 00 00 01 00 00 10 03 A4 0D 00 00 07 9D 
00 FF FF 00 10 0D 22 93 00 00 01 00 00 10 03 A5 0D 00 00 1A B9 
00 FF FF 00 10 0D 22 93 00 00 01 00 00 10 03 A6 0D 00 00 18 4C 
00 FF FF 00 10 0D 22 93 00 00 01 00 00 10 03 A7 0D 00 00 11 7B 
00 FF FF 00 10 0D 22 93 00 00 01 00 00 10 03 A8 0D 00 00 0D BB 
00 FF FF 00 10 0D 22 93 00 00 01 00 00 10 03 A9 0D 00 00 07 A3 
00 FF FF 00 10 0D 22 93 00 00 01 00 00 10 03 AA 0D 00 00 0B 44 
00 FF FF 00 10 0D 22 93 00 00 01 00 00 10 03 AB 0D 00 00 05 F4 
00 FF FF 00 10 0D 22 93 00 00 01 00 00 10 03 AC 0D 00 00 13 DF 
00 FF FF 00 10 0D 22 93 00 00 01 00 00 10 03 AD 0D 00 00 05 D9 
00 FF FF 00 10 0D 22 93 00 00 01 00 00 10 03 AE 0D 00 00 11 B7 
00 FF FF 00 10 0D 22 93 00 00 01 00 00 10 03 AF 0D 00 00 14 AD 
00 FF FF 00 10 0D 22 93 00 00 01 00 00 10 03 B0 0D 00 00 0E C8 
00 FF FF 00 10 0D 22 93 00 00 01 00 00 10 03 B1 0D 00 00 0C 5C 
00 FF FF 00 10 0D 22 93 00 00 01 00 00 10 03 B2 0D 00 00 11 6A 
00 FF FF 00 10 0D 22 93 00 00 01 00 00 10 03 B3 0D 00 00 04 FA 
00 FF FF 00 10 0D 22 93 00 00 01 00 00 10 03 B4 0D 00 00 13 1E 
00 FF FF 00 10 0D 22 93 00 00 01 00 00 10 03 B5 0D 00 00 19 88 
00 FF FF 00 10 0D 22 93 00 00 01 00 00 10 03 B6 0D 00 00 0D 7E 
00 FF FF 00 10 0D 22 93 00 00 01 00 00 10 03 B7 0D 00 00 13 50 
00 FF FF 00 10 0D 22 93 00 00 01 00 00 10 03 B8 0D 00 00 0A 6D 
00 FF FF 00 10 0D 22 93 00 00 01 00 00 10 03 B9 0D 00 00 0E CB 
00 FF FF 00 10 0D 22 93 00 00 01 00 00 10 03 BA 0D 00 00 0C DE 
00 FF FF 00 10 0D 22 93 00 00 01 00 00 10 03 BB 0D 00 00 08 BA 
00 FF FF 00 10 0D 22 93 00 00 01 00 00 10 03 BC 0D 00 00 0A 37 
00 FF FF 00 10 0D 22 93 00 00 01 00 00 10 03 BD 0D 00 00 0A B3 
00 FF FF 00 10 0D 22 93 00 00 01 00 00 10 03 BE 0D 00 00 09 24 
00 FF FF 00 10 0D 22 93 00 00 01 00 00 10 03 BF 0D 00 00 1B 12 
00 FF FF 00 10 0D 22 93 00 00 01 00 00 10 03 C0 0D 00 00 12 2B 
00 FF FF 00 10 0D 22 93 00 00 01 00 00 10 03 C1 0D 00 00 0E EE 
00 FF FF 00 10 0D 22 93 00 00 01 00 00 10 03 C2 0D 00 00 10 EA 
00 FF FF 00 10 0D 22 93 00 00 01 00 00 10 03 C3 0D 00 00 0D B4 
00 FF FF 00 10 0D 22 93 00 00 01 00 00 10 03 C4 0D 00 00 13 A3 
00 FF FF 00 10 0D 22 93 00 00 01 00 00 10 03 C5 0D 00 00 13 67 
00 FF FF 00 10 0D 22 93 00 00 01 00 00 10 03 C6 0D 00 00 1B C4 
00 FF FF 00 10 0D 22 93 00 00 01 00 00 10 03 C7 0D 00 00 13 A6 
00 FF FF 00 10 0D 22 93 00 00 01 00 00 10 03 C8 0D 00 00 16 A7 
00 FF FF 00 10 0D 22 93 00 00 01 00 00 10 03 C9 0D 00 00 0D 8E 
00 FF FF 00 10 0D 22 93 00 00 01 00 00 10 03 CA 0D 00 00 10 52 
00 FF FF 00 10 0D 22 93 00 00 01 00 00 10 03 CB 0D 00 00 15 DE 
00 FF FF 00 10 0D 22 93 00 00 01 00 00 10 03 CC 0D 00 00 0D A3 
00 FF FF 00 10 0D 22 93 00 00 01 00 00 10 03 CD 0D 00 00 0D 74 
00 FF FF 00 10 0D 22 93 00 00 01 00 00 10 03 CE 0D 00 00 11 3D 
00 FF FF 00 10 0D 22 93 00 00 01 00 00 10 03 CF 0D 00 00 08 D5 
00 FF FF 00 10 0D 22 93 00 00 01 00 00 10 03 D0 0D 00 00 14 CA 
00 FF FF 00 10 0D 22 93 00 00 01 00 00 10 03 D1 0D 00 00 10 EA 
00 FF FF 00 10 0D 22 93 00 00 01 00 00 10 03 D2 0D 00 00 14 19 
00 FF FF 00 10 0D 22 93 00 00 01 00 00 10 03 D3 0D 00 00 0E 18 
00 FF FF 00 10 0D 22 93 00 00 01 00 00 10 03 D4 0D 00 00 12 69 
00 FF FF 00 10 0D 22 93 00 00 01 00 00 10 03 D5 0D 00 00 0E DD 
00 FF FF 00 10 0D 22 93 00 00 01 00 00 10 03 D6 0D 00 00 19 F4 
00 FF FF 00 10 0D 22 93 00 00 01 00 00 10 03 D7 0D 00 00 11 99 
00 FF FF 00 10 0D 22 93 00 00 01 00 00 10 03 D8 0D 00 00 0C 6A 
00 FF FF 00 10 0D 22 93 00 00 01 00 00 10 03 D9 0D 00 00 06 18 
00 FF FF 00 10 0D 22 93 00 00 01 00 00 10 03 DA 0D 00 00 0F 70 
00 FF FF 00 10 0D 22 93 00 00 01 00 00 10 03 DB 0D 00 00 13 42 
00 FF FF 00 10 0D 22 93 00 00 01 00 00 10 03 DC 0D 00 00 10 26 
00 FF FF 00 10 0D 22 93 00 00 01 00 00 10 03 DD 0D 00 00 0C F6 
00 FF FF 00 10 0D 22 93 00 00 01 00 00 10 03 DE 0D 00 00 0E AB 
00 FF FF 00 10 0D 22 93 00 00 01 00 00 10 03 DF 0D 00 00 12 25 
00 FF FF 00 10 0D 22 93 00 00 01 00 00 10 03 E0 0D 00 00 13 D6 
00 FF FF 00 10 0D 22 93 00 00 01 00 00 10 03 E1 0D 00 00 1A FE 
00 FF FF 00 10 0D 22 93 00 00 01 00 00 10 03 E2 0D 00 00 0F A1 
00 FF FF 00 10 0D 22 93 00 00 01 00 00 10 03 E3 0D 00 00 13 E7 
00 FF FF 00 10 0D 22 93 00 00 01 00 00 10 03 E4 0D 00 00 0B CC 
00 FF FF 00 10 0D 22 93 00 00 01 00 00 10 03 E5 0D 00 00 0E 63 
00 FF FF 00 10 0D 22 93 00 00 01 00 00 10 03 E6 0D 00 00 12 17 
00 FF FF 00 10 0D 22 93 00 00 01 00 00 10 03 E7 0D 00 00 0F 0B 
00 FF FF 00 10 0D 22 93 00 00 01 00 00 10 03 E8 0D 00 00 0B 53 
00 FF FF 00 10 0D 22 93 00 00 01 00 00 10 03 E9 0D 00 00 0E A2 
00 FF FF 00 10 0D 22 93 00 00 01 00 00 10 03 EA 0D 00 00 0E 55 
00 FF FF 00 10 0D 22 93 00 00 01 00 00 10 03 EB 0D 00 00 0C E9 
00 FF FF 00 10 0D 22 93 00 00 01 00 00 10 03 EC 0D 00 00 15 C2 
00 FF FF 00 10 0D 22 93 00 00 01 00 00 10 03 ED 0D 00 00 10 2F 
00 FF FF 00 10 0D 22 93 00 00 01 00 00 10 03 EE 0D 00 00 0D F0 
00 FF FF 00 10 0D 22 93 00 00 01 00 00 10 03 EF 0D 00 00 09 87 
00 FF FF 00 10 0D 22 93 00 00 01 00 00 10 03 F0 0D 00 00 0E 51 
00 FF FF 00 10 0D 22 93 00 00 01 00 00 10 03 F1 0D 00 00 0C C5 
00 FF FF 00 10 0D 22 93 00 00 01 00 00 10 03 F2 0D 00 00 0B 4F 
00 FF FF 00 10 0D 22 93 00 00 01 00 00 10 03 F3 0D 00 00 08 BE 
00 FF FF 00 10 0D 22 93 00 00 01 00 00 10 03 F4 0D 00 00 06 4D 
00 FF FF 00 10 0D 22 93 00 00 01 00 00 10 03 F5 0D 00 00 0D AE 
00 FF FF 00 10 0D 22 93 00 00 01 00 00 10 03 F6 0D 00 00 09 F2 
00 FF FF 00 10 0D 22 93 00 00 01 00 00 10 03 F7 0D 00 00 0A C6 
00 FF FF 00 10 0D 22 93 00 00 01 00 00 10 03 F8 0D 00 00 10 DC 
00 FF FF 00 10 0D 22 93 00 00 01 00 00 10 03 F9 0D 00 00 13 E9 
00 FF FF 00 10 0D 22 93 00 00 01 00 00 10 03 FA 0D 00 00 0F 5E 
00 FF FF 00 10 0D 22 93 00 00 01 00 00 10 03 FB 0D 00 00 0B 77 
00 FF FF 00 10 0D 22 93 00 00 01 00 00 10 03 FC 0D 00 00 12 CB 
00 FF FF 00 10 0D 22 93 00 00 01 00 00 10 03 FD 0D 00 00 0E 08 
00 FF FF 00 10 0D 22 93 00 00 01 00 00 10 03 FE 0D 00 00 0E B2 
00 FF FF 00 10 0D 22 93 00 00 01 00 00 10 03 FF 0D 00 00 12 31 
00 FF FF 00 10 0D 22 93 00 00 01 00 00 10 04 00 0D 00 00 0B A7 
00 FF FF 00 10 0D 22 93 00 00 01 00 00 10 04 01 0D 00 00 0A 70 
00 FF FF 00 10 0D 22 93 00 00 01 00 00 10 04 02 0D 00 00 0E 9A 
00 FF FF 00 10 0D 22 93 00 00 01 00 00 10 04 03 0D 00 00 18 AA 
00 FF FF 00 10 0D 22 93 00 00 01 00 00 10 04 04 0D 00 00 08 8A 
00 FF FF 00 10 0D 22 93 00 00 01 00 00 10 04 05 0D 00 00 14 05 
00 FF FF 00 10 0D 22 93 00 00 01 00 00 10 04 06 0D 00 00 0B 11 
00 FF FF 00 10 0D 22 93 00 00 01 00 00 10 04 07 0D 00 00 0B E0 
00 FF FF 00 10 0D 22 93 00 00 01 00 00 10 04 08 0D 00 00 13 73 
00 FF FF 00 10 0D 22 93 00 00 01 00 00 10 04 09 0D 00 00 0A 67 
00 FF FF 00 10 0D 22 93 00 00 01 00 00 10 04 0A 0D 00 00 06 AD 
00 FF FF 00 10 0D 22 93 00 00 01 00 00 10 04 0B 0D 00 00 0C 5C 
00 FF FF 00 10 0D 22 93 00 00 01 00 00 10 04 0C 0D 00 00 1D 93 
00 FF FF 00 10 0D 22 93 00 00 01 00 00 10 04 0D 0D 00 00 08 8F 
00 FF FF 00 10 0D 22 93 00 00 01 00 00 10 04 0E 0D 00 00 0B E0 
00 FF FF 00 10 0D 22 93 00 00 01 00 00 10 04 0F 0D 00 00 07 CA 
00 FF FF 00 10 0D 22 93 00 00 01 00 00 10 04 10 0D 00 00 0B 6E 
00 FF FF 00 10 0D 22 93 00 00 01 00 00 10 04 11 0D 00 00 13 11 
00 FF FF 00 10 0D 22 93 00 00 01 00 00 10 04 12 0D 00 00 0A 75 
00 FF FF 00 10 0D 22 93 00 00 01 00 00 10 04 13 0D 00 00 18 F5 
00 FF FF 00 10 0D 22 93 00 00 01 00 00 10 04 14 0D 00 00 08 9C 
00 FF FF 00 10 0D 22 93 00 00 01 00 00 10 04 15 0D 00 00 0D 5B 
00 FF FF 00 10 0D 22 93 00 00 01 00 00 10 04 16 0D 00 00 0D D8 
00 FF FF 00 10 0D 22 93 00 00 01 00 00 10 04 17 0D 00 00 0F 40 
00 FF FF 00 10 0D 22 93 00 00 01 00 00 10 04 18 0D 00 00 09 02 
00 FF FF 00 10 0D 22 93 00 00 01 00 00 10 04 19 0D 00 00 12 15 
00 FF FF 00 10 0D 22 93 00 00 01 00 00 10 04 1A 0D 00 00 14 41 
00 FF FF 00 10 0D 22 93 00 00 01 00 00 10 04 1B 0D 00 00 0B A6 
00 FF FF 00 10 0D 22 93 00 00 01 00 00 10 04 1C 0D 00 00 0D 3D 
00 FF FF 00 10 0D 22 93 00 00 01 00 00 10 04 1D 0D 00 00 07 C7 
00 FF FF 00 10 0D 22 93 00 00 01 00 00 10 04 1E 0D 00 00 0C B0 
00 FF FF 00 10 0D 22 93 00 00 01 00 00 10 04 1F 0D 00 00 0D 98 
00 FF FF 00 10 0D 22 93 00 00 01 00 00 10 04 20 0D 00 00 0B CF 
00 FF FF 00 10 0D 22 93 00 00 01 00 00 10 04 21 0D 00 00 09 32 
00 FF FF 00 10 0D 22 93 00 00 01 00 00 10 04 22 0D 00 00 0B DF 
00 FF FF 00 10 0D 22 93 00 00 01 00 00 10 04 23 0D 00 00 17 3F 
00 FF FF 00 10 0D 22 93 00 00 01 00 00 10 04 24 0D 00 00 14 26 
00 FF FF 00 10 0D 22 93 00 00 01 00 00 10 04 25 0D 00 00 19 2E 
00 FF FF 00 10 0D 22 93 00 00 01 00 00 10 04 26 0D 00 00 0D 9B 
00 FF FF 00 10 0D 22 93 00 00 01 00 00 10 04 27 0D 00 00 16 38 
00 FF FF 00 10 0D 22 93 00 00 01 00 00 10 04 28 0D 00 00 0B D2 
00 FF FF 00 10 0D 22 93 00 00 01 00 00 10 04 29 0D 00 00 16 CE 
00 FF FF 00 10 0D 22 93 00 00 01 00 00 10 04 2A 0D 00 00 0D 64 
00 FF FF 00 10 0D 22 93 00 00 01 00 00 10 04 2B 0D 00 00 0A 9F 
00 FF FF 00 10 0D 22 93 00 00 01 00 00 10 04 2C 0D 00 00 08 52 
00 FF FF 00 10 0D 22 93 00 00 01 00 00 10 04 2D 0D 00 00 0C A2 
00 FF FF 00 10 0D 22 93 00 00 01 00 00 10 04 2E 0D 00 00 17 1F 
00 FF FF 00 10 0D 22 93 00 00 01 00 00 10 04 2F 0D 00 00 0A 5A 
00 FF FF 00 10 0D 22 93 00 00 01 00 00 10 04 30 0D 00 00 0C FA 
00 FF FF 00 10 0D 22 93 00 00 01 00 00 10 04 31 0D 00 00 06 79 
00 FF FF 00 10 0D 22 93 00 00 01 00 00 10 04 32 0D 00 00 09 92 
00 FF FF 00 10 0D 22 93 00 00 01 00 00 10 04 33 0D 00 00 09 68 
00 FF FF 00 10 0D 22 93 00 00 01 00 00 10 04 34 0D 00 00 15 0A 
00 FF FF 00 10 0D 22 93 00 00 01 00 00 10 04 35 0D 00 00 16 70 
00 FF FF 00 10 0D 22 93 00 00 01 00 00 10 04 36 0D 00 00 13 96 
00 FF FF 00 10 0D 22 93 00 00 01 00 00 10 04 37 0D 00 00 0B 0A 
00 FF FF 00 10 0D 22 93 00 00 01 00 00 10 04 38 0D 00 00 09 A5 
00 FF FF 00 10 0D 22 93 00 00 01 00 00 10 04 39 0D 00 00 0D C6 
00 FF FF 00 10 0D 22 93 00 00 01 00 00 10 04 3A 0D 00 00 08 34 
00 FF FF 00 10 0D 22 93 00 00 01 00 00 10 04 3B 0D 00 00 0C 8A 
00 FF FF 00 10 0D 22 93 00 00 01 00 00 10 04 3C 0D 00 00 08 EE 
00 FF FF 00 10 0D 22 93 00 00 01 00 00 10 04 3D 0D 00 00 0B 97 
00 FF FF 00 10 0D 22 93 00 00 01 00 00 10 04 3E 0D 00 00 14 D2 
00 FF FF 00 10 0D 22 93 00 00 01 00 00 10 04 3F 0D 00 00 0E FD 
00 FF FF 00 10 0D 22 93 00 00 01 00 00 10 04 40 0D 00 00 05 10 
00 FF FF 00 10 0D 22 93 00 00 01 00 00 10 04 41 0D 00 00 09 5E 
00 FF FF 00 10 0D 22 93 00 00 01 00 00 10 04 42 0D 00 00 0C 33 
00 FF FF 00 10 0D 22 93 00 00 01 00 00 10 04 43 0D 00 00 04 89 
00 FF FF 00 10 0D 22 93 00 00 01 00 00 10 04 44 0D 00 00 08 57 
00 FF FF 00 10 0D 22 93 00 00 01 00 00 10 04 45 0D 00 00 0B 54 
00 FF FF 00 10 0D 22 93 00 00 01 00 00 10 04 46 0D 00 00 0C 71 
00 FF FF 00 10 0D 22 93 00 00 01 00 00 10 04 47 0D 00 00 0C 36 
00 FF FF 00 10 0D 22 93 00 00 01 00 00 10 04 48 0D 00 00 09 07 
00 FF FF 00 10 0D 22 93 00 00 01 00 00 10 04 49 0D 00 00 18 43 
00 FF FF 00 10 0D 22 93 00 00 01 00 00 10 04 4A 0D 00 00 08 CE 
00 FF FF 00 10 0D 22 93 00 00 01 00 00 10 04 4B 0D 00 00 0C 3F 
00 FF FF 00 10 0D 22 93 00 00 01 00 00 10 04 4C 0D 00 00 08 20 
00 FF FF 00 10 0D 22 93 00 00 01 00 00 10 04 4D 0D 00 00 06 80 
00 FF FF 00 10 0D 22 93 00 00 01 00 00 10 04 4E 0D 00 00 0C 2C 
00 FF FF 00 10 0D 22 93 00 00 01 00 00 10 04 4F 0D 00 00 0C CB 
00 FF FF 00 10 0D 22 93 00 00 01 00 00 10 04 50 0D 00 00 1A 0E 
00 FF FF 00 10 0D 22 93 00 00 01 00 00 10 04 51 0D 00 00 0E 14 
00 FF FF 00 10 0D 22 93 00 00 01 00 00 10 04 52 0D 00 00 11 3A 
00 FF FF 00 10 0D 22 93 00 00 01 00 00 10 04 53 0D 00 00 0B 0A 
00 FF FF 00 10 0D 22 93 00 00 01 00 00 10 04 54 0D 00 00 0B EB 
00 FF FF 00 10 0D 22 93 00 00 01 00 00 10 04 55 0D 00 00 0B 26 
00 FF FF 00 10 0D 22 93 00 00 01 00 00 10 04 56 0D 00 00 1A 6A 
00 FF FF 00 10 0D 22 93 00 00 01 00 00 10 04 57 0D 00 00 19 42 
00 FF FF 00 10 0D 22 93 00 00 01 00 00 10 04 58 0D 00 00 0C 16 
00 FF FF 00 10 0D 22 93 00 00 01 00 00 10 04 59 0D 00 00 18 A5 
00 FF FF 00 10 0D 22 93 00 00 01 00 00 10 04 5A 0D 00 00 0A D2 
00 FF FF 00 10 0D 22 93 00 00 01 00 00 10 04 5B 0D 00 00 11 BD 
00 FF FF 00 10 0D 22 93 00 00 01 00 00 10 04 5C 0D 00 00 07 1B 
00 FF FF 00 10 0D 22 93 00 00 01 00 00 10 04 5D 0D 00 00 0D F2 
00 FF FF 00 10 0D 22 93 00 00 01 00 00 10 04 5E 0D 00 00 13 18 
00 FF FF 00 10 0D 22 93 00 00 01 00 00 10 04 5F 0D 00 00 0D D2 
00 FF FF 00 10 0D 22 93 00 00 01 00 00 10 04 60 0D 00 00 19 B4 
00 FF FF 00 10 0D 22 93 00 00 01 00 00 10 04 61 0D 00 00 12 91 
00 FF FF 00 10 0D 22 93 00 00 01 00 00 10 04 62 0D 00 00 19 3D 
00 FF FF 00 10 0D 22 93 00 00 01 00 00 10 04 63 0D 00 00 0A 85 
00 FF FF 00 10 0D 22 93 00 00 01 00 00 10 04 64 0D 00 00 0F 1B 
00 FF FF 00 10 0D 22 93 00 00 01 00 00 10 04 65 0D 00 00 08 B6 
00 FF FF 00 10 0D 22 93 00 00 01 00 00 10 04 66 0D 00 00 0A E8 
00 FF FF 00 10 0D 22 93 00 00 01 00 00 10 04 67 0D 00 00 13 1E 
00 FF FF 00 10 0D 22 93 00 00 01 00 00 10 04 68 0D 00 00 0E 36 
00 FF FF 00 10 0D 22 93 00 00 01 00 00 10 04 69 0D 00 00 0D F2 
00 FF FF 00 10 0D 22 93 00 00 01 00 00 10 04 6A 0D 00 00 0A B5 
00 FF FF 00 10 0D 22 93 00 00 01 00 00 10 04 6B 0D 00 00 14 5C 
00 FF FF 00 10 0D 22 93 00 00 01 00 00 10 04 6C 0D 00 00 01 37 
00 FF FF 00 10 0D 22 93 00 00 01 00 00 10 04 6D 0D 00 00 17 25 
00 FF FF 00 10 0D 22 93 00 00 01 00 00 10 04 6E 0D 00 00 07 E3 
00 FF FF 00 10 0D 22 93 00 00 01 00 00 10 04 6F 0D 00 00 0D D6 
00 FF FF 00 10 0D 22 93 00 00 01 00 00 10 04 70 0D 00 00 17 14 
00 FF FF 00 10 0D 22 93 00 00 01 00 00 10 04 71 0D 00 00 00 64 
00 FF FF 00 10 0D 22 93 00 00 01 00 00 10 04 72 0D 00 00 18 16 
00 FF FF 00 10 0D 22 93 00 00 01 00 00 10 04 73 0D 00 00 0F DD 
00 FF FF 00 10 0D 22 93 00 00 01 00 00 10 04 74 0D 00 00 13 25 
00 FF FF 00 10 0D 22 93 00 00 01 00 00 10 04 75 0D 00 00 0D BC 
00 FF FF 00 10 0D 22 93 00 00 01 00 00 10 04 76 0D 00 00 0D 8E 
00 FF FF 00 10 0D 22 93 00 00 01 00 00 10 04 77 0D 00 00 0F F8 
00 FF FF 00 10 0D 22 93 00 00 01 00 00 10 04 78 0D 00 00 0F 56 
00 FF FF 00 10 0D 22 93 00 00 01 00 00 10 04 79 0D 00 00 0A FB 
00 FF FF 00 10 0D 22 93 00 00 01 00 00 10 04 7A 0D 00 00 0D 3B 
00 FF FF 00 10 0D 22 93 00 00 01 00 00 10 04 7B 0D 00 00 0A 47 
00 FF FF 00 10 0D 22 93 00 00 01 00 00 10 04 7C 0D 00 00 0F 93 
00 FF FF 00 10 0D 22 93 00 00 01 00 00 10 04 7D 0D 00 00 10 06 
00 FF FF 00 10 0D 22 93 00 00 01 00 00 10 04 7E 0D 00 00 08 5F 
00 FF FF 00 10 0D 22 93 00 00 01 00 00 10 04 7F 0D 00 00 0E CD 
00 FF FF 00 10 0D 22 93 00 00 01 00 00 10 04 80 0D 00 00 14 24 
00 FF FF 00 10 0D 22 93 00 00 01 00 00 10 04 81 0D 00 00 0F F1 
00 FF FF 00 10 0D 22 93 00 00 01 00 00 10 04 82 0D 00 00 0E 24 
00 FF FF 00 10 0D 22 93 00 00 01 00 00 10 04 83 0D 00 00 17 41 
00 FF FF 00 10 0D 22 93 00 00 01 00 00 10 04 84 0D 00 00 0F CB 
00 FF FF 00 10 0D 22 93 00 00 01 00 00 10 04 85 0D 00 00 0A D2 
00 FF FF 00 10 0D 22 93 00 00 01 00 00 10 04 86 0D 00 00 15 27 
00 FF FF 00 10 0D 22 93 00 00 01 00 00 10 04 87 0D 00 00 0F 26 
00 FF FF 00 10 0D 22 93 00 00 01 00 00 10 04 88 0D 00 00 0D 62 
00 FF FF 00 10 0D 22 93 00 00 01 00 00 10 04 89 0D 00 00 0A 69 
00 FF FF 00 10 0D 22 93 00 00 01 00 00 10 04 8A 0D 00 00 11 3B 
00 FF FF 00 10 0D 22 93 00 00 01 00 00 10 04 8B 0D 00 00 15 CB 
00 FF FF 00 10 0D 22 93 00 00 01 00 00 10 04 8C 0D 00 00 0D 5E 
00 FF FF 00 10 0D 22 93 00 00 01 00 00 10 04 8D 0D 00 00 10 23 
00 FF FF 00 10 0D 22 93 00 00 01 00 00 10 04 8E 0D 00 00 0C 5A 
00 FF FF 00 10 0D 22 93 00 00 01 00 00 10 04 8F 0D 00 00 0D 47 
00 FF FF 00 10 0D 22 93 00 00 01 00 00 10 04 90 0D 00 00 10 38 
00 FF FF 00 10 0D 22 93 00 00 01 00 00 10 04 91 0D 00 00 0C CA 
00 FF FF 00 10 0D 22 93 00 00 01 00 00 10 04 92 0D 00 00 11 E4 
00 FF FF 00 10 0D 22 93 00 00 01 00 00 10 04 93 0D 00 00 0F 58 
00 FF FF 00 10 0D 22 93 00 00 01 00 00 10 04 94 0D 00 00 16 3C 
00 FF FF 00 10 0D 22 93 00 00 01 00 00 10 04 95 0D 00 00 15 4C 
00 FF FF 00 10 0D 22 93 00 00 01 00 00 10 04 96 0D 00 00 11 C1 
00 FF FF 00 10 0D 22 93 00 00 01 00 00 10 04 97 0D 00 00 0B 83 
00 FF FF 00 10 0D 22 93 00 00 01 00 00 10 04 98 0D 00 00 1D 7D 
00 FF FF 00 10 0D 22 93 00 00 01 00 00 10 04 99 0D 00 00 12 8E 
00 FF FF 00 10 0D 22 93 00 00 01 00 00 10 04 9A 0D 00 00 24 EE 
00 FF FF 00 10 0D 22 93 00 00 01 00 00 10 04 9B 0D 00 00 0C AC 
00 FF FF 00 10 0D 22 93 00 00 01 00 00 10 04 9C 0D 00 00 22 E6 
00 FF FF 00 10 0D 22 93 00 00 01 00 00 10 04 9D 0D 00 00 15 0C 
00 FF FF 00 10 0D 22 93 00 00 01 00 00 10 04 9E 0D 00 00 0F 68 
00 FF FF 00 10 0D 22 93 00 00 01 00 00 10 04 9F 0D 00 00 12 98 
00 FF FF 00 10 0D 22 93 00 00 01 00 00 10 04 A0 0D 00 00 0D 8F 
00 FF FF 00 10 0D 22 93 00 00 01 00 00 10 04 A1 0D 00 00 20 09 
00 FF FF 00 10 0D 22 93 00 00 01 00 00 10 04 A2 0D 00 00 11 57 
00 FF FF 00 10 0D 22 93 00 00 01 00 00 10 04 A3 0D 00 00 24 DF 
00 FF FF 00 10 0D 22 93 00 00 01 00 00 10 04 A4 0D 00 00 08 D4 
00 FF FF 00 10 0D 22 93 00 00 01 00 00 10 04 A5 0D 00 00 11 0B 
00 FF FF 00 10 0D 22 93 00 00 01 00 00 10 04 A6 0D 00 00 11 45 
00 FF FF 00 10 0D 22 93 00 00 01 00 00 10 04 A7 0D 00 00 0C 49 
00 FF FF 00 10 0D 22 93 00 00 01 00 00 10 04 A8 0D 00 00 19 F1 
00 FF FF 00 10 0D 22 93 00 00 01 00 00 10 04 A9 0D 00 00 09 67 
00 FF FF 00 10 0D 22 93 00 00 01 00 00 10 04 AA 0D 00 00 0F 2F 
00 FF FF 00 10 0D 22 93 00 00 01 00 00 10 04 AB 0D 00 00 13 72 
00 FF FF 00 10 0D 22 93 00 00 01 00 00 10 04 AC 0D 00 00 17 02 
00 FF FF 00 10 0D 22 93 00 00 01 00 00 10 04 AD 0D 00 00 0E 20 
00 FF FF 00 10 0D 22 93 00 00 01 00 00 10 04 AE 0D 00 00 0F 5E 
00 FF FF 00 10 0D 22 93 00 00 01 00 00 10 04 AF 0D 00 00 14 67 
00 FF FF 00 10 0D 22 93 00 00 01 00 00 10 04 B0 0D 00 00 0C 18 
00 FF FF 00 10 0D 22 93 00 00 01 00 00 10 04 B1 0D 00 00 0F 1D 
00 FF FF 00 10 0D 22 93 00 00 01 00 00 10 04 B2 0D 00 00 12 2A 
00 FF FF 00 10 0D 22 93 00 00 01 00 00 10 04 B3 0D 00 00 09 9A 
00 FF FF 00 10 0D 22 93 00 00 01 00 00 10 04 B4 0D 00 00 0D 27 
00 FF FF 00 10 0D 22 93 00 00 01 00 00 10 04 B5 0D 00 00 0C F5 
00 FF FF 00 10 0D 22 93 00 00 01 00 00 10 04 B6 0D 00 00 10 CC 
00 FF FF 00 10 0D 22 93 00 00 01 00 00 10 04 B7 0D 00 00 18 9F 
00 FF FF 00 10 0D 22 93 00 00 01 00 00 10 04 B8 0D 00 00 11 DF 
00 FF FF 00 10 0D 22 93 00 00 01 00 00 10 04 B9 0D 00 00 0C A3 
00 FF FF 00 10 0D 22 93 00 00 01 00 00 10 04 BA 0D 00 00 0D 15 
00 FF FF 00 10 0D 22 93 00 00 01 00 00 10 04 BB 0D 00 00 12 F4 
00 FF FF 00 10 0D 22 93 00 00 01 00 00 10 04 BC 0D 00 00 14 7A 
00 FF FF 00 10 0D 22 93 00 00 01 00 00 10 04 BD 0D 00 00 14 98 
00 FF FF 00 10 0D 22 93 00 00 01 00 00 10 04 BE 0D 00 00 0E E3 
00 FF FF 00 10 0D 22 93 00 00 01 00 00 10 04 BF 0D 00 00 0F 9C 
00 FF FF 00 10 0D 22 93 00 00 01 00 00 10 04 C0 0D 00 00 10 12 
00 FF FF 00 10 0D 22 93 00 00 01 00 00 10 04 C1 0D 00 00 16 15 
00 FF FF 00 10 0D 22 93 00 00 01 00 00 10 04 C2 0D 00 00 0C 10 
00 FF FF 00 10 0D 22 93 00 00 01 00 00 10 04 C3 0D 00 00 0B DB 
00 FF FF 00 10 0D 22 93 00 00 01 00 00 10 04 C4 0D 00 00 0A EB 
00 FF FF 00 10 0D 22 93 00 00 01 00 00 10 04 C5 0D 00 00 24 F7 
00 FF FF 00 10 0D 22 93 00 00 01 00 00 10 04 C6 0D 00 00 0B A7 
00 FF FF 00 10 0D 22 93 00 00 01 00 00 10 04 C7 0D 00 00 0E A4 
00 FF FF 00 10 0D 22 93 00 00 01 00 00 10 04 C8 0D 00 00 16 0C 
00 FF FF 00 10 0D 22 93 00 00 01 00 00 10 04 C9 0D 00 00 0F 03 
00 FF FF 00 10 0D 22 93 00 00 01 00 00 10 04 CA 0D 00 00 0F F3 
00 FF FF 00 10 0D 22 93 00 00 01 00 00 10 04 CB 0D 00 00 03 27 
00 FF FF 00 10 0D 22 93 00 00 01 00 00 10 04 CC 0D 00 00 18 84 
00 FF FF 00 10 0D 22 93 00 00 01 00 00 10 04 CD 0D 00 00 11 4A 
00 FF FF 00 10 0D 22 93 00 00 01 00 00 10 04 CE 0D 00 00 11 3A 
00 FF FF 00 10 0D 22 93 00 00 01 00 00 10 04 CF 0D 00 00 16 03 
00 FF FF 00 10 0D 22 93 00 00 01 00 00 10 04 D0 0D 00 00 13 8D 
00 FF FF 00 10 0D 22 93 00 00 01 00 00 10 04 D1 0D 00 00 14 0B 
00 FF FF 00 10 0D 22 93 00 00 01 00 00 10 04 D2 0D 00 00 0E 5C 
00 FF FF 00 10 0D 22 93 00 00 01 00 00 10 04 D3 0D 00 00 0D B8 
00 FF FF 00 10 0D 22 93 00 00 01 00 00 10 04 D4 0D 00 00 0E 50 
00 FF FF 00 10 0D 22 93 00 00 01 00 00 10 04 D5 0D 00 00 20 B2 
00 FF FF 00 10 0D 22 93 00 00 01 00 00 10 04 D6 0D 00 00 0A 95 
00 FF FF 00 10 0D 22 93 00 00 01 00 00 10 04 D7 0D 00 00 2C 0D 
00 FF FF 00 10 0D 22 93 00 00 01 00 00 10 04 D8 0D 00 00 19 FE 
00 FF FF 00 10 0D 22 93 00 00 01 00 00 10 04 D9 0D 00 00 12 E7 
00 FF FF 00 10 0D 22 93 00 00 01 00 00 10 04 DA 0D 00 00 0F 7B 
00 FF FF 00 10 0D 22 93 00 00 01 00 00 10 04 DB 0D 00 00 0B CB 
00 FF FF 00 10 0D 22 93 00 00 01 00 00 10 04 DC 0D 00 00 0E 8A 
00 FF FF 00 10 0D 22 93 00 00 01 00 00 10 04 DD 0D 00 00 09 3F 
00 FF FF 00 10 0D 22 93 00 00 01 00 00 10 04 DE 0D 00 00 2B 42 
00 FF FF 00 10 0D 22 93 00 00 01 00 00 10 04 DF 0D 00 00 1A 1B 
00 FF FF 00 10 0D 22 93 00 00 01 00 00 10 04 E0 0D 00 00 0A 28 
00 FF FF 00 10 0D 22 93 00 00 01 00 00 10 04 E1 0D 00 00 0A 72 
00 FF FF 00 10 0D 22 93 00 00 01 00 00 10 04 E2 0D 00 00 12 A3 
00 FF FF 00 10 0D 22 93 00 00 01 00 00 10 04 E3 0D 00 00 11 61 
00 FF FF 00 10 0D 22 93 00 00 01 00 00 10 04 E4 0D 00 00 10 09 
00 FF FF 00 10 0D 22 93 00 00 01 00 00 10 04 E5 0D 00 00 0F B8 
00 FF FF 00 10 0D 22 93 00 00 01 00 00 10 04 E6 0D 00 00 0F 7B 
00 FF FF 00 10 0D 22 93 00 00 01 00 00 10 04 E7 0D 00 00 11 5A 
00 FF FF 00 10 0D 22 93 00 00 01 00 00 10 04 E8 0D 00 00 0D 58 
00 FF FF 00 10 0D 22 93 00 00 01 00 00 10 04 E9 0D 00 00 26 4C 
00 FF FF 00 10 0D 22 93 00 00 01 00 00 10 04 EA 0D 00 00 19 1E 
00 FF FF 00 10 0D 22 93 00 00 01 00 00 10 04 EB 0D 00 00 0C 75 
00 FF FF 00 10 0D 22 93 00 00 01 00 00 10 04 EC 0D 00 00 0D BF 
00 FF FF 00 10 0D 22 93 00 00 01 00 00 10 04 ED 0D 00 00 0C DB 
00 FF FF 00 10 0D 22 93 00 00 01 00 00 10 04 EE 0D 00 00 22 73 
00 FF FF 00 10 0D 22 93 00 00 01 00 00 10 04 EF 0D 00 00 15 00 
00 FF FF 00 10 0D 22 93 00 00 01 00 00 10 04 F0 0D 00 00 2B 45 
00 FF FF 00 10 0D 22 93 00 00 01 00 00 10 04 F1 0D 00 00 16 BA 
00 FF FF 00 10 0D 22 93 00 00 01 00 00 10 04 F2 0D 00 00 21 7A 
00 FF FF 00 10 0D 22 93 00 00 01 00 00 10 04 F3 0D 00 00 0E 22 
00 FF FF 00 10 0D 22 93 00 00 01 00 00 10 04 F4 0D 00 00 12 BF 
00 FF FF 00 10 0D 22 93 00 00 01 00 00 10 04 F5 0D 00 00 0E 1B 
00 FF FF 00 10 0D 22 93 00 00 01 00 00 10 04 F6 0D 00 00 0C 42 
00 FF FF 00 10 0D 22 93 00 00 01 00 00 10 04 F7 0D 00 00 0F A9 
00 FF FF 00 10 0D 22 93 00 00 01 00 00 10 04 F8 0D 00 00 0B 83 
00 FF FF 00 10 0D 22 93 00 00 01 00 00 10 04 F9 0D 00 00 11 0E 
00 FF FF 00 10 0D 22 93 00 00 01 00 00 10 04 FA 0D 00 00 07 8F 
00 FF FF 00 10 0D 22 93 00 00 01 00 00 10 04 FB 0D 00 00 0C 36 
00 FF FF 00 10 0D 22 93 00 00 01 00 00 10 04 FC 0D 00 00 11 6B 
00 FF FF 00 10 0D 22 93 00 00 01 00 00 10 04 FD 0D 00 00 0F 46 
00 FF FF 00 10 0D 22 93 00 00 01 00 00 10 04 FE 0D 00 00 0D 3C 
00 FF FF 00 10 0D 22 93 00 00 01 00 00 10 04 FF 0D 00 00 08 A0 
00 FF FF 00 10 0D 22 93 00 00 01 00 00 10 05 00 0D 00 00 0E D0 
00 FF FF 00 10 0D 22 93 00 00 01 00 00 10 05 01 0D 00 00 10 05 
00 FF FF 00 10 0D 22 93 00 00 01 00 00 10 05 02 0D 00 00 15 72 
00 FF FF 00 10 0D 22 93 00 00 01 00 00 10 05 03 0D 00 00 0C 84 
00 FF FF 00 10 0D 22 93 00 00 01 00 00 10 05 04 0D 00 00 11 2D 
00 FF FF 00 10 0D 22 93 00 00 01 00 00 10 05 05 0D 00 00 12 57 
00 FF FF 00 10 0D 22 93 00 00 01 00 00 10 05 06 0D 00 00 09 2F 
00 FF FF 00 10 0D 22 93 00 00 01 00 00 10 05 07 0D 00 00 0C CD 
00 FF FF 00 10 0D 22 93 00 00 01 00 00 10 05 08 0D 00 00 0F 3F 
00 FF FF 00 10 0D 22 93 00 00 01 00 00 10 05 09 0D 00 00 22 92 
00 FF FF 00 10 0D 22 93 00 00 01 00 00 10 05 0A 0D 00 00 0B 26 
00 FF FF 00 10 0D 22 93 00 00 01 00 00 10 05 0B 0D 00 00 14 9C 
00 FF FF 00 10 0D 22 93 00 00 01 00 00 10 05 0C 0D 00 00 0D 0C 
00 FF FF 00 10 0D 22 93 00 00 01 00 00 10 05 0D 0D 00 00 0E FE 
00 FF FF 00 10 0D 22 93 00 00 01 00 00 10 05 0E 0D 00 00 0F 31 
00 FF FF 00 10 0D 22 93 00 00 01 00 00 10 05 0F 0D 00 00 0A 4B 
00 FF FF 00 10 0D 22 93 00 00 01 00 00 10 05 10 0D 00 00 1B 1B 
00 FF FF 00 10 0D 22 93 00 00 01 00 00 10 05 11 0D 00 00 05 A8 
00 FF FF 00 10 0D 22 93 00 00 01 00 00 10 05 12 0D 00 00 2F 55 
00 FF FF 00 10 0D 22 93 00 00 01 00 00 10 05 13 0D 00 00 10 96 
00 FF FF 00 10 0D 22 93 00 00 01 00 00 10 05 14 0D 00 00 19 2A 
00 FF FF 00 10 0D 22 93 00 00 01 00 00 10 05 15 0D 00 00 0D 43 
00 FF FF 00 10 0D 22 93 00 00 01 00 00 10 05 16 0D 00 00 12 39 
00 FF FF 00 10 0D 22 93 00 00 01 00 00 10 05 17 0D 00 00 16 62 
00 FF FF 00 10 0D 22 93 00 00 01 00 00 10 05 18 0D 00 00 09 5B 
00 FF FF 00 10 0D 22 93 00 00 01 00 00 10 05 19 0D 00 00 0F A5 
00 FF FF 00 10 0D 22 93 00 00 01 00 00 10 05 1A 0D 00 00 07 F9 
00 FF FF 00 10 0D 22 93 00 00 01 00 00 10 05 1B 0D 00 00 17 F9 
00 FF FF 00 10 0D 22 93 00 00 01 00 00 10 05 1C 0D 00 00 09 79 
00 FF FF 00 10 0D 22 93 00 00 01 00 00 10 05 1D 0D 00 00 0A D6 
00 FF FF 00 10 0D 22 93 00 00 01 00 00 10 05 1E 0D 00 00 12 F6 
00 FF FF 00 10 0D 22 93 00 00 01 00 00 10 05 1F 0D 00 00 0A FB 
00 FF FF 00 10 0D 22 93 00 00 01 00 00 10 05 20 0D 00 00 0D 63 
00 FF FF 00 10 0D 22 93 00 00 01 00 00 10 05 21 0D 00 00 09 98 
00 FF FF 00 10 0D 22 93 00 00 01 00 00 10 05 22 0D 00 00 1F 63 
00 FF FF 00 10 0D 22 93 00 00 01 00 00 10 05 23 0D 00 00 11 12 
00 FF FF 00 10 0D 22 93 00 00 01 00 00 10 05 24 0D 00 00 05 63 
00 FF FF 00 10 0D 22 93 00 00 01 00 00 10 05 25 0D 00 00 09 44 
00 FF FF 00 10 0D 22 93 00 00 01 00 00 10 05 26 0D 00 00 05 7A 
00 FF FF 00 10 0D 22 93 00 00 01 00 00 10 05 27 0D 00 00 01 66 
00 FF FF 00 10 0D 22 93 00 00 01 00 00 10 05 28 0D 00 00 00 D5 
00 FF FF 00 10 0D 22 93 00 00 01 00 00 10 05 29 0D 00 00 14 6A 
00 FF FF 00 10 0D 22 93 00 00 01 00 00 10 05 2A 0D 00 00 05 15 
00 FF FF 00 10 0D 22 93 00 00 01 00 00 10 05 2B 0D 00 00 00 E7 
00 FF FF 00 10 0D 22 93 00 00 01 00 00 10 05 2C 0D 00 00 01 72 
00 FF FF 00 10 0D 22 93 00 00 01 00 00 10 05 2D 0D 00 00 01 7B 
00 FF FF 00 10 0D 22 93 00 00 01 00 00 10 05 2E 0D 00 00 00 A1 
00 FF FF 00 10 0D 22 93 00 00 01 00 00 10 05 2F 0D 00 00 01 CB 
00 FF FF 00 10 0D 22 93 00 00 01 00 00 10 05 30 0D 00 00 03 42 
00 FF FF 00 10 0D 22 93 00 00 01 00 00 10 05 31 0D 00 00 05 C0 
00 FF FF 00 10 0D 22 93 00 00 01 00 00 10 05 32 0D 00 00 0D C9 
00 FF FF 00 10 0D 22 93 00 00 01 00 00 10 05 33 0D 00 00 01 EE 
00 FF FF 00 10 0D 22 93 00 00 01 00 00 10 05 34 0D 00 00 02 AE 
00 FF FF 00 10 0D 22 93 00 00 01 00 00 10 05 35 0D 00 00 0D 8F 
00 FF FF 00 10 0D 22 93 00 00 01 00 00 10 05 36 0D 00 00 1A 3C 
00 FF FF 00 10 0D 22 93 00 00 01 00 00 10 05 37 0D 00 00 13 1E 
00 FF FF 00 10 0D 22 93 00 00 01 00 00 10 05 38 0D 00 00 13 DB 
00 FF FF 00 10 0D 22 93 00 00 01 00 00 10 05 39 0D 00 00 0E 6E 
00 FF FF 00 10 0D 22 93 00 00 01 00 00 10 05 3A 0D 00 00 09 42 
00 FF FF 00 10 0D 22 93 00 00 01 00 00 10 05 3B 0D 00 00 1F 14 
00 FF FF 00 10 0D 22 93 00 00 01 00 00 10 05 3C 0D 00 00 0B FD 
00 FF FF 00 10 0D 22 93 00 00 01 00 00 10 05 3D 0D 00 00 0A 44 
00 FF FF 00 10 0D 22 93 00 00 01 00 00 10 05 3E 0D 00 00 0F B4 
00 FF FF 00 10 0D 22 93 00 00 01 00 00 10 05 3F 0D 00 00 12 57 
00 FF FF 00 10 0D 22 93 00 00 01 00 00 10 05 40 0D 00 00 11 42 
00 FF FF 00 10 0D 22 93 00 00 01 00 00 10 05 41 0D 00 00 0D DA 
00 FF FF 00 10 0D 22 93 00 00 01 00 00 10 05 42 0D 00 00 18 A1 
00 FF FF 00 10 0D 22 93 00 00 01 00 00 10 05 43 0D 00 00 0B EC 
00 FF FF 00 10 0D 22 93 00 00 01 00 00 10 05 44 0D 00 00 25 B2 
00 FF FF 00 10 0D 22 93 00 00 01 00 00 10 05 45 0D 00 00 08 3C 
00 FF FF 00 10 0D 22 93 00 00 01 00 00 10 05 46 0D 00 00 28 17 
00 FF FF 00 10 0D 22 93 00 00 01 00 00 10 05 47 0D 00 00 0B E4 
00 FF FF 00 10 0D 22 93 00 00 01 00 00 10 05 48 0D 00 00 0B 1C 
00 FF FF 00 10 0D 22 93 00 00 01 00 00 10 05 49 0D 00 00 0F 58 
00 FF FF 00 10 0D 22 93 00 00 01 00 00 10 05 4A 0D 00 00 0A CD 
00 FF FF 00 10 0D 22 93 00 00 01 00 00 10 05 4B 0D 00 00 1E 4D 
00 FF FF 00 10 0D 22 93 00 00 01 00 00 10 05 4C 0D 00 00 0B 46 
00 FF FF 00 10 0D 22 93 00 00 01 00 00 10 05 4D 0D 00 00 11 1C 
00 FF FF 00 10 0D 22 93 00 00 01 00 00 10 05 4E 0D 00 00 0C 42 
00 FF FF 00 10 0D 22 93 00 00 01 00 00 10 05 4F 0D 00 00 0F 36 
00 FF FF 00 10 0D 22 93 00 00 01 00 00 10 05 50 0D 00 00 09 BB 
00 FF FF 00 10 0D 22 93 00 00 01 00 00 10 05 51 0D 00 00 0C F6 
00 FF FF 00 10 0D 22 93 00 00 01 00 00 10 05 52 0D 00 00 14 90 
00 FF FF 00 10 0D 22 93 00 00 01 00 00 10 05 53 0D 00 00 0D 5F 
00 FF FF 00 10 0D 22 93 00 00 01 00 00 10 05 54 0D 00 00 0C 52 
00 FF FF 00 10 0D 22 93 00 00 01 00 00 10 05 55 0D 00 00 09 7A 
00 FF FF 00 10 0D 22 93 00 00 01 00 00 10 05 56 0D 00 00 11 0F 
00 FF FF 00 10 0D 22 93 00 00 01 00 00 10 05 57 0D 00 00 0B D8 
00 FF FF 00 10 0D 22 93 00 00 01 00 00 10 05 58 0D 00 00 23 DE 
00 FF FF 00 10 0D 22 93 00 00 01 00 00 10 05 59 0D 00 00 09 C2 
00 FF FF 00 10 0D 22 93 00 00 01 00 00 10 05 5A 0D 00 00 10 06 
00 FF FF 00 10 0D 22 93 00 00 01 00 00 10 05 5B 0D 00 00 14 D3 
00 FF FF 00 10 0D 22 93 00 00 01 00 00 10 05 5C 0D 00 00 09 16 
00 FF FF 00 10 0D 22 93 00 00 01 00 00 10 05 5D 0D 00 00 21 5B 
00 FF FF 00 10 0D 22 93 00 00 01 00 00 10 05 5E 0D 00 00 07 2C 
00 FF FF 00 10 0D 22 93 00 00 01 00 00 10 05 5F 0D 00 00 11 8F 
00 FF FF 00 10 0D 22 93 00 00 01 00 00 10 05 60 0D 00 00 0A 5E 
00 FF FF 00 10 0D 22 93 00 00 01 00 00 10 05 61 0D 00 00 1F ED 
00 FF FF 00 10 0D 22 93 00 00 01 00 00 10 05 62 0D 00 00 0B 0F 
00 FF FF 00 10 0D 22 93 00 00 01 00 00 10 05 63 0D 00 00 10 A6 
00 FF FF 00 10 0D 22 93 00 00 01 00 00 10 05 64 0D 00 00 11 CF 
00 FF FF 00 10 0D 22 93 00 00 01 00 00 10 05 65 0D 00 00 08 A7 
00 FF FF 00 10 0D 22 93 00 00 01 00 00 10 05 66 0D 00 00 20 73 
00 FF FF 00 10 0D 22 93 00 00 01 00 00 10 05 67 0D 00 00 05 9D 
00 FF FF 00 10 0D 22 93 00 00 01 00 00 10 05 68 0D 00 00 22 54 
00 FF FF 00 10 0D 22 93 00 00 01 00 00 10 05 69 0D 00 00 09 73 
00 FF FF 00 10 0D 22 93 00 00 01 00 00 10 05 6A 0D 00 00 14 0A 
00 FF FF 00 10 0D 22 93 00 00 01 00 00 10 05 6B 0D 00 00 0A 3D 
00 FF FF 00 10 0D 22 93 00 00 01 00 00 10 05 6C 0D 00 00 0D 0D 
00 FF FF 00 10 0D 22 93 00 00 01 00 00 10 05 6D 0D 00 00 0B C5 
00 FF FF 00 10 0D 22 93 00 00 01 00 00 10 05 6E 0D 00 00 0B E4 
00 FF FF 00 10 0D 22 93 00 00 01 00 00 10 05 6F 0D 00 00 0E 47 
00 FF FF 00 10 0D 22 93 00 00 01 00 00 10 05 70 0D 00 00 09 F7 
00 FF FF 00 10 0D 22 93 00 00 01 00 00 10 05 71 0D 00 00 0F 60 
00 FF FF 00 10 0D 22 93 00 00 01 00 00 10 05 72 0D 00 00 08 58 
00 FF FF 00 10 0D 22 93 00 00 01 00 00 10 05 73 0D 00 00 17 EF 
00 FF FF 00 10 0D 22 93 00 00 01 00 00 10 05 74 0D 00 00 09 FB 
00 FF FF 00 10 0D 22 93 00 00 01 00 00 10 05 75 0D 00 00 0F 6F 
00 FF FF 00 10 0D 22 93 00 00 01 00 00 10 05 76 0D 00 00 11 6F 
00 FF FF 00 10 0D 22 93 00 00 01 00 00 10 05 77 0D 00 00 09 5D 
00 FF FF 00 10 0D 22 93 00 00 01 00 00 10 05 78 0D 00 00 24 8A 
00 FF FF 00 10 0D 22 93 00 00 01 00 00 10 05 79 0D 00 00 0C C9 
00 FF FF 00 10 0D 22 93 00 00 01 00 00 10 05 7A 0D 00 00 0D B2 
00 FF FF 00 10 0D 22 93 00 00 01 00 00 10 05 7B 0D 00 00 0E CD 
00 FF FF 00 10 0D 22 93 00 00 01 00 00 10 05 7C 0D 00 00 10 1E 
00 FF FF 00 10 0D 22 93 00 00 01 00 00 10 05 7D 0D 00 00 0D CA 
00 FF FF 00 10 0D 22 93 00 00 01 00 00 10 05 7E 0D 00 00 0B 42 
00 FF FF 00 10 0D 22 93 00 00 01 00 00 10 05 7F 0D 00 00 0D 0F 
00 FF FF 00 10 0D 22 93 00 00 01 00 00 10 05 80 0D 00 00 06 F0 
00 FF FF 00 10 0D 22 93 00 00 01 00 00 10 05 81 0D 00 00 0E 61 
00 FF FF 00 10 0D 22 93 00 00 01 00 00 10 05 82 0D 00 00 09 88 
00 FF FF 00 10 0D 22 93 00 00 01 00 00 10 05 83 0D 00 00 0C C8 
00 FF FF 00 10 0D 22 93 00 00 01 00 00 10 05 84 0D 00 00 06 F1 
00 FF FF 00 10 0D 22 93 00 00 01 00 00 10 05 85 0D 00 00 15 94 
00 FF FF 00 10 0D 22 93 00 00 01 00 00 10 05 86 0D 00 00 15 27 
00 FF FF 00 10 0D 22 93 00 00 01 00 00 10 05 87 0D 00 00 0A C1 
00 FF FF 00 10 0D 22 93 00 00 01 00 00 10 05 88 0D 00 00 0E 66 
00 FF FF 00 10 0D 22 93 00 00 01 00 00 10 05 89 0D 00 00 08 33 
00 FF FF 00 10 0D 22 93 00 00 01 00 00 10 05 8A 0D 00 00 19 5E 
00 FF FF 00 10 0D 22 93 00 00 01 00 00 10 05 8B 0D 00 00 09 62 
00 FF FF 00 10 0D 22 93 00 00 01 00 00 10 05 8C 0D 00 00 11 17 
00 FF FF 00 10 0D 22 93 00 00 01 00 00 10 05 8D 0D 00 00 0D EB 
00 FF FF 00 10 0D 22 93 00 00 01 00 00 10 05 8E 0D 00 00 11 5F 
00 FF FF 00 10 0D 22 93 00 00 01 00 00 10 05 8F 0D 00 00 0C CF 
00 FF FF 00 10 0D 22 93 00 00 01 00 00 10 05 90 0D 00 00 02 9B 
00 FF FF 00 10 0D 22 93 00 00 01 00 00 10 05 91 0D 00 00 21 65 
00 FF FF 00 10 0D 22 93 00 00 01 00 00 10 05 92 0D 00 00 07 93 
00 FF FF 00 10 0D 22 93 00 00 01 00 00 10 05 93 0D 00 00 07 61 
00 FF FF 00 10 0D 22 93 00 00 01 00 00 10 05 94 0D 00 00 09 04 
00 FF FF 00 10 0D 22 93 00 00 01 00 00 10 05 95 0D 00 00 18 23 
00 FF FF 00 10 0D 22 93 00 00 01 00 00 10 05 96 0D 00 00 0B 23 
00 FF FF 00 10 0D 22 93 00 00 01 00 00 10 05 97 0D 00 00 09 1B 
00 FF FF 00 10 0D 22 93 00 00 01 00 00 10 05 98 0D 00 00 0C C3 
00 FF FF 00 10 0D 22 93 00 00 01 00 00 10 05 99 0D 00 00 06 4A 
00 FF FF 00 10 0D 22 93 00 00 01 00 00 10 05 9A 0D 00 00 0F 43 
00 FF FF 00 10 0D 22 93 00 00 01 00 00 10 05 9B 0D 00 00 07 96 
00 FF FF 00 10 0D 22 93 00 00 01 00 00 10 05 9C 0D 00 00 12 42 
00 FF FF 00 10 0D 22 93 00 00 01 00 00 10 05 9D 0D 00 00 0E 3A 
00 FF FF 00 10 0D 22 93 00 00 01 00 00 10 05 9E 0D 00 00 12 3B 
00 FF FF 00 10 0D 22 93 00 00 01 00 00 10 05 9F 0D 00 00 16 43 
00 FF FF 00 10 0D 22 93 00 00 01 00 00 10 05 A0 0D 00 00 07 A5 
00 FF FF 00 10 0D 22 93 00 00 01 00 00 10 05 A1 0D 00 00 0F AE 
00 FF FF 00 10 0D 22 93 00 00 01 00 00 10 05 A2 0D 00 00 0D 0A 
00 FF FF 00 10 0D 22 93 00 00 01 00 00 10 05 A3 0D 00 00 28 ED 
00 FF FF 00 10 0D 22 93 00 00 01 00 00 10 05 A4 0D 00 00 0F E5 
00 FF FF 00 10 0D 22 93 00 00 01 00 00 10 05 A5 0D 00 00 04 68 
00 FF FF 00 10 0D 22 93 00 00 01 00 00 10 05 A6 0D 00 00 0C E9 
00 FF FF 00 10 0D 22 93 00 00 01 00 00 10 05 A7 0D 00 00 0F 0E 
00 FF FF 00 10 0D 22 93 00 00 01 00 00 10 05 A8 0D 00 00 0A F8 
00 FF FF 00 10 0D 22 93 00 00 01 00 00 10 05 A9 0D 00 00 08 A2 
00 FF FF 00 10 0D 22 93 00 00 01 00 00 10 05 AA 0D 00 00 0F 90 
00 FF FF 00 10 0D 22 93 00 00 01 00 00 10 05 AB 0D 00 00 0E 15 
00 FF FF 00 10 0D 22 93 00 00 01 00 00 10 05 AC 0D 00 00 10 20 
00 FF FF 00 10 0D 22 93 00 00 01 00 00 10 05 AD 0D 00 00 09 D4 
00 FF FF 00 10 0D 22 93 00 00 01 00 00 10 05 AE 0D 00 00 1D 49 
00 FF FF 00 10 0D 22 93 00 00 01 00 00 10 05 AF 0D 00 00 12 0E 
00 FF FF 00 10 0D 22 93 00 00 01 00 00 10 05 B0 0D 00 00 10 C6 
00 FF FF 00 10 0D 22 93 00 00 01 00 00 10 05 B1 0D 00 00 0C CA 
00 FF FF 00 10 0D 22 93 00 00 01 00 00 10 05 B2 0D 00 00 09 11 
00 FF FF 00 10 0D 22 93 00 00 01 00 00 10 05 B3 0D 00 00 20 6E 
00 FF FF 00 10 0D 22 93 00 00 01 00 00 10 05 B4 0D 00 00 14 15 
00 FF FF 00 10 0D 22 93 00 00 01 00 00 10 05 B5 0D 00 00 29 95 
00 FF FF 00 10 0D 22 93 00 00 01 00 00 10 05 B6 0D 00 00 11 5D 
00 FF FF 00 10 0D 22 93 00 00 01 00 00 10 05 B7 0D 00 00 08 59 
00 FF FF 00 10 0D 22 93 00 00 01 00 00 10 05 B8 0D 00 00 0C CA 
00 FF FF 00 10 0D 22 93 00 00 01 00 00 10 05 B9 0D 00 00 0D AA 
00 FF FF 00 10 0D 22 93 00 00 01 00 00 10 05 BA 0D 00 00 0D CE 
00 FF FF 00 10 0D 22 93 00 00 01 00 00 10 05 BB 0D 00 00 07 11 
00 FF FF 00 10 0D 22 93 00 00 01 00 00 10 05 BC 0D 00 00 2B F0 
00 FF FF 00 10 0D 22 93 00 00 01 00 00 10 05 BD 0D 00 00 15 DF 
00 FF FF 00 10 0D 22 93 00 00 01 00 00 10 05 BE 0D 00 00 1C 81 
00 FF FF 00 10 0D 22 93 00 00 01 00 00 10 05 BF 0D 00 00 09 D2 
00 FF FF 00 10 0D 22 93 00 00 01 00 00 10 05 C0 0D 00 00 0A 97 
00 FF FF 00 10 0D 22 93 00 00 01 00 00 10 05 C1 0D 00 00 0C B7 
00 FF FF 00 10 0D 22 93 00 00 01 00 00 10 05 C2 0D 00 00 09 6A 
00 FF FF 00 10 0D 22 93 00 00 01 00 00 10 05 C3 0D 00 00 0C 34 
00 FF FF 00 10 0D 22 93 00 00 01 00 00 10 05 C4 0D 00 00 09 47 
00 FF FF 00 10 0D 22 93 00 00 01 00 00 10 05 C5 0D 00 00 2C FD 
00 FF FF 00 10 0D 22 93 00 00 01 00 00 10 05 C6 0D 00 00 09 53 
00 FF FF 00 10 0D 22 93 00 00 01 00 00 10 05 C7 0D 00 00 22 23 
00 FF FF 00 10 0D 22 93 00 00 01 00 00 10 05 C8 0D 00 00 09 A9 
00 FF FF 00 10 0D 22 93 00 00 01 00 00 10 05 C9 0D 00 00 0B 40 
00 FF FF 00 10 0D 22 93 00 00 01 00 00 10 05 CA 0D 00 00 14 A1 
00 FF FF 00 10 0D 22 93 00 00 01 00 00 10 05 CB 0D 00 00 11 82 
00 FF FF 00 10 0D 22 93 00 00 01 00 00 10 05 CC 0D 00 00 1C F8 
00 FF FF 00 10 0D 22 93 00 00 01 00 00 10 05 CD 0D 00 00 0C 8B 
00 FF FF 00 10 0D 22 93 00 00 01 00 00 10 05 CE 0D 00 00 16 32 
00 FF FF 00 10 0D 22 93 00 00 01 00 00 10 05 CF 0D 00 00 08 55 
00 FF FF 00 10 0D 22 93 00 00 01 00 00 10 05 D0 0D 00 00 1E D0 
00 FF FF 00 10 0D 22 93 00 00 01 00 00 10 05 D1 0D 00 00 0A C3 
00 FF FF 00 10 0D 22 93 00 00 01 00 00 10 05 D2 0D 00 00 13 F1 
00 FF FF 00 10 0D 22 93 00 00 01 00 00 10 05 D3 0D 00 00 12 24 
00 FF FF 00 10 0D 22 93 00 00 01 00 00 10 05 D4 0D 00 00 08 2B 
00 FF FF 00 10 0D 22 93 00 00 01 00 00 10 05 D5 0D 00 00 2A 54 
00 FF FF 00 10 0D 22 93 00 00 01 00 00 10 05 D6 0D 00 00 11 0F 
00 FF FF 00 10 0D 22 93 00 00 01 00 00 10 05 D7 0D 00 00 2C 7A 
00 FF FF 00 10 0D 22 93 00 00 01 00 00 10 05 D8 0D 00 00 08 4B 
00 FF FF 00 10 0D 22 93 00 00 01 00 00 10 05 D9 0D 00 00 0C 5F 
00 FF FF 00 10 0D 22 93 00 00 01 00 00 10 05 DA 0D 00 00 0F 47 
00 FF FF 00 10 0D 22 93 00 00 01 00 00 10 05 DB 0D 00 00 0A 7B 
00 FF FF 00 10 0D 22 93 00 00 01 00 00 10 05 DC 0D 00 00 0A DB 
00 FF FF 00 10 0D 22 93 00 00 01 00 00 10 05 DD 0D 00 00 08 60 
00 FF FF 00 10 0D 22 93 00 00 01 00 00 10 05 DE 0D 00 00 24 F5 
00 FF FF 00 10 0D 22 93 00 00 01 00 00 10 05 DF 0D 00 00 0A 2E 
00 FF FF 00 10 0D 22 93 00 00 01 00 00 10 05 E0 0D 00 00 0C D6 
00 FF FF 00 10 0D 22 93 00 00 01 00 00 10 05 E1 0D 00 00 09 DF 
00 FF FF 00 10 0D 22 93 00 00 01 00 00 10 05 E2 0D 00 00 11 AD 
00 FF FF 00 10 0D 22 93 00 00 01 00 00 10 05 E3 0D 00 00 13 E2 
00 FF FF 00 10 0D 22 93 00 00 01 00 00 10 05 E4 0D 00 00 10 6F 
00 FF FF 00 10 0D 22 93 00 00 01 00 00 10 05 E5 0D 00 00 0B 2F 
00 FF FF 00 10 0D 22 93 00 00 01 00 00 10 05 E6 0D 00 00 0A 64 
00 FF FF 00 10 0D 22 93 00 00 01 00 00 10 05 E7 0D 00 00 24 64 
00 FF FF 00 10 0D 22 93 00 00 01 00 00 10 05 E8 0D 00 00 15 E1 
00 FF FF 00 10 0D 22 93 00 00 01 00 00 10 05 E9 0D 00 00 18 A3 
00 FF FF 00 10 0D 22 93 00 00 01 00 00 10 05 EA 0D 00 00 0C 56 
00 FF FF 00 10 0D 22 93 00 00 01 00 00 10 05 EB 0D 00 00 14 0F 
00 FF FF 00 10 0D 22 93 00 00 01 00 00 10 05 EC 0D 00 00 0D 47 
00 FF FF 00 10 0D 22 93 00 00 01 00 00 10 05 ED 0D 00 00 13 7B 
00 FF FF 00 10 0D 22 93 00 00 01 00 00 10 05 EE 0D 00 00 0E C7 
00 FF FF 00 10 0D 22 93 00 00 01 00 00 10 05 EF 0D 00 00 0D 4A 
00 FF FF 00 10 0D 22 93 00 00 01 00 00 10 05 F0 0D 00 00 21 D7 
00 FF FF 00 10 0D 22 93 00 00 01 00 00 10 05 F1 0D 00 00 0D 9E 
00 FF FF 00 10 0D 22 93 00 00 01 00 00 10 05 F2 0D 00 00 16 A4 
00 FF FF 00 10 0D 22 93 00 00 01 00 00 10 05 F3 0D 00 00 0A BB 
00 FF FF 00 10 0D 22 93 00 00 01 00 00 10 05 F4 0D 00 00 14 DE 
00 FF FF 00 10 0D 22 93 00 00 01 00 00 10 05 F5 0D 00 00 0E CA 
00 FF FF 00 10 0D 22 93 00 00 01 00 00 10 05 F6 0D 00 00 0C 07 
00 FF FF 00 10 0D 22 93 00 00 01 00 00 10 05 F7 0D 00 00 12 6E 
00 FF FF 00 10 0D 22 93 00 00 01 00 00 10 05 F8 0D 00 00 08 39 
00 FF FF 00 10 0D 22 93 00 00 01 00 00 10 05 F9 0D 00 00 17 01 
00 FF FF 00 10 0D 22 93 00 00 01 00 00 10 05 FA 0D 00 00 0E AF 
00 FF FF 00 10 0D 22 93 00 00 01 00 00 10 05 FB 0D 00 00 12 80 
00 FF FF 00 10 0D 22 93 00 00 01 00 00 10 05 FC 0D 00 00 0E 41 
00 FF FF 00 10 0D 22 93 00 00 01 00 00 10 05 FD 0D 00 00 0D BD 
00 FF FF 00 10 0D 22 93 00 00 01 00 00 10 05 FE 0D 00 00 15 C3 
00 FF FF 00 10 0D 22 93 00 00 01 00 00 10 05 FF 0D 00 00 12 A5 
00 FF FF 00 10 0D 22 93 00 00 01 00 00 10 06 00 0D 00 00 0E 95 
00 FF FF 00 10 0D 22 93 00 00 01 00 00 10 06 01 0D 00 00 17 63 
00 FF FF 00 10 0D 22 93 00 00 01 00 00 10 06 02 0D 00 00 0D BC 
00 FF FF 00 10 0D 22 93 00 00 01 00 00 10 06 03 0D 00 00 15 D3 
00 FF FF 00 10 0D 22 93 00 00 01 00 00 10 06 04 0D 00 00 0C 9E 
00 FF FF 00 10 0D 22 93 00 00 01 00 00 10 06 05 0D 00 00 0B B6 
00 FF FF 00 10 0D 22 93 00 00 01 00 00 10 06 06 0D 00 00 0D E8 
00 FF FF 00 10 0D 22 93 00 00 01 00 00 10 06 07 0D 00 00 1E C7 
00 FF FF 00 10 0D 22 93 00 00 01 00 00 10 06 08 0D 00 00 0B 97 
00 FF FF 00 10 0D 22 93 00 00 01 00 00 10 06 09 0D 00 00 25 25 
00 FF FF 00 10 0D 22 93 00 00 01 00 00 10 06 0A 0D 00 00 0B 57 
00 FF FF 00 10 0D 22 93 00 00 01 00 00 10 06 0B 0D 00 00 10 15 
00 FF FF 00 10 0D 22 93 00 00 01 00 00 10 06 0C 0D 00 00 0D 09 
00 FF FF 00 10 0D 22 93 00 00 01 00 00 10 06 0D 0D 00 00 16 A3 
00 FF FF 00 10 0D 22 93 00 00 01 00 00 10 06 0E 0D 00 00 0E 9C 
00 FF FF 00 10 0D 22 93 00 00 01 00 00 10 06 0F 0D 00 00 0B BD 
00 FF FF 00 10 0D 22 93 00 00 01 00 00 10 06 10 0D 00 00 1C 5A 
00 FF FF 00 10 0D 22 93 00 00 01 00 00 10 06 11 0D 00 00 15 96 
00 FF FF 00 10 0D 22 93 00 00 01 00 00 10 06 12 0D 00 00 1B 1C 
00 FF FF 00 10 0D 22 93 00 00 01 00 00 10 06 13 0D 00 00 1A 5D 
00 FF FF 00 10 0D 22 93 00 00 01 00 00 10 06 14 0D 00 00 0F 4D 
00 FF FF 00 10 0D 22 93 00 00 01 00 00 10 06 15 0D 00 00 19 2A 
00 FF FF 00 10 0D 22 93 00 00 01 00 00 10 06 16 0D 00 00 14 67 
00 FF FF 00 10 0D 22 93 00 00 01 00 00 10 06 17 0D 00 00 0F 69 
00 FF FF 00 10 0D 22 93 00 00 01 00 00 10 06 18 0D 00 00 0C BA 
00 FF FF 00 10 0D 22 93 00 00 01 00 00 10 06 19 0D 00 00 1B 2E 
00 FF FF 00 10 0D 22 93 00 00 01 00 00 10 06 1A 0D 00 00 15 4F 
00 FF FF 00 10 0D 22 93 00 00 01 00 00 10 06 1B 0D 00 00 15 0F 
00 FF FF 00 10 0D 22 93 00 00 01 00 00 10 06 1C 0D 00 00 15 8A 
00 FF FF 00 10 0D 22 93 00 00 01 00 00 10 06 1D 0D 00 00 06 3A 
00 FF FF 00 10 0D 22 93 00 00 01 00 00 10 06 1E 0D 00 00 0D 0A 
00 FF FF 00 10 0D 22 93 00 00 01 00 00 10 06 1F 0D 00 00 0D 3F 
00 FF FF 00 10 0D 22 93 00 00 01 00 00 10 06 20 0D 00 00 0A FE 
00 FF FF 00 10 0D 22 93 00 00 01 00 00 10 06 21 0D 00 00 0A 9D 
00 FF FF 00 10 0D 22 93 00 00 01 00 00 10 06 22 0D 00 00 0E 1E 
00 FF FF 00 10 0D 22 93 00 00 01 00 00 10 06 23 0D 00 00 0B 63 
00 FF FF 00 10 0D 22 93 00 00 01 00 00 10 06 24 0D 00 00 16 93 
00 FF FF 00 10 0D 22 93 00 00 01 00 00 10 06 25 0D 00 00 0C 52 
00 FF FF 00 10 0D 22 93 00 00 01 00 00 10 06 26 0D 00 00 0A 16 
00 FF FF 00 10 0D 22 93 00 00 01 00 00 10 06 27 0D 00 00 12 73 
00 FF FF 00 10 0D 22 93 00 00 01 00 00 10 06 28 0D 00 00 0C 92 
00 FF FF 00 10 0D 22 93 00 00 01 00 00 10 06 29 0D 00 00 19 B2 
00 FF FF 00 10 0D 22 93 00 00 01 00 00 10 06 2A 0D 00 00 10 73 
00 FF FF 00 10 0D 22 93 00 00 01 00 00 10 06 2B 0D 00 00 0D 83 
00 FF FF 00 10 0D 22 93 00 00 01 00 00 10 06 2C 0D 00 00 15 46 
00 FF FF 00 10 0D 22 93 00 00 01 00 00 10 06 2D 0D 00 00 10 75 
00 FF FF 00 10 0D 22 93 00 00 01 00 00 10 06 2E 0D 00 00 0A 65 
00 FF FF 00 10 0D 22 93 00 00 01 00 00 10 06 2F 0D 00 00 0F 54 
00 FF FF 00 10 0D 22 93 00 00 01 00 00 10 06 30 0D 00 00 13 1A 
00 FF FF 00 10 0D 22 93 00 00 01 00 00 10 06 31 0D 00 00 13 73 
00 FF FF 00 10 0D 22 93 00 00 01 00 00 10 06 32 0D 00 00 0B EF 
00 FF FF 00 10 0D 22 93 00 00 01 00 00 10 06 33 0D 00 00 14 DB 
00 FF FF 00 10 0D 22 93 00 00 01 00 00 10 06 34 0D 00 00 19 D9 
00 FF FF 00 10 0D 22 93 00 00 01 00 00 10 06 35 0D 00 00 19 F2 
00 FF FF 00 10 0D 22 93 00 00 01 00 00 10 06 36 0D 00 00 20 2A 
00 FF FF 00 10 0D 22 93 00 00 01 00 00 10 06 37 0D 00 00 0A EF 
00 FF FF 00 10 0D 22 93 00 00 01 00 00 10 06 38 0D 00 00 11 CD 
00 FF FF 00 10 0D 22 93 00 00 01 00 00 10 06 39 0D 00 00 08 71 
00 FF FF 00 10 0D 22 93 00 00 01 00 00 10 06 3A 0D 00 00 0A D4 
00 FF FF 00 10 0D 22 93 00 00 01 00 00 10 06 3B 0D 00 00 15 7E 
00 FF FF 00 10 0D 22 93 00 00 01 00 00 10 06 3C 0D 00 00 0D 9F 
00 FF FF 00 10 0D 22 93 00 00 01 00 00 10 06 3D 0D 00 00 13 1E 
00 FF FF 00 10 0D 22 93 00 00 01 00 00 10 06 3E 0D 00 00 0F 9A 
00 FF FF 00 10 0D 22 93 00 00 01 00 00 10 06 3F 0D 00 00 12 E3 
00 FF FF 00 10 0D 22 93 00 00 01 00 00 10 06 40 0D 00 00 0C 39 
00 FF FF 00 10 0D 22 93 00 00 01 00 00 10 06 41 0D 00 00 0A D9 
00 FF FF 00 10 0D 22 93 00 00 01 00 00 10 06 42 0D 00 00 0D 9B 
00 FF FF 00 10 0D 22 93 00 00 01 00 00 10 06 43 0D 00 00 0A 43 
00 FF FF 00 10 0D 22 93 00 00 01 00 00 10 06 44 0D 00 00 09 51 
00 FF FF 00 10 0D 22 93 00 00 01 00 00 10 06 45 0D 00 00 0E F6 
00 FF FF 00 10 0D 22 93 00 00 01 00 00 10 06 46 0D 00 00 1A 9A 
00 FF FF 00 10 0D 22 93 00 00 01 00 00 10 06 47 0D 00 00 07 2C 
00 FF FF 00 10 0D 22 93 00 00 01 00 00 10 06 48 0D 00 00 13 FB 
00 FF FF 00 10 0D 22 93 00 00 01 00 00 10 06 49 0D 00 00 0B E4 
00 FF FF 00 10 0D 22 93 00 00 01 00 00 10 06 4A 0D 00 00 0A 6F 
00 FF FF 00 10 0D 22 93 00 00 01 00 00 10 06 4B 0D 00 00 08 18 
00 FF FF 00 10 0D 22 93 00 00 01 00 00 10 06 4C 0D 00 00 06 4B 
00 FF FF 00 10 0D 22 93 00 00 01 00 00 10 06 4D 0D 00 00 16 74 
00 FF FF 00 10 0D 22 93 00 00 01 00 00 10 06 4E 0D 00 00 10 4A 
00 FF FF 00 10 0D 22 93 00 00 01 00 00 10 06 4F 0D 00 00 1E F6 
00 FF FF 00 10 0D 22 93 00 00 01 00 00 10 06 50 0D 00 00 0C 39 
00 FF FF 00 10 0D 22 93 00 00 01 00 00 10 06 51 0D 00 00 08 4B 
00 FF FF 00 10 0D 22 93 00 00 01 00 00 10 06 52 0D 00 00 10 5A 
00 FF FF 00 10 0D 22 93 00 00 01 00 00 10 06 53 0D 00 00 09 90 
00 FF FF 00 10 0D 22 93 00 00 01 00 00 10 06 54 0D 00 00 09 56 
00 FF FF 00 10 0D 22 93 00 00 01 00 00 10 06 55 0D 00 00 0B 5B 
00 FF FF 00 10 0D 22 93 00 00 01 00 00 10 06 56 0D 00 00 0C 64 
00 FF FF 00 10 0D 22 93 00 00 01 00 00 10 06 57 0D 00 00 0A DF 
00 FF FF 00 10 0D 22 93 00 00 01 00 00 10 06 58 0D 00 00 0C 39 
00 FF FF 00 10 0D 22 93 00 00 01 00 00 10 06 59 0D 00 00 06 AC 
00 FF FF 00 10 0D 22 93 00 00 01 00 00 10 06 5A 0D 00 00 15 9C 
00 FF FF 00 10 0D 22 93 00 00 01 00 00 10 06 5B 0D 00 00 0D 3A 
00 FF FF 00 10 0D 22 93 00 00 01 00 00 10 06 5C 0D 00 00 15 6B 
00 FF FF 00 10 0D 22 93 00 00 01 00 00 10 06 5D 0D 00 00 07 98 
00 FF FF 00 10 0D 22 93 00 00 01 00 00 10 06 5E 0D 00 00 0D F4 
00 FF FF 00 10 0D 22 93 00 00 01 00 00 10 06 5F 0D 00 00 0D C5 
00 FF FF 00 10 0D 22 93 00 00 01 00 00 10 06 60 0D 00 00 18 5F 
00 FF FF 00 10 0D 22 93 00 00 01 00 00 10 06 61 0D 00 00 0C 6F 
00 FF FF 00 10 0D 22 93 00 00 01 00 00 10 06 62 0D 00 00 09 33 
00 FF FF 00 10 0D 22 93 00 00 01 00 00 10 06 63 0D 00 00 12 B9 
00 FF FF 00 10 0D 22 93 00 00 01 00 00 10 06 64 0D 00 00 09 71 
00 FF FF 00 10 0D 22 93 00 00 01 00 00 10 06 65 0D 00 00 17 22 
00 FF FF 00 10 0D 22 93 00 00 01 00 00 10 06 66 0D 00 00 0F 27 
00 FF FF 00 10 0D 22 93 00 00 01 00 00 10 06 67 0D 00 00 0C FB 
00 FF FF 00 10 0D 22 93 00 00 01 00 00 10 06 68 0D 00 00 0B 12 
00 FF FF 00 10 0D 22 93 00 00 01 00 00 10 06 69 0D 00 00 0C 06 
00 FF FF 00 10 0D 22 93 00 00 01 00 00 10 06 6A 0D 00 00 11 32 
00 FF FF 00 10 0D 22 93 00 00 01 00 00 10 06 6B 0D 00 00 0B 87 
00 FF FF 00 10 0D 22 93 00 00 01 00 00 10 06 6C 0D 00 00 12 5E 
00 FF FF 00 10 0D 22 93 00 00 01 00 00 10 06 6D 0D 00 00 0B 55 
00 FF FF 00 10 0D 22 93 00 00 01 00 00 10 06 6E 0D 00 00 17 7E 
00 FF FF 00 10 0D 22 93 00 00 01 00 00 10 06 6F 0D 00 00 0D 27 
00 FF FF 00 10 0D 22 93 00 00 01 00 00 10 06 70 0D 00 00 18 39 
00 FF FF 00 10 0D 22 93 00 00 01 00 00 10 06 71 0D 00 00 09 25 
00 FF FF 00 10 0D 22 93 00 00 01 00 00 10 06 72 0D 00 00 13 EE 
00 FF FF 00 10 0D 22 93 00 00 01 00 00 10 06 73 0D 00 00 0D 36 
00 FF FF 00 10 0D 22 93 00 00 01 00 00 10 06 74 0D 00 00 0D 9E 
00 FF FF 00 10 0D 22 93 00 00 01 00 00 10 06 75 0D 00 00 0C 6E 
00 FF FF 00 10 0D 22 93 00 00 01 00 00 10 06 76 0D 00 00 0E 9F 
00 FF FF 00 10 0D 22 93 00 00 01 00 00 10 06 77 0D 00 00 02 A1 
00 FF FF 00 10 0D 22 93 00 00 01 00 00 10 06 78 0D 00 00 0E 37 
00 FF FF 00 10 0D 22 93 00 00 01 00 00 10 06 79 0D 00 00 0E 7C 
00 FF FF 00 10 0D 22 93 00 00 01 00 00 10 06 7A 0D 00 00 07 E7 
00 FF FF 00 10 0D 22 93 00 00 01 00 00 10 06 7B 0D 00 00 14 05 
00 FF FF 00 10 0D 22 93 00 00 01 00 00 10 06 7C 0D 00 00 07 53 
00 FF FF 00 10 0D 22 93 00 00 01 00 00 10 06 7D 0D 00 00 0D 54 
00 FF FF 00 10 0D 22 93 00 00 01 00 00 10 06 7E 0D 00 00 0F 84 
00 FF FF 00 10 0D 22 93 00 00 01 00 00 10 06 7F 0D 00 00 0A 36 
00 FF FF 00 10 0D 22 93 00 00 01 00 00 10 06 80 0D 00 00 08 9E 
00 FF FF 00 10 0D 22 93 00 00 01 00 00 10 06 81 0D 00 00 10 39 
00 FF FF 00 10 0D 22 93 00 00 01 00 00 10 06 82 0D 00 00 0E EE 
00 FF FF 00 10 0D 22 93 00 00 01 00 00 10 06 83 0D 00 00 0A 3C 
00 FF FF 00 10 0D 22 93 00 00 01 00 00 10 06 84 0D 00 00 06 44 
00 FF FF 00 10 0D 22 93 00 00 01 00 00 10 06 85 0D 00 00 17 29 
00 FF FF 00 10 0D 22 93 00 00 01 00 00 10 06 86 0D 00 00 0F 52 
00 FF FF 00 10 0D 22 93 00 00 01 00 00 10 06 87 0D 00 00 07 22 
00 FF FF 00 10 0D 22 93 00 00 01 00 00 10 06 88 0D 00 00 11 18 
00 FF FF 00 10 0D 22 93 00 00 01 00 00 10 06 89 0D 00 00 16 52 
00 FF FF 00 10 0D 22 93 00 00 01 00 00 10 06 8A 0D 00 00 0D 2B 
00 FF FF 00 10 0D 22 93 00 00 01 00 00 10 06 8B 0D 00 00 0F A9 
00 FF FF 00 10 0D 22 93 00 00 01 00 00 10 06 8C 0D 00 00 06 4B 
00 FF FF 00 10 0D 22 93 00 00 01 00 00 10 06 8D 0D 00 00 0E EE 
00 FF FF 00 10 0D 22 93 00 00 01 00 00 10 06 8E 0D 00 00 0D 93 
00 FF FF 00 10 0D 22 93 00 00 01 00 00 10 06 8F 0D 00 00 0C 12 
00 FF FF 00 10 0D 22 93 00 00 01 00 00 10 06 90 0D 00 00 0A 98 
00 FF FF 00 10 0D 22 93 00 00 01 00 00 10 06 91 0D 00 00 13 13 
00 FF FF 00 10 0D 22 93 00 00 01 00 00 10 06 92 0D 00 00 0B 6B 
00 FF FF 00 10 0D 22 93 00 00 01 00 00 10 06 93 0D 00 00 13 DC 
00 FF FF 00 10 0D 22 93 00 00 01 00 00 10 06 94 0D 00 00 0C E4 
00 FF FF 00 10 0D 22 93 00 00 01 00 00 10 06 95 0D 00 00 0B 44 
00 FF FF 00 10 0D 22 93 00 00 01 00 00 10 06 96 0D 00 00 0E E6 
00 FF FF 00 10 0D 22 93 00 00 01 00 00 10 06 97 0D 00 00 11 21 
00 FF FF 00 10 0D 22 93 00 00 01 00 00 10 06 98 0D 00 00 0C 37 
00 FF FF 00 10 0D 22 93 00 00 01 00 00 10 06 99 0D 00 00 0B D4 
00 FF FF 00 10 0D 22 93 00 00 01 00 00 10 06 9A 0D 00 00 16 AC 
00 FF FF 00 10 0D 22 93 00 00 01 00 00 10 06 9B 0D 00 00 0B 94 
00 FF FF 00 10 0D 22 93 00 00 01 00 00 10 06 9C 0D 00 00 13 08 
00 FF FF 00 10 0D 22 93 00 00 01 00 00 10 06 9D 0D 00 00 0D 13 
00 FF FF 00 10 0D 22 93 00 00 01 00 00 10 06 9E 0D 00 00 0F D2 
00 FF FF 00 10 0D 22 93 00 00 01 00 00 10 06 9F 0D 00 00 0F F2 
00 FF FF 00 10 0D 22 93 00 00 01 00 00 10 06 A0 0D 00 00 0B 48 
00 FF FF 00 10 0D 22 93 00 00 01 00 00 10 06 A1 0D 00 00 0A 14 
00 FF FF 00 10 0D 22 93 00 00 01 00 00 10 06 A2 0D 00 00 0B 83 
00 FF FF 00 10 0D 22 93 00 00 01 00 00 10 06 A3 0D 00 00 10 9C 
00 FF FF 00 10 0D 22 93 00 00 01 00 00 10 06 A4 0D 00 00 0B AD 
00 FF FF 00 10 0D 22 93 00 00 01 00 00 10 06 A5 0D 00 00 12 1F 
00 FF FF 00 10 0D 22 93 00 00 01 00 00 10 06 A6 0D 00 00 0E F2 
00 FF FF 00 10 0D 22 93 00 00 01 00 00 10 06 A7 0D 00 00 12 F2 
00 FF FF 00 10 0D 22 93 00 00 01 00 00 10 06 A8 0D 00 00 0C 23 
00 FF FF 00 10 0D 22 93 00 00 01 00 00 10 06 A9 0D 00 00 09 01 
00 FF FF 00 10 0D 22 93 00 00 01 00 00 10 06 AA 0D 00 00 0E AD 
00 FF FF 00 10 0D 22 93 00 00 01 00 00 10 06 AB 0D 00 00 01 0D 
00 FF FF 00 10 0D 22 93 00 00 01 00 00 10 06 AC 0D 00 00 13 2A 
00 FF FF 00 10 0D 22 93 00 00 01 00 00 10 06 AD 0D 00 00 0B 26 
00 FF FF 00 10 0D 22 93 00 00 01 00 00 10 06 AE 0D 00 00 0F B7 
00 FF FF 00 10 0D 22 93 00 00 01 00 00 10 06 AF 0D 00 00 0D 9A 
00 FF FF 00 10 0D 22 93 00 00 01 00 00 10 06 B0 0D 00 00 12 AE 
00 FF FF 00 10 0D 22 93 00 00 01 00 00 10 06 B1 0D 00 00 0D 0A 
00 FF FF 00 10 0D 22 93 00 00 01 00 00 10 06 B2 0D 00 00 13 DD 
00 FF FF 00 10 0D 22 93 00 00 01 00 00 10 06 B3 0D 00 00 10 30 
00 FF FF 00 10 0D 22 93 00 00 01 00 00 10 06 B4 0D 00 00 0F CF 
00 FF FF 00 10 0D 22 93 00 00 01 00 00 10 06 B5 0D 00 00 10 DA 
00 FF FF 00 10 0D 22 93 00 00 01 00 00 10 06 B6 0D 00 00 0F A6 
00 FF FF 00 10 0D 22 93 00 00 01 00 00 10 06 B7 0D 00 00 0A AA 
00 FF FF 00 10 0D 22 93 00 00 01 00 00 10 06 B8 0D 00 00 0D 88 
00 FF FF 00 10 0D 22 93 00 00 01 00 00 10 06 B9 0D 00 00 09 6C 
00 FF FF 00 10 0D 22 93 00 00 01 00 00 10 06 BA 0D 00 00 0D C8 
00 FF FF 00 10 0D 22 93 00 00 01 00 00 10 06 BB 0D 00 00 14 A7 
00 FF FF 00 10 0D 22 93 00 00 01 00 00 10 06 BC 0D 00 00 10 C4 
00 FF FF 00 10 0D 22 93 00 00 01 00 00 10 06 BD 0D 00 00 0D 0B 
00 FF FF 00 10 0D 22 93 00 00 01 00 00 10 06 BE 0D 00 00 0C 73 
00 FF FF 00 10 0D 22 93 00 00 01 00 00 10 06 BF 0D 00 00 0C 88 
00 FF FF 00 10 0D 22 93 00 00 01 00 00 10 06 C0 0D 00 00 10 CE 
00 FF FF 00 10 0D 22 93 00 00 01 00 00 10 06 C1 0D 00 00 0C 92 
00 FF FF 00 10 0D 22 93 00 00 01 00 00 10 06 C2 0D 00 00 0E AB 
00 FF FF 00 10 0D 22 93 00 00 01 00 00 10 06 C3 0D 00 00 0D B6 
00 FF FF 00 10 0D 22 93 00 00 01 00 00 10 06 C4 0D 00 00 0E F4 
00 FF FF 00 10 0D 22 93 00 00 01 00 00 10 06 C5 0D 00 00 0B 63 
00 FF FF 00 10 0D 22 93 00 00 01 00 00 10 06 C6 0D 00 00 13 71 
00 FF FF 00 10 0D 22 93 00 00 01 00 00 10 06 C7 0D 00 00 0A 1A 
00 FF FF 00 10 0D 22 93 00 00 01 00 00 10 06 C8 0D 00 00 0B C3 
00 FF FF 00 10 0D 22 93 00 00 01 00 00 10 06 C9 0D 00 00 09 35 
00 FF FF 00 10 0D 22 93 00 00 01 00 00 10 06 CA 0D 00 00 0E 1F 
00 FF FF 00 10 0D 22 93 00 00 01 00 00 10 06 CB 0D 00 00 15 FB 
00 FF FF 00 10 0D 22 93 00 00 01 00 00 10 06 CC 0D 00 00 0E 3F 
00 FF FF 00 10 0D 22 93 00 00 01 00 00 10 06 CD 0D 00 00 0D BA 
00 FF FF 00 10 0D 22 93 00 00 01 00 00 10 06 CE 0D 00 00 0B 5F 
00 FF FF 00 10 0D 22 93 00 00 01 00 00 10 06 CF 0D 00 00 0F EB 
00 FF FF 00 10 0D 22 93 00 00 01 00 00 10 06 D0 0D 00 00 08 AD 
00 FF FF 00 10 0D 22 93 00 00 01 00 00 10 06 D1 0D 00 00 0F 4F 
00 FF FF 00 10 0D 22 93 00 00 01 00 00 10 06 D2 0D 00 00 0C CB 
00 FF FF 00 10 0D 22 93 00 00 01 00 00 10 06 D3 0D 00 00 08 FA 
00 FF FF 00 10 0D 22 93 00 00 01 00 00 10 06 D4 0D 00 00 16 88 
00 FF FF 00 10 0D 22 93 00 00 01 00 00 10 06 D5 0D 00 00 10 83 
00 FF FF 00 10 0D 22 93 00 00 01 00 00 10 06 D6 0D 00 00 09 18 
00 FF FF 00 10 0D 22 93 00 00 01 00 00 10 06 D7 0D 00 00 0E 3F 
00 FF FF 00 10 0D 22 93 00 00 01 00 00 10 06 D8 0D 00 00 0F 5E 
00 FF FF 00 10 0D 22 93 00 00 01 00 00 10 06 D9 0D 00 00 07 92 
00 FF FF 00 10 0D 22 93 00 00 01 00 00 10 06 DA 0D 00 00 10 41 
00 FF FF 00 10 0D 22 93 00 00 01 00 00 10 06 DB 0D 00 00 0A 01 
00 FF FF 00 10 0D 22 93 00 00 01 00 00 10 06 DC 0D 00 00 10 16 
00 FF FF 00 10 0D 22 93 00 00 01 00 00 10 06 DD 0D 00 00 09 A8 
00 FF FF 00 10 0D 22 93 00 00 01 00 00 10 06 DE 0D 00 00 13 C5 
00 FF FF 00 10 0D 22 93 00 00 01 00 00 10 06 DF 0D 00 00 0B 0E 
00 FF FF 00 10 0D 22 93 00 00 01 00 00 10 06 E0 0D 00 00 0C 6A 
00 FF FF 00 10 0D 22 93 00 00 01 00 00 10 06 E1 0D 00 00 0E 5E 
00 FF FF 00 10 0D 22 93 00 00 01 00 00 10 06 E2 0D 00 00 0A 13 
00 FF FF 00 10 0D 22 93 00 00 01 00 00 10 06 E3 0D 00 00 0A C3 
00 FF FF 00 10 0D 22 93 00 00 01 00 00 10 06 E4 0D 00 00 0D 7B 
00 FF FF 00 10 0D 22 93 00 00 01 00 00 10 06 E5 0D 00 00 0A F5 
00 FF FF 00 10 0D 22 93 00 00 01 00 00 10 06 E6 0D 00 00 13 C7 
00 FF FF 00 10 0D 22 93 00 00 01 00 00 10 06 E7 0D 00 00 0A 12 
00 FF FF 00 10 0D 22 93 00 00 01 00 00 10 06 E8 0D 00 00 19 CD 
00 FF FF 00 10 0D 22 93 00 00 01 00 00 10 06 E9 0D 00 00 06 DF 
00 FF FF 00 10 0D 22 93 00 00 01 00 00 10 06 EA 0D 00 00 16 EF 
00 FF FF 00 10 0D 22 93 00 00 01 00 00 10 06 EB 0D 00 00 06 62 
00 FF FF 00 10 0D 22 93 00 00 01 00 00 10 06 EC 0D 00 00 15 DA 
00 FF FF 00 10 0D 22 93 00 00 01 00 00 10 06 ED 0D 00 00 0E C6 
00 FF FF 00 10 0D 22 93 00 00 01 00 00 10 06 EE 0D 00 00 14 20 
00 FF FF 00 10 0D 22 93 00 00 01 00 00 10 06 EF 0D 00 00 15 53 
00 FF FF 00 10 0D 22 93 00 00 01 00 00 10 06 F0 0D 00 00 08 7D 
00 FF FF 00 10 0D 22 93 00 00 01 00 00 10 06 F1 0D 00 00 0F 2B 
00 FF FF 00 10 0D 22 93 00 00 01 00 00 10 06 F2 0D 00 00 09 2B 
