00 FF FF 00 10 0D 22 93 00 00 01 00 00 10 03 5E 0D 00 00 17 EA 
00 FF FF 00 10 0D 22 93 00 00 01 00 00 10 03 5F 0D 00 00 10 41 
00 FF FF 00 10 0D 22 93 00 00 01 00 00 10 03 61 0D 00 00 1B C5 
00 FF FF 00 10 0D 22 93 00 00 01 00 00 10 03 64 0D 00 00 0D 29 
00 FF FF 00 10 0D 22 93 00 00 01 00 00 10 03 65 0D 00 00 19 79 
00 FF FF 00 10 0D 22 93 00 00 01 00 00 10 03 67 0D 00 00 0E 65 
00 FF FF 00 10 0D 22 93 00 00 01 00 00 10 00 1C 0D 00 00 16 AC 
00 FF FF 00 10 0D 22 93 00 00 01 00 00 10 00 1D 0D 00 00 0A D3 
00 FF FF 00 10 0D 22 93 00 00 01 00 00 10 00 1E 0D 00 00 1D 41 
00 FF FF 00 10 0D 22 93 00 00 01 00 00 10 00 1F 0D 00 00 08 B3 
00 FF FF 00 10 0D 22 93 00 00 01 00 00 10 00 20 0D 00 00 21 97 
00 FF FF 00 10 0D 22 93 00 00 01 00 00 10 00 21 0D 00 00 17 D2 
00 FF FF 00 10 0D 22 93 00 00 01 00 00 10 00 22 0D 00 00 11 8A 
00 FF FF 00 10 0D 22 93 00 00 01 00 00 10 00 23 0D 00 00 20 A5 
00 FF FF 00 10 0D 22 93 00 00 01 00 00 10 00 24 0D 00 00 0F 05 
00 FF FF 00 10 0D 22 93 00 00 01 00 00 10 00 25 0D 00 00 1B BD 
00 FF FF 00 10 0D 22 93 00 00 01 00 00 10 00 26 0D 00 00 0C F1 
00 FF FF 00 10 0D 22 93 00 00 01 00 00 10 00 27 0D 00 00 17 3E 
00 FF FF 00 10 0D 22 93 00 00 01 00 00 10 00 28 0D 00 00 09 9E 
00 FF FF 00 10 0D 22 93 00 00 01 00 00 10 00 29 0D 00 00 1C AF 
00 FF FF 00 10 0D 22 93 00 00 01 00 00 10 00 2A 0D 00 00 21 A3 
00 FF FF 00 10 0D 22 93 00 00 01 00 00 10 00 2B 0D 00 00 16 CB 
00 FF FF 00 10 0D 22 93 00 00 01 00 00 10 00 2D 0D 00 00 0D F4 
00 FF FF 00 10 0D 22 93 00 00 01 00 00 10 00 2E 0D 00 00 1E BE 
00 FF FF 00 10 0D 22 93 00 00 01 00 00 10 00 2F 0D 00 00 08 ED 
00 FF FF 00 10 0D 22 93 00 00 01 00 00 10 00 30 0D 00 00 14 E8 
00 FF FF 00 10 0D 22 93 00 00 01 00 00 10 00 31 0D 00 00 10 DC 
00 FF FF 00 10 0D 22 93 00 00 01 00 00 10 00 32 0D 00 00 17 13 
00 FF FF 00 10 0D 22 93 00 00 01 00 00 10 00 33 0D 00 00 20 13 
00 FF FF 00 10 0D 22 93 00 00 01 00 00 10 00 34 0D 00 00 18 68 
00 FF FF 00 10 0D 22 93 00 00 01 00 00 10 00 35 0D 00 00 26 FD 
00 FF FF 00 10 0D 22 93 00 00 01 00 00 10 00 36 0D 00 00 0D B1 
00 FF FF 00 10 0D 22 93 00 00 01 00 00 10 00 37 0D 00 00 10 C2 
00 FF FF 00 10 0D 22 93 00 00 01 00 00 10 00 38 0D 00 00 0D 8F 
00 FF FF 00 10 0D 22 93 00 00 01 00 00 10 00 39 0D 00 00 11 C0 
00 FF FF 00 10 0D 22 93 00 00 01 00 00 10 00 3A 0D 00 00 16 76 
00 FF FF 00 10 0D 22 93 00 00 01 00 00 10 00 3B 0D 00 00 0A BC 
00 FF FF 00 10 0D 22 93 00 00 01 00 00 10 00 3C 0D 00 00 29 B3 
00 FF FF 00 10 0D 22 93 00 00 01 00 00 10 00 3D 0D 00 00 15 0C 
00 FF FF 00 10 0D 22 93 00 00 01 00 00 10 00 3E 0D 00 00 30 44 
00 FF FF 00 10 0D 22 93 00 00 01 00 00 10 00 3F 0D 00 00 0A 6B 
00 FF FF 00 10 0D 22 93 00 00 01 00 00 10 00 40 0D 00 00 28 41 
00 FF FF 00 10 0D 22 93 00 00 01 00 00 10 00 41 0D 00 00 0A 8F 
00 FF FF 00 10 0D 22 93 00 00 01 00 00 10 00 42 0D 00 00 18 A8 
00 FF FF 00 10 0D 22 93 00 00 01 00 00 10 00 43 0D 00 00 19 36 
00 FF FF 00 10 0D 22 93 00 00 01 00 00 10 00 44 0D 00 00 0F DB 
00 FF FF 00 10 0D 22 93 00 00 01 00 00 10 00 45 0D 00 00 2B 6A 
00 FF FF 00 10 0D 22 93 00 00 01 00 00 10 00 46 0D 00 00 12 CA 
00 FF FF 00 10 0D 22 93 00 00 01 00 00 10 00 47 0D 00 00 33 54 
00 FF FF 00 10 0D 22 93 00 00 01 00 00 10 00 48 0D 00 00 0B 90 
00 FF FF 00 10 0D 22 93 00 00 01 00 00 10 00 49 0D 00 00 18 F1 
00 FF FF 00 10 0D 22 93 00 00 01 00 00 10 00 4A 0D 00 00 0C 43 
00 FF FF 00 10 0D 22 93 00 00 01 00 00 10 00 4B 0D 00 00 1C 17 
00 FF FF 00 10 0D 22 93 00 00 01 00 00 10 00 4C 0D 00 00 08 3B 
00 FF FF 00 10 0D 22 93 00 00 01 00 00 10 00 4D 0D 00 00 0F 39 
00 FF FF 00 10 0D 22 93 00 00 01 00 00 10 00 4E 0D 00 00 32 E6 
00 FF FF 00 10 0D 22 93 00 00 01 00 00 10 00 4F 0D 00 00 0F 24 
00 FF FF 00 10 0D 22 93 00 00 01 00 00 10 00 50 0D 00 00 16 A2 
00 FF FF 00 10 0D 22 93 00 00 01 00 00 10 00 51 0D 00 00 0C 09 
00 FF FF 00 10 0D 22 93 00 00 01 00 00 10 00 52 0D 00 00 1D C0 
00 FF FF 00 10 0D 22 93 00 00 01 00 00 10 00 53 0D 00 00 0B 94 
00 FF FF 00 10 0D 22 93 00 00 01 00 00 10 00 54 0D 00 00 12 A4 
00 FF FF 00 10 0D 22 93 00 00 01 00 00 10 00 55 0D 00 00 1D 02 
00 FF FF 00 10 0D 22 93 00 00 01 00 00 10 00 56 0D 00 00 07 BB 
00 FF FF 00 10 0D 22 93 00 00 01 00 00 10 00 57 0D 00 00 19 8A 
00 FF FF 00 10 0D 22 93 00 00 01 00 00 10 00 58 0D 00 00 0C ED 
00 FF FF 00 10 0D 22 93 00 00 01 00 00 10 00 59 0D 00 00 1D 52 
00 FF FF 00 10 0D 22 93 00 00 01 00 00 10 00 5A 0D 00 00 0C D5 
00 FF FF 00 10 0D 22 93 00 00 01 00 00 10 00 5B 0D 00 00 14 CC 
00 FF FF 00 10 0D 22 93 00 00 01 00 00 10 00 5D 0D 00 00 17 9D 
00 FF FF 00 10 0D 22 93 00 00 01 00 00 10 00 5E 0D 00 00 1D F8 
00 FF FF 00 10 0D 22 93 00 00 01 00 00 10 00 5F 0D 00 00 0E 27 
00 FF FF 00 10 0D 22 93 00 00 01 00 00 10 00 60 0D 00 00 26 15 
00 FF FF 00 10 0D 22 93 00 00 01 00 00 10 00 61 0D 00 00 08 E5 
00 FF FF 00 10 0D 22 93 00 00 01 00 00 10 00 62 0D 00 00 19 9E 
00 FF FF 00 10 0D 22 93 00 00 01 00 00 10 00 63 0D 00 00 0E 5E 
00 FF FF 00 10 0D 22 93 00 00 01 00 00 10 00 64 0D 00 00 10 F8 
00 FF FF 00 10 0D 22 93 00 00 01 00 00 10 00 65 0D 00 00 09 B6 
00 FF FF 00 10 0D 22 93 00 00 01 00 00 10 00 66 0D 00 00 16 E8 
00 FF FF 00 10 0D 22 93 00 00 01 00 00 10 00 67 0D 00 00 1B D1 
00 FF FF 00 10 0D 22 93 00 00 01 00 00 10 00 68 0D 00 00 10 63 
00 FF FF 00 10 0D 22 93 00 00 01 00 00 10 00 69 0D 00 00 22 DA 
00 FF FF 00 10 0D 22 93 00 00 01 00 00 10 00 6A 0D 00 00 08 D6 
00 FF FF 00 10 0D 22 93 00 00 01 00 00 10 00 6B 0D 00 00 38 64 
00 FF FF 00 10 0D 22 93 00 00 01 00 00 10 00 6C 0D 00 00 0A 2F 
00 FF FF 00 10 0D 22 93 00 00 01 00 00 10 00 6D 0D 00 00 33 C2 
00 FF FF 00 10 0D 22 93 00 00 01 00 00 10 00 6E 0D 00 00 0C 57 
00 FF FF 00 10 0D 22 93 00 00 01 00 00 10 00 6F 0D 00 00 20 33 
00 FF FF 00 10 0D 22 93 00 00 01 00 00 10 00 70 0D 00 00 1C B6 
00 FF FF 00 10 0D 22 93 00 00 01 00 00 10 00 71 0D 00 00 11 97 
00 FF FF 00 10 0D 22 93 00 00 01 00 00 10 00 72 0D 00 00 13 CB 
00 FF FF 00 10 0D 22 93 00 00 01 00 00 10 00 73 0D 00 00 07 A6 
00 FF FF 00 10 0D 22 93 00 00 01 00 00 10 00 74 0D 00 00 33 15 
00 FF FF 00 10 0D 22 93 00 00 01 00 00 10 00 75 0D 00 00 13 EB 
00 FF FF 00 10 0D 22 93 00 00 01 00 00 10 00 76 0D 00 00 2F 62 
00 FF FF 00 10 0D 22 93 00 00 01 00 00 10 00 77 0D 00 00 10 04 
00 FF FF 00 10 0D 22 93 00 00 01 00 00 10 00 78 0D 00 00 1D 0B 
00 FF FF 00 10 0D 22 93 00 00 01 00 00 10 00 79 0D 00 00 19 B2 
00 FF FF 00 10 0D 22 93 00 00 01 00 00 10 00 7A 0D 00 00 10 D7 
00 FF FF 00 10 0D 22 93 00 00 01 00 00 10 00 7B 0D 00 00 1B BF 
00 FF FF 00 10 0D 22 93 00 00 01 00 00 10 00 7C 0D 00 00 10 11 
00 FF FF 00 10 0D 22 93 00 00 01 00 00 10 00 7D 0D 00 00 2C 39 
00 FF FF 00 10 0D 22 93 00 00 01 00 00 10 00 7E 0D 00 00 14 2E 
00 FF FF 00 10 0D 22 93 00 00 01 00 00 10 00 7F 0D 00 00 2A 76 
00 FF FF 00 10 0D 22 93 00 00 01 00 00 10 00 80 0D 00 00 0A AC 
00 FF FF 00 10 0D 22 93 00 00 01 00 00 10 00 81 0D 00 00 18 F1 
00 FF FF 00 10 0D 22 93 00 00 01 00 00 10 00 82 0D 00 00 16 E9 
00 FF FF 00 10 0D 22 93 00 00 01 00 00 10 00 83 0D 00 00 0E 71 
00 FF FF 00 10 0D 22 93 00 00 01 00 00 10 00 84 0D 00 00 1F 75 
00 FF FF 00 10 0D 22 93 00 00 01 00 00 10 00 85 0D 00 00 0E 77 
00 FF FF 00 10 0D 22 93 00 00 01 00 00 10 00 86 0D 00 00 2B 4C 
00 FF FF 00 10 0D 22 93 00 00 01 00 00 10 00 87 0D 00 00 0A 51 
00 FF FF 00 10 0D 22 93 00 00 01 00 00 10 00 88 0D 00 00 26 77 
00 FF FF 00 10 0D 22 93 00 00 01 00 00 10 00 89 0D 00 00 15 75 
00 FF FF 00 10 0D 22 93 00 00 01 00 00 10 00 8A 0D 00 00 16 1C 
00 FF FF 00 10 0D 22 93 00 00 01 00 00 10 00 8B 0D 00 00 1B 83 
00 FF FF 00 10 0D 22 93 00 00 01 00 00 10 00 8C 0D 00 00 0C 92 
00 FF FF 00 10 0D 22 93 00 00 01 00 00 10 00 8D 0D 00 00 19 71 
00 FF FF 00 10 0D 22 93 00 00 01 00 00 10 00 8E 0D 00 00 0D E7 
00 FF FF 00 10 0D 22 93 00 00 01 00 00 10 00 8F 0D 00 00 23 C2 
00 FF FF 00 10 0D 22 93 00 00 01 00 00 10 00 90 0D 00 00 1D 87 
00 FF FF 00 10 0D 22 93 00 00 01 00 00 10 00 91 0D 00 00 21 36 
00 FF FF 00 10 0D 22 93 00 00 01 00 00 10 00 92 0D 00 00 18 42 
00 FF FF 00 10 0D 22 93 00 00 01 00 00 10 00 93 0D 00 00 12 E6 
00 FF FF 00 10 0D 22 93 00 00 01 00 00 10 00 94 0D 00 00 16 84 
00 FF FF 00 10 0D 22 93 00 00 01 00 00 10 00 95 0D 00 00 0B D9 
00 FF FF 00 10 0D 22 93 00 00 01 00 00 10 00 96 0D 00 00 1A 81 
00 FF FF 00 10 0D 22 93 00 00 01 00 00 10 00 97 0D 00 00 0E 5C 
00 FF FF 00 10 0D 22 93 00 00 01 00 00 10 00 98 0D 00 00 1D 4A 
00 FF FF 00 10 0D 22 93 00 00 01 00 00 10 00 99 0D 00 00 1A 9E 
00 FF FF 00 10 0D 22 93 00 00 01 00 00 10 00 9A 0D 00 00 1D 0A 
00 FF FF 00 10 0D 22 93 00 00 01 00 00 10 00 9B 0D 00 00 2D C2 
00 FF FF 00 10 0D 22 93 00 00 01 00 00 10 00 9C 0D 00 00 10 B4 
00 FF FF 00 10 0D 22 93 00 00 01 00 00 10 00 9D 0D 00 00 1C B2 
00 FF FF 00 10 0D 22 93 00 00 01 00 00 10 00 9E 0D 00 00 0C 27 
00 FF FF 00 10 0D 22 93 00 00 01 00 00 10 00 9F 0D 00 00 11 7E 
00 FF FF 00 10 0D 22 93 00 00 01 00 00 10 00 A0 0D 00 00 16 97 
00 FF FF 00 10 0D 22 93 00 00 01 00 00 10 00 A1 0D 00 00 17 D9 
00 FF FF 00 10 0D 22 93 00 00 01 00 00 10 00 A2 0D 00 00 0E CF 
00 FF FF 00 10 0D 22 93 00 00 01 00 00 10 00 A3 0D 00 00 1A B2 
00 FF FF 00 10 0D 22 93 00 00 01 00 00 10 00 A4 0D 00 00 19 3A 
00 FF FF 00 10 0D 22 93 00 00 01 00 00 10 00 A5 0D 00 00 0D E2 
00 FF FF 00 10 0D 22 93 00 00 01 00 00 10 00 A6 0D 00 00 1C 6D 
00 FF FF 00 10 0D 22 93 00 00 01 00 00 10 00 A7 0D 00 00 0A 50 
00 FF FF 00 10 0D 22 93 00 00 01 00 00 10 00 A8 0D 00 00 19 02 
00 FF FF 00 10 0D 22 93 00 00 01 00 00 10 00 A9 0D 00 00 0A D6 
00 FF FF 00 10 0D 22 93 00 00 01 00 00 10 00 AA 0D 00 00 0E EF 
00 FF FF 00 10 0D 22 93 00 00 01 00 00 10 00 AB 0D 00 00 16 2E 
00 FF FF 00 10 0D 22 93 00 00 01 00 00 10 00 AC 0D 00 00 15 ED 
00 FF FF 00 10 0D 22 93 00 00 01 00 00 10 00 AD 0D 00 00 0D DA 
00 FF FF 00 10 0D 22 93 00 00 01 00 00 10 00 AE 0D 00 00 0B D5 
00 FF FF 00 10 0D 22 93 00 00 01 00 00 10 00 AF 0D 00 00 23 8A 
00 FF FF 00 10 0D 22 93 00 00 01 00 00 10 00 B0 0D 00 00 03 DA 
00 FF FF 00 10 0D 22 93 00 00 01 00 00 10 00 B1 0D 00 00 19 2A 
00 FF FF 00 10 0D 22 93 00 00 01 00 00 10 00 B2 0D 00 00 0E 33 
00 FF FF 00 10 0D 22 93 00 00 01 00 00 10 00 B3 0D 00 00 10 50 
00 FF FF 00 10 0D 22 93 00 00 01 00 00 10 00 B4 0D 00 00 11 92 
00 FF FF 00 10 0D 22 93 00 00 01 00 00 10 00 B5 0D 00 00 13 85 
00 FF FF 00 10 0D 22 93 00 00 01 00 00 10 00 B6 0D 00 00 29 2D 
00 FF FF 00 10 0D 22 93 00 00 01 00 00 10 00 B7 0D 00 00 0A 60 
00 FF FF 00 10 0D 22 93 00 00 01 00 00 10 00 B8 0D 00 00 37 6A 
00 FF FF 00 10 0D 22 93 00 00 01 00 00 10 00 B9 0D 00 00 08 F7 
00 FF FF 00 10 0D 22 93 00 00 01 00 00 10 00 BA 0D 00 00 20 D6 
00 FF FF 00 10 0D 22 93 00 00 01 00 00 10 00 BB 0D 00 00 0F 0D 
00 FF FF 00 10 0D 22 93 00 00 01 00 00 10 00 BC 0D 00 00 0E 13 
00 FF FF 00 10 0D 22 93 00 00 01 00 00 10 00 BD 0D 00 00 1F D5 
00 FF FF 00 10 0D 22 93 00 00 01 00 00 10 00 BE 0D 00 00 10 42 
00 FF FF 00 10 0D 22 93 00 00 01 00 00 10 00 BF 0D 00 00 27 69 
00 FF FF 00 10 0D 22 93 00 00 01 00 00 10 00 C0 0D 00 00 07 1E 
00 FF FF 00 10 0D 22 93 00 00 01 00 00 10 00 C1 0D 00 00 36 A4 
00 FF FF 00 10 0D 22 93 00 00 01 00 00 10 00 C2 0D 00 00 08 68 
00 FF FF 00 10 0D 22 93 00 00 01 00 00 10 00 C3 0D 00 00 16 C3 
00 FF FF 00 10 0D 22 93 00 00 01 00 00 10 00 C4 0D 00 00 0D D9 
00 FF FF 00 10 0D 22 93 00 00 01 00 00 10 00 C5 0D 00 00 0D 58 
00 FF FF 00 10 0D 22 93 00 00 01 00 00 10 00 C6 0D 00 00 1C 49 
00 FF FF 00 10 0D 22 93 00 00 01 00 00 10 00 C7 0D 00 00 0D 14 
00 FF FF 00 10 0D 22 93 00 00 01 00 00 10 00 C8 0D 00 00 32 15 
00 FF FF 00 10 0D 22 93 00 00 01 00 00 10 00 C9 0D 00 00 08 F1 
00 FF FF 00 10 0D 22 93 00 00 01 00 00 10 00 CA 0D 00 00 35 8B 
00 FF FF 00 10 0D 22 93 00 00 01 00 00 10 00 CB 0D 00 00 08 5F 
00 FF FF 00 10 0D 22 93 00 00 01 00 00 10 00 CC 0D 00 00 26 0E 
00 FF FF 00 10 0D 22 93 00 00 01 00 00 10 00 CD 0D 00 00 10 31 
00 FF FF 00 10 0D 22 93 00 00 01 00 00 10 00 CE 0D 00 00 0E 77 
00 FF FF 00 10 0D 22 93 00 00 01 00 00 10 00 CF 0D 00 00 25 05 
00 FF FF 00 10 0D 22 93 00 00 01 00 00 10 00 D0 0D 00 00 09 A0 
00 FF FF 00 10 0D 22 93 00 00 01 00 00 10 00 D1 0D 00 00 2C 7A 
00 FF FF 00 10 0D 22 93 00 00 01 00 00 10 00 D2 0D 00 00 05 AC 
00 FF FF 00 10 0D 22 93 00 00 01 00 00 10 00 D3 0D 00 00 03 66 
00 FF FF 00 10 0D 22 93 00 00 01 00 00 10 00 D4 0D 00 00 08 8B 
00 FF FF 00 10 0D 22 93 00 00 01 00 00 10 00 D5 0D 00 00 1B 1F 
00 FF FF 00 10 0D 22 93 00 00 01 00 00 10 00 D6 0D 00 00 0F 4B 
00 FF FF 00 10 0D 22 93 00 00 01 00 00 10 00 D7 0D 00 00 10 F4 
00 FF FF 00 10 0D 22 93 00 00 01 00 00 10 00 D8 0D 00 00 13 5D 
00 FF FF 00 10 0D 22 93 00 00 01 00 00 10 00 D9 0D 00 00 00 A5 
00 FF FF 00 10 0D 22 93 00 00 01 00 00 10 00 DA 0D 00 00 01 6C 
00 FF FF 00 10 0D 22 93 00 00 01 00 00 10 00 DB 0D 00 00 06 7E 
00 FF FF 00 10 0D 22 93 00 00 01 00 00 10 00 DC 0D 00 00 31 90 
00 FF FF 00 10 0D 22 93 00 00 01 00 00 10 00 DD 0D 00 00 0A 8D 
00 FF FF 00 10 0D 22 93 00 00 01 00 00 10 00 DE 0D 00 00 20 13 
00 FF FF 00 10 0D 22 93 00 00 01 00 00 10 00 DF 0D 00 00 0C A0 
00 FF FF 00 10 0D 22 93 00 00 01 00 00 10 00 E0 0D 00 00 0B 28 
00 FF FF 00 10 0D 22 93 00 00 01 00 00 10 00 E1 0D 00 00 21 4B 
00 FF FF 00 10 0D 22 93 00 00 01 00 00 10 00 E2 0D 00 00 06 C9 
00 FF FF 00 10 0D 22 93 00 00 01 00 00 10 00 E3 0D 00 00 36 74 
00 FF FF 00 10 0D 22 93 00 00 01 00 00 10 00 E4 0D 00 00 07 46 
00 FF FF 00 10 0D 22 93 00 00 01 00 00 10 00 E5 0D 00 00 2C 8D 
00 FF FF 00 10 0D 22 93 00 00 01 00 00 10 00 E6 0D 00 00 0C 86 
00 FF FF 00 10 0D 22 93 00 00 01 00 00 10 00 E7 0D 00 00 1C 53 
00 FF FF 00 10 0D 22 93 00 00 01 00 00 10 00 E8 0D 00 00 11 1A 
00 FF FF 00 10 0D 22 93 00 00 01 00 00 10 00 E9 0D 00 00 0F 13 
00 FF FF 00 10 0D 22 93 00 00 01 00 00 10 00 EA 0D 00 00 20 79 
00 FF FF 00 10 0D 22 93 00 00 01 00 00 10 00 EB 0D 00 00 0A D0 
00 FF FF 00 10 0D 22 93 00 00 01 00 00 10 00 EC 0D 00 00 1A AF 
00 FF FF 00 10 0D 22 93 00 00 01 00 00 10 00 ED 0D 00 00 06 F7 
00 FF FF 00 10 0D 22 93 00 00 01 00 00 10 00 EE 0D 00 00 1E DA 
00 FF FF 00 10 0D 22 93 00 00 01 00 00 10 00 EF 0D 00 00 11 D9 
00 FF FF 00 10 0D 22 93 00 00 01 00 00 10 00 F0 0D 00 00 18 B3 
00 FF FF 00 10 0D 22 93 00 00 01 00 00 10 00 F1 0D 00 00 07 C1 
00 FF FF 00 10 0D 22 93 00 00 01 00 00 10 00 F2 0D 00 00 0E 6D 
00 FF FF 00 10 0D 22 93 00 00 01 00 00 10 00 F3 0D 00 00 1D 79 
00 FF FF 00 10 0D 22 93 00 00 01 00 00 10 00 F4 0D 00 00 04 31 
00 FF FF 00 10 0D 22 93 00 00 01 00 00 10 00 F5 0D 00 00 27 B9 
00 FF FF 00 10 0D 22 93 00 00 01 00 00 10 00 F6 0D 00 00 09 D8 
00 FF FF 00 10 0D 22 93 00 00 01 00 00 10 00 F7 0D 00 00 23 75 
00 FF FF 00 10 0D 22 93 00 00 01 00 00 10 00 F8 0D 00 00 15 02 
00 FF FF 00 10 0D 22 93 00 00 01 00 00 10 00 F9 0D 00 00 14 B2 
00 FF FF 00 10 0D 22 93 00 00 01 00 00 10 00 FA 0D 00 00 0F A8 
00 FF FF 00 10 0D 22 93 00 00 01 00 00 10 00 FB 0D 00 00 0B 11 
00 FF FF 00 10 0D 22 93 00 00 01 00 00 10 00 FC 0D 00 00 17 FA 
00 FF FF 00 10 0D 22 93 00 00 01 00 00 10 00 FD 0D 00 00 08 34 
00 FF FF 00 10 0D 22 93 00 00 01 00 00 10 00 FE 0D 00 00 11 BE 
00 FF FF 00 10 0D 22 93 00 00 01 00 00 10 00 FF 0D 00 00 0C 53 
00 FF FF 00 10 0D 22 93 00 00 01 00 00 10 01 00 0D 00 00 08 6E 
00 FF FF 00 10 0D 22 93 00 00 01 00 00 10 01 01 0D 00 00 11 C2 
00 FF FF 00 10 0D 22 93 00 00 01 00 00 10 01 02 0D 00 00 12 10 
00 FF FF 00 10 0D 22 93 00 00 01 00 00 10 01 03 0D 00 00 16 7D 
00 FF FF 00 10 0D 22 93 00 00 01 00 00 10 01 04 0D 00 00 09 D7 
00 FF FF 00 10 0D 22 93 00 00 01 00 00 10 01 05 0D 00 00 1B CA 
00 FF FF 00 10 0D 22 93 00 00 01 00 00 10 01 06 0D 00 00 08 84 
00 FF FF 00 10 0D 22 93 00 00 01 00 00 10 01 07 0D 00 00 1D D2 
00 FF FF 00 10 0D 22 93 00 00 01 00 00 10 01 08 0D 00 00 0B B0 
00 FF FF 00 10 0D 22 93 00 00 01 00 00 10 01 09 0D 00 00 1B 86 
00 FF FF 00 10 0D 22 93 00 00 01 00 00 10 01 0A 0D 00 00 1B B1 
00 FF FF 00 10 0D 22 93 00 00 01 00 00 10 01 0B 0D 00 00 0F 72 
00 FF FF 00 10 0D 22 93 00 00 01 00 00 10 01 0C 0D 00 00 0B AC 
00 FF FF 00 10 0D 22 93 00 00 01 00 00 10 01 0D 0D 00 00 09 14 
00 FF FF 00 10 0D 22 93 00 00 01 00 00 10 01 0E 0D 00 00 17 9A 
00 FF FF 00 10 0D 22 93 00 00 01 00 00 10 01 0F 0D 00 00 08 5C 
00 FF FF 00 10 0D 22 93 00 00 01 00 00 10 01 10 0D 00 00 0D 84 
00 FF FF 00 10 0D 22 93 00 00 01 00 00 10 01 11 0D 00 00 10 15 
00 FF FF 00 10 0D 22 93 00 00 01 00 00 10 01 12 0D 00 00 18 C7 
00 FF FF 00 10 0D 22 93 00 00 01 00 00 10 01 13 0D 00 00 13 D8 
00 FF FF 00 10 0D 22 93 00 00 01 00 00 10 01 14 0D 00 00 08 69 
00 FF FF 00 10 0D 22 93 00 00 01 00 00 10 01 15 0D 00 00 0F 67 
00 FF FF 00 10 0D 22 93 00 00 01 00 00 10 01 16 0D 00 00 05 6F 
00 FF FF 00 10 0D 22 93 00 00 01 00 00 10 01 17 0D 00 00 14 9D 
00 FF FF 00 10 0D 22 93 00 00 01 00 00 10 01 18 0D 00 00 01 15 
00 FF FF 00 10 0D 22 93 00 00 01 00 00 10 01 19 0D 00 00 0B E3 
00 FF FF 00 10 0D 22 93 00 00 01 00 00 10 01 1A 0D 00 00 10 72 
00 FF FF 00 10 0D 22 93 00 00 01 00 00 10 01 1B 0D 00 00 15 D3 
00 FF FF 00 10 0D 22 93 00 00 01 00 00 10 01 1C 0D 00 00 15 FF 
00 FF FF 00 10 0D 22 93 00 00 01 00 00 10 01 1D 0D 00 00 0C 1B 
00 FF FF 00 10 0D 22 93 00 00 01 00 00 10 01 1E 0D 00 00 12 87 
00 FF FF 00 10 0D 22 93 00 00 01 00 00 10 01 1F 0D 00 00 08 75 
00 FF FF 00 10 0D 22 93 00 00 01 00 00 10 01 20 0D 00 00 18 AE 
00 FF FF 00 10 0D 22 93 00 00 01 00 00 10 01 21 0D 00 00 0D 4F 
00 FF FF 00 10 0D 22 93 00 00 01 00 00 10 01 22 0D 00 00 11 01 
00 FF FF 00 10 0D 22 93 00 00 01 00 00 10 01 23 0D 00 00 1A E6 
00 FF FF 00 10 0D 22 93 00 00 01 00 00 10 01 24 0D 00 00 12 00 
00 FF FF 00 10 0D 22 93 00 00 01 00 00 10 01 25 0D 00 00 2B BE 
00 FF FF 00 10 0D 22 93 00 00 01 00 00 10 01 26 0D 00 00 09 87 
00 FF FF 00 10 0D 22 93 00 00 01 00 00 10 01 27 0D 00 00 2B 01 
00 FF FF 00 10 0D 22 93 00 00 01 00 00 10 01 28 0D 00 00 08 C6 
00 FF FF 00 10 0D 22 93 00 00 01 00 00 10 01 29 0D 00 00 1D CB 
00 FF FF 00 10 0D 22 93 00 00 01 00 00 10 01 2A 0D 00 00 00 88 
00 FF FF 00 10 0D 22 93 00 00 01 00 00 10 01 2B 0D 00 00 0D 9A 
00 FF FF 00 10 0D 22 93 00 00 01 00 00 10 01 2C 0D 00 00 1B 7A 
00 FF FF 00 10 0D 22 93 00 00 01 00 00 10 01 2D 0D 00 00 10 27 
00 FF FF 00 10 0D 22 93 00 00 01 00 00 10 01 2E 0D 00 00 30 5B 
00 FF FF 00 10 0D 22 93 00 00 01 00 00 10 01 2F 0D 00 00 07 D9 
00 FF FF 00 10 0D 22 93 00 00 01 00 00 10 01 30 0D 00 00 37 52 
00 FF FF 00 10 0D 22 93 00 00 01 00 00 10 01 31 0D 00 00 08 DA 
00 FF FF 00 10 0D 22 93 00 00 01 00 00 10 01 32 0D 00 00 1F 75 
00 FF FF 00 10 0D 22 93 00 00 01 00 00 10 01 33 0D 00 00 0C 69 
00 FF FF 00 10 0D 22 93 00 00 01 00 00 10 01 34 0D 00 00 0D EE 
00 FF FF 00 10 0D 22 93 00 00 01 00 00 10 01 35 0D 00 00 18 E0 
00 FF FF 00 10 0D 22 93 00 00 01 00 00 10 01 36 0D 00 00 0C 7D 
00 FF FF 00 10 0D 22 93 00 00 01 00 00 10 01 37 0D 00 00 26 FD 
00 FF FF 00 10 0D 22 93 00 00 01 00 00 10 01 38 0D 00 00 08 DC 
00 FF FF 00 10 0D 22 93 00 00 01 00 00 10 01 39 0D 00 00 2D F4 
00 FF FF 00 10 0D 22 93 00 00 01 00 00 10 01 3A 0D 00 00 09 B4 
00 FF FF 00 10 0D 22 93 00 00 01 00 00 10 01 3B 0D 00 00 22 C1 
00 FF FF 00 10 0D 22 93 00 00 01 00 00 10 01 3C 0D 00 00 10 56 
00 FF FF 00 10 0D 22 93 00 00 01 00 00 10 01 3D 0D 00 00 0D 8D 
00 FF FF 00 10 0D 22 93 00 00 01 00 00 10 01 3E 0D 00 00 1E 91 
00 FF FF 00 10 0D 22 93 00 00 01 00 00 10 01 3F 0D 00 00 0B 24 
00 FF FF 00 10 0D 22 93 00 00 01 00 00 10 01 40 0D 00 00 30 72 
00 FF FF 00 10 0D 22 93 00 00 01 00 00 10 01 41 0D 00 00 09 32 
00 FF FF 00 10 0D 22 93 00 00 01 00 00 10 01 42 0D 00 00 31 79 
00 FF FF 00 10 0D 22 93 00 00 01 00 00 10 01 43 0D 00 00 0B 1E 
00 FF FF 00 10 0D 22 93 00 00 01 00 00 10 01 44 0D 00 00 20 6D 
00 FF FF 00 10 0D 22 93 00 00 01 00 00 10 01 45 0D 00 00 0F B6 
00 FF FF 00 10 0D 22 93 00 00 01 00 00 10 01 46 0D 00 00 0F 1D 
00 FF FF 00 10 0D 22 93 00 00 01 00 00 10 01 47 0D 00 00 1A C2 
00 FF FF 00 10 0D 22 93 00 00 01 00 00 10 01 48 0D 00 00 09 2D 
00 FF FF 00 10 0D 22 93 00 00 01 00 00 10 01 49 0D 00 00 37 6A 
00 FF FF 00 10 0D 22 93 00 00 01 00 00 10 01 4A 0D 00 00 08 94 
00 FF FF 00 10 0D 22 93 00 00 01 00 00 10 01 4B 0D 00 00 1D 7C 
00 FF FF 00 10 0D 22 93 00 00 01 00 00 10 01 4C 0D 00 00 0B A3 
00 FF FF 00 10 0D 22 93 00 00 01 00 00 10 01 4D 0D 00 00 1A A1 
00 FF FF 00 10 0D 22 93 00 00 01 00 00 10 01 4E 0D 00 00 0E D5 
00 FF FF 00 10 0D 22 93 00 00 01 00 00 10 01 4F 0D 00 00 11 2E 
00 FF FF 00 10 0D 22 93 00 00 01 00 00 10 01 50 0D 00 00 1B 1E 
00 FF FF 00 10 0D 22 93 00 00 01 00 00 10 01 51 0D 00 00 0A 6E 
00 FF FF 00 10 0D 22 93 00 00 01 00 00 10 01 52 0D 00 00 38 44 
00 FF FF 00 10 0D 22 93 00 00 01 00 00 10 01 53 0D 00 00 0E 49 
00 FF FF 00 10 0D 22 93 00 00 01 00 00 10 01 54 0D 00 00 29 F1 
00 FF FF 00 10 0D 22 93 00 00 01 00 00 10 01 55 0D 00 00 0D 3C 
00 FF FF 00 10 0D 22 93 00 00 01 00 00 10 01 56 0D 00 00 1A 44 
00 FF FF 00 10 0D 22 93 00 00 01 00 00 10 01 57 0D 00 00 0E D3 
00 FF FF 00 10 0D 22 93 00 00 01 00 00 10 01 58 0D 00 00 11 0E 
00 FF FF 00 10 0D 22 93 00 00 01 00 00 10 01 59 0D 00 00 19 1D 
00 FF FF 00 10 0D 22 93 00 00 01 00 00 10 01 5A 0D 00 00 0A 85 
00 FF FF 00 10 0D 22 93 00 00 01 00 00 10 01 5B 0D 00 00 31 FB 
00 FF FF 00 10 0D 22 93 00 00 01 00 00 10 01 5C 0D 00 00 0D 19 
00 FF FF 00 10 0D 22 93 00 00 01 00 00 10 01 5D 0D 00 00 25 55 
00 FF FF 00 10 0D 22 93 00 00 01 00 00 10 01 5E 0D 00 00 0B 7B 
00 FF FF 00 10 0D 22 93 00 00 01 00 00 10 01 5F 0D 00 00 16 5A 
00 FF FF 00 10 0D 22 93 00 00 01 00 00 10 01 60 0D 00 00 0F 9D 
00 FF FF 00 10 0D 22 93 00 00 01 00 00 10 01 61 0D 00 00 0D 8B 
00 FF FF 00 10 0D 22 93 00 00 01 00 00 10 01 62 0D 00 00 04 D0 
00 FF FF 00 10 0D 22 93 00 00 01 00 00 10 01 63 0D 00 00 0B 44 
00 FF FF 00 10 0D 22 93 00 00 01 00 00 10 01 64 0D 00 00 2A 03 
00 FF FF 00 10 0D 22 93 00 00 01 00 00 10 01 65 0D 00 00 0C 82 
00 FF FF 00 10 0D 22 93 00 00 01 00 00 10 01 66 0D 00 00 21 93 
00 FF FF 00 10 0D 22 93 00 00 01 00 00 10 01 67 0D 00 00 0C 33 
00 FF FF 00 10 0D 22 93 00 00 01 00 00 10 01 68 0D 00 00 13 F0 
00 FF FF 00 10 0D 22 93 00 00 01 00 00 10 01 69 0D 00 00 11 DA 
00 FF FF 00 10 0D 22 93 00 00 01 00 00 10 01 6A 0D 00 00 0C C7 
00 FF FF 00 10 0D 22 93 00 00 01 00 00 10 01 6B 0D 00 00 14 D0 
00 FF FF 00 10 0D 22 93 00 00 01 00 00 10 01 6C 0D 00 00 0E 16 
00 FF FF 00 10 0D 22 93 00 00 01 00 00 10 01 6D 0D 00 00 22 81 
00 FF FF 00 10 0D 22 93 00 00 01 00 00 10 01 6E 0D 00 00 0E 00 
00 FF FF 00 10 0D 22 93 00 00 01 00 00 10 01 6F 0D 00 00 1F 3E 
00 FF FF 00 10 0D 22 93 00 00 01 00 00 10 01 70 0D 00 00 0E 78 
00 FF FF 00 10 0D 22 93 00 00 01 00 00 10 01 71 0D 00 00 11 17 
00 FF FF 00 10 0D 22 93 00 00 01 00 00 10 01 72 0D 00 00 18 AA 
00 FF FF 00 10 0D 22 93 00 00 01 00 00 10 01 73 0D 00 00 0C F8 
00 FF FF 00 10 0D 22 93 00 00 01 00 00 10 01 74 0D 00 00 12 BD 
00 FF FF 00 10 0D 22 93 00 00 01 00 00 10 01 75 0D 00 00 0C C2 
00 FF FF 00 10 0D 22 93 00 00 01 00 00 10 01 76 0D 00 00 0F 14 
00 FF FF 00 10 0D 22 93 00 00 01 00 00 10 01 77 0D 00 00 12 B3 
00 FF FF 00 10 0D 22 93 00 00 01 00 00 10 01 78 0D 00 00 19 A8 
00 FF FF 00 10 0D 22 93 00 00 01 00 00 10 01 79 0D 00 00 0E C5 
00 FF FF 00 10 0D 22 93 00 00 01 00 00 10 01 7A 0D 00 00 04 E9 
00 FF FF 00 10 0D 22 93 00 00 01 00 00 10 01 7B 0D 00 00 08 65 
00 FF FF 00 10 0D 22 93 00 00 01 00 00 10 01 7C 0D 00 00 0D 95 
00 FF FF 00 10 0D 22 93 00 00 01 00 00 10 01 7D 0D 00 00 13 F4 
00 FF FF 00 10 0D 22 93 00 00 01 00 00 10 01 7E 0D 00 00 08 B3 
00 FF FF 00 10 0D 22 93 00 00 01 00 00 10 01 7F 0D 00 00 14 4D 
00 FF FF 00 10 0D 22 93 00 00 01 00 00 10 01 80 0D 00 00 10 AA 
00 FF FF 00 10 0D 22 93 00 00 01 00 00 10 01 81 0D 00 00 17 F4 
00 FF FF 00 10 0D 22 93 00 00 01 00 00 10 01 82 0D 00 00 1B A8 
00 FF FF 00 10 0D 22 93 00 00 01 00 00 10 01 83 0D 00 00 0C AB 
00 FF FF 00 10 0D 22 93 00 00 01 00 00 10 01 84 0D 00 00 1D 0E 
00 FF FF 00 10 0D 22 93 00 00 01 00 00 10 01 85 0D 00 00 0D 51 
00 FF FF 00 10 0D 22 93 00 00 01 00 00 10 01 86 0D 00 00 11 0A 
00 FF FF 00 10 0D 22 93 00 00 01 00 00 10 01 87 0D 00 00 10 4F 
00 FF FF 00 10 0D 22 93 00 00 01 00 00 10 01 88 0D 00 00 13 DD 
00 FF FF 00 10 0D 22 93 00 00 01 00 00 10 01 89 0D 00 00 12 DF 
00 FF FF 00 10 0D 22 93 00 00 01 00 00 10 01 8A 0D 00 00 12 FB 
00 FF FF 00 10 0D 22 93 00 00 01 00 00 10 01 8B 0D 00 00 1A C6 
00 FF FF 00 10 0D 22 93 00 00 01 00 00 10 01 8C 0D 00 00 0C DB 
00 FF FF 00 10 0D 22 93 00 00 01 00 00 10 01 8D 0D 00 00 24 A2 
00 FF FF 00 10 0D 22 93 00 00 01 00 00 10 01 8E 0D 00 00 09 37 
00 FF FF 00 10 0D 22 93 00 00 01 00 00 10 01 8F 0D 00 00 1A 69 
00 FF FF 00 10 0D 22 93 00 00 01 00 00 10 01 90 0D 00 00 10 B0 
00 FF FF 00 10 0D 22 93 00 00 01 00 00 10 01 91 0D 00 00 0F 7F 
00 FF FF 00 10 0D 22 93 00 00 01 00 00 10 01 92 0D 00 00 11 D4 
00 FF FF 00 10 0D 22 93 00 00 01 00 00 10 01 93 0D 00 00 10 33 
00 FF FF 00 10 0D 22 93 00 00 01 00 00 10 01 94 0D 00 00 1A 23 
00 FF FF 00 10 0D 22 93 00 00 01 00 00 10 01 95 0D 00 00 0A 9F 
00 FF FF 00 10 0D 22 93 00 00 01 00 00 10 01 96 0D 00 00 23 65 
00 FF FF 00 10 0D 22 93 00 00 01 00 00 10 01 97 0D 00 00 07 7D 
00 FF FF 00 10 0D 22 93 00 00 01 00 00 10 01 98 0D 00 00 1A CE 
00 FF FF 00 10 0D 22 93 00 00 01 00 00 10 01 99 0D 00 00 12 5C 
00 FF FF 00 10 0D 22 93 00 00 01 00 00 10 01 9A 0D 00 00 0D F7 
00 FF FF 00 10 0D 22 93 00 00 01 00 00 10 01 9B 0D 00 00 1A 93 
00 FF FF 00 10 0D 22 93 00 00 01 00 00 10 01 9C 0D 00 00 0E 99 
00 FF FF 00 10 0D 22 93 00 00 01 00 00 10 01 9D 0D 00 00 14 B5 
00 FF FF 00 10 0D 22 93 00 00 01 00 00 10 01 9E 0D 00 00 0B 0E 
00 FF FF 00 10 0D 22 93 00 00 01 00 00 10 01 9F 0D 00 00 1F 95 
00 FF FF 00 10 0D 22 93 00 00 01 00 00 10 01 A0 0D 00 00 10 80 
00 FF FF 00 10 0D 22 93 00 00 01 00 00 10 01 A1 0D 00 00 1D 41 
00 FF FF 00 10 0D 22 93 00 00 01 00 00 10 01 A2 0D 00 00 13 44 
00 FF FF 00 10 0D 22 93 00 00 01 00 00 10 01 A3 0D 00 00 0B FB 
00 FF FF 00 10 0D 22 93 00 00 01 00 00 10 01 A4 0D 00 00 16 4A 
00 FF FF 00 10 0D 22 93 00 00 01 00 00 10 01 A5 0D 00 00 0D D1 
00 FF FF 00 10 0D 22 93 00 00 01 00 00 10 01 A6 0D 00 00 19 88 
00 FF FF 00 10 0D 22 93 00 00 01 00 00 10 01 A7 0D 00 00 09 18 
00 FF FF 00 10 0D 22 93 00 00 01 00 00 10 01 A8 0D 00 00 29 0F 
00 FF FF 00 10 0D 22 93 00 00 01 00 00 10 01 A9 0D 00 00 0F 61 
00 FF FF 00 10 0D 22 93 00 00 01 00 00 10 01 AA 0D 00 00 20 6C 
00 FF FF 00 10 0D 22 93 00 00 01 00 00 10 01 AB 0D 00 00 15 7A 
00 FF FF 00 10 0D 22 93 00 00 01 00 00 10 01 AC 0D 00 00 0C AC 
00 FF FF 00 10 0D 22 93 00 00 01 00 00 10 01 AD 0D 00 00 17 2D 
00 FF FF 00 10 0D 22 93 00 00 01 00 00 10 01 AE 0D 00 00 0D 47 
00 FF FF 00 10 0D 22 93 00 00 01 00 00 10 01 AF 0D 00 00 1B CE 
00 FF FF 00 10 0D 22 93 00 00 01 00 00 10 01 B0 0D 00 00 0C 9E 
00 FF FF 00 10 0D 22 93 00 00 01 00 00 10 01 B1 0D 00 00 26 C7 
00 FF FF 00 10 0D 22 93 00 00 01 00 00 10 01 B2 0D 00 00 0D 9C 
00 FF FF 00 10 0D 22 93 00 00 01 00 00 10 01 B3 0D 00 00 1F 9C 
00 FF FF 00 10 0D 22 93 00 00 01 00 00 10 01 B4 0D 00 00 15 FB 
00 FF FF 00 10 0D 22 93 00 00 01 00 00 10 01 B5 0D 00 00 0E 22 
00 FF FF 00 10 0D 22 93 00 00 01 00 00 10 01 B6 0D 00 00 1A 15 
00 FF FF 00 10 0D 22 93 00 00 01 00 00 10 01 B7 0D 00 00 0D 04 
00 FF FF 00 10 0D 22 93 00 00 01 00 00 10 01 B8 0D 00 00 19 09 
00 FF FF 00 10 0D 22 93 00 00 01 00 00 10 01 B9 0D 00 00 12 0E 
00 FF FF 00 10 0D 22 93 00 00 01 00 00 10 01 BA 0D 00 00 25 6C 
00 FF FF 00 10 0D 22 93 00 00 01 00 00 10 01 BB 0D 00 00 0B AF 
00 FF FF 00 10 0D 22 93 00 00 01 00 00 10 01 BC 0D 00 00 1B 7B 
00 FF FF 00 10 0D 22 93 00 00 01 00 00 10 01 BD 0D 00 00 17 92 
00 FF FF 00 10 0D 22 93 00 00 01 00 00 10 01 BE 0D 00 00 0F C4 
00 FF FF 00 10 0D 22 93 00 00 01 00 00 10 01 BF 0D 00 00 08 C1 
00 FF FF 00 10 0D 22 93 00 00 01 00 00 10 01 C0 0D 00 00 0A C1 
00 FF FF 00 10 0D 22 93 00 00 01 00 00 10 01 C1 0D 00 00 20 14 
00 FF FF 00 10 0D 22 93 00 00 01 00 00 10 01 C2 0D 00 00 02 96 
00 FF FF 00 10 0D 22 93 00 00 01 00 00 10 01 C3 0D 00 00 02 A3 
00 FF FF 00 10 0D 22 93 00 00 01 00 00 10 01 C4 0D 00 00 0C 47 
00 FF FF 00 10 0D 22 93 00 00 01 00 00 10 01 C5 0D 00 00 0C 57 
00 FF FF 00 10 0D 22 93 00 00 01 00 00 10 01 C6 0D 00 00 18 FB 
00 FF FF 00 10 0D 22 93 00 00 01 00 00 10 01 C7 0D 00 00 0E 66 
00 FF FF 00 10 0D 22 93 00 00 01 00 00 10 01 C8 0D 00 00 12 1A 
00 FF FF 00 10 0D 22 93 00 00 01 00 00 10 01 C9 0D 00 00 0E 62 
00 FF FF 00 10 0D 22 93 00 00 01 00 00 10 01 CA 0D 00 00 20 CE 
00 FF FF 00 10 0D 22 93 00 00 01 00 00 10 01 CB 0D 00 00 1A E5 
00 FF FF 00 10 0D 22 93 00 00 01 00 00 10 01 CC 0D 00 00 21 CA 
00 FF FF 00 10 0D 22 93 00 00 01 00 00 10 01 CD 0D 00 00 0D 78 
00 FF FF 00 10 0D 22 93 00 00 01 00 00 10 01 CE 0D 00 00 14 E8 
00 FF FF 00 10 0D 22 93 00 00 01 00 00 10 01 CF 0D 00 00 17 1E 
00 FF FF 00 10 0D 22 93 00 00 01 00 00 10 01 D0 0D 00 00 0D 3A 
00 FF FF 00 10 0D 22 93 00 00 01 00 00 10 01 D1 0D 00 00 10 05 
00 FF FF 00 10 0D 22 93 00 00 01 00 00 10 01 D2 0D 00 00 14 BA 
00 FF FF 00 10 0D 22 93 00 00 01 00 00 10 01 D3 0D 00 00 19 53 
00 FF FF 00 10 0D 22 93 00 00 01 00 00 10 01 D4 0D 00 00 1A BD 
00 FF FF 00 10 0D 22 93 00 00 01 00 00 10 01 D5 0D 00 00 19 37 
00 FF FF 00 10 0D 22 93 00 00 01 00 00 10 01 D6 0D 00 00 0F 47 
00 FF FF 00 10 0D 22 93 00 00 01 00 00 10 01 D7 0D 00 00 12 76 
00 FF FF 00 10 0D 22 93 00 00 01 00 00 10 01 D8 0D 00 00 17 63 
00 FF FF 00 10 0D 22 93 00 00 01 00 00 10 01 D9 0D 00 00 0C C3 
00 FF FF 00 10 0D 22 93 00 00 01 00 00 10 01 DA 0D 00 00 0E 4F 
00 FF FF 00 10 0D 22 93 00 00 01 00 00 10 01 DB 0D 00 00 15 1F 
00 FF FF 00 10 0D 22 93 00 00 01 00 00 10 01 DC 0D 00 00 19 3A 
00 FF FF 00 10 0D 22 93 00 00 01 00 00 10 01 DD 0D 00 00 19 C3 
00 FF FF 00 10 0D 22 93 00 00 01 00 00 10 01 DE 0D 00 00 1B 9B 
00 FF FF 00 10 0D 22 93 00 00 01 00 00 10 01 DF 0D 00 00 0E F5 
00 FF FF 00 10 0D 22 93 00 00 01 00 00 10 01 E0 0D 00 00 06 52 
00 FF FF 00 10 0D 22 93 00 00 01 00 00 10 01 E1 0D 00 00 13 78 
00 FF FF 00 10 0D 22 93 00 00 01 00 00 10 01 E2 0D 00 00 0F 12 
00 FF FF 00 10 0D 22 93 00 00 01 00 00 10 01 E3 0D 00 00 10 36 
00 FF FF 00 10 0D 22 93 00 00 01 00 00 10 01 E4 0D 00 00 1A 8A 
00 FF FF 00 10 0D 22 93 00 00 01 00 00 10 01 E5 0D 00 00 15 6F 
00 FF FF 00 10 0D 22 93 00 00 01 00 00 10 01 E6 0D 00 00 1E 0E 
00 FF FF 00 10 0D 22 93 00 00 01 00 00 10 01 E7 0D 00 00 18 12 
00 FF FF 00 10 0D 22 93 00 00 01 00 00 10 01 E8 0D 00 00 15 5B 
00 FF FF 00 10 0D 22 93 00 00 01 00 00 10 01 E9 0D 00 00 0E 83 
00 FF FF 00 10 0D 22 93 00 00 01 00 00 10 01 EA 0D 00 00 15 6F 
00 FF FF 00 10 0D 22 93 00 00 01 00 00 10 01 EB 0D 00 00 0F EE 
00 FF FF 00 10 0D 22 93 00 00 01 00 00 10 01 EC 0D 00 00 0E CA 
00 FF FF 00 10 0D 22 93 00 00 01 00 00 10 01 ED 0D 00 00 1C 57 
00 FF FF 00 10 0D 22 93 00 00 01 00 00 10 01 EE 0D 00 00 11 C7 
00 FF FF 00 10 0D 22 93 00 00 01 00 00 10 01 EF 0D 00 00 1C BF 
00 FF FF 00 10 0D 22 93 00 00 01 00 00 10 01 F0 0D 00 00 14 54 
00 FF FF 00 10 0D 22 93 00 00 01 00 00 10 01 F1 0D 00 00 19 0F 
00 FF FF 00 10 0D 22 93 00 00 01 00 00 10 01 F2 0D 00 00 0C 71 
00 FF FF 00 10 0D 22 93 00 00 01 00 00 10 01 F3 0D 00 00 05 75 
00 FF FF 00 10 0D 22 93 00 00 01 00 00 10 01 F4 0D 00 00 0B 4D 
00 FF FF 00 10 0D 22 93 00 00 01 00 00 10 01 F5 0D 00 00 11 C6 
00 FF FF 00 10 0D 22 93 00 00 01 00 00 10 01 F6 0D 00 00 01 EB 
00 FF FF 00 10 0D 22 93 00 00 01 00 00 10 01 F7 0D 00 00 0F 99 
00 FF FF 00 10 0D 22 93 00 00 01 00 00 10 01 F8 0D 00 00 1D 1B 
00 FF FF 00 10 0D 22 93 00 00 01 00 00 10 01 F9 0D 00 00 12 3A 
00 FF FF 00 10 0D 22 93 00 00 01 00 00 10 01 FA 0D 00 00 1A 7D 
00 FF FF 00 10 0D 22 93 00 00 01 00 00 10 01 FB 0D 00 00 0D 33 
00 FF FF 00 10 0D 22 93 00 00 01 00 00 10 01 FC 0D 00 00 12 7B 
00 FF FF 00 10 0D 22 93 00 00 01 00 00 10 01 FD 0D 00 00 13 CE 
00 FF FF 00 10 0D 22 93 00 00 01 00 00 10 01 FE 0D 00 00 0C E3 
00 FF FF 00 10 0D 22 93 00 00 01 00 00 10 01 FF 0D 00 00 1E 94 
00 FF FF 00 10 0D 22 93 00 00 01 00 00 10 02 00 0D 00 00 0D 34 
00 FF FF 00 10 0D 22 93 00 00 01 00 00 10 02 01 0D 00 00 22 A5 
00 FF FF 00 10 0D 22 93 00 00 01 00 00 10 02 02 0D 00 00 0F 0A 
00 FF FF 00 10 0D 22 93 00 00 01 00 00 10 02 03 0D 00 00 18 A8 
00 FF FF 00 10 0D 22 93 00 00 01 00 00 10 02 04 0D 00 00 0A 1A 
00 FF FF 00 10 0D 22 93 00 00 01 00 00 10 02 05 0D 00 00 11 62 
00 FF FF 00 10 0D 22 93 00 00 01 00 00 10 02 06 0D 00 00 0A 53 
00 FF FF 00 10 0D 22 93 00 00 01 00 00 10 02 07 0D 00 00 0F 0A 
00 FF FF 00 10 0D 22 93 00 00 01 00 00 10 02 08 0D 00 00 1D C5 
00 FF FF 00 10 0D 22 93 00 00 01 00 00 10 02 09 0D 00 00 0D 35 
00 FF FF 00 10 0D 22 93 00 00 01 00 00 10 02 0A 0D 00 00 21 AE 
00 FF FF 00 10 0D 22 93 00 00 01 00 00 10 02 0B 0D 00 00 11 7E 
00 FF FF 00 10 0D 22 93 00 00 01 00 00 10 02 0C 0D 00 00 16 82 
00 FF FF 00 10 0D 22 93 00 00 01 00 00 10 02 0D 0D 00 00 06 89 
00 FF FF 00 10 0D 22 93 00 00 01 00 00 10 02 0E 0D 00 00 18 72 
00 FF FF 00 10 0D 22 93 00 00 01 00 00 10 02 0F 0D 00 00 06 CD 
00 FF FF 00 10 0D 22 93 00 00 01 00 00 10 02 10 0D 00 00 0A E8 
00 FF FF 00 10 0D 22 93 00 00 01 00 00 10 02 11 0D 00 00 0F 5A 
00 FF FF 00 10 0D 22 93 00 00 01 00 00 10 02 12 0D 00 00 0B AC 
00 FF FF 00 10 0D 22 93 00 00 01 00 00 10 02 13 0D 00 00 21 AD 
00 FF FF 00 10 0D 22 93 00 00 01 00 00 10 02 14 0D 00 00 08 B4 
00 FF FF 00 10 0D 22 93 00 00 01 00 00 10 02 15 0D 00 00 12 93 
00 FF FF 00 10 0D 22 93 00 00 01 00 00 10 02 16 0D 00 00 07 77 
00 FF FF 00 10 0D 22 93 00 00 01 00 00 10 02 17 0D 00 00 11 2A 
00 FF FF 00 10 0D 22 93 00 00 01 00 00 10 02 18 0D 00 00 04 FC 
00 FF FF 00 10 0D 22 93 00 00 01 00 00 10 02 19 0D 00 00 13 81 
00 FF FF 00 10 0D 22 93 00 00 01 00 00 10 02 1A 0D 00 00 09 22 
00 FF FF 00 10 0D 22 93 00 00 01 00 00 10 02 1B 0D 00 00 08 54 
00 FF FF 00 10 0D 22 93 00 00 01 00 00 10 02 1C 0D 00 00 0D 32 
00 FF FF 00 10 0D 22 93 00 00 01 00 00 10 02 1D 0D 00 00 0B 4C 
00 FF FF 00 10 0D 22 93 00 00 01 00 00 10 02 1E 0D 00 00 19 C5 
00 FF FF 00 10 0D 22 93 00 00 01 00 00 10 02 1F 0D 00 00 08 4C 
00 FF FF 00 10 0D 22 93 00 00 01 00 00 10 02 20 0D 00 00 16 8F 
00 FF FF 00 10 0D 22 93 00 00 01 00 00 10 02 21 0D 00 00 08 D7 
00 FF FF 00 10 0D 22 93 00 00 01 00 00 10 02 22 0D 00 00 13 9E 
00 FF FF 00 10 0D 22 93 00 00 01 00 00 10 02 23 0D 00 00 25 4E 
00 FF FF 00 10 0D 22 93 00 00 01 00 00 10 02 24 0D 00 00 08 DF 
00 FF FF 00 10 0D 22 93 00 00 01 00 00 10 02 25 0D 00 00 17 2E 
00 FF FF 00 10 0D 22 93 00 00 01 00 00 10 02 26 0D 00 00 0D 1F 
00 FF FF 00 10 0D 22 93 00 00 01 00 00 10 02 27 0D 00 00 16 CF 
00 FF FF 00 10 0D 22 93 00 00 01 00 00 10 02 28 0D 00 00 10 1A 
00 FF FF 00 10 0D 22 93 00 00 01 00 00 10 02 29 0D 00 00 14 DC 
00 FF FF 00 10 0D 22 93 00 00 01 00 00 10 02 2A 0D 00 00 12 71 
00 FF FF 00 10 0D 22 93 00 00 01 00 00 10 02 2B 0D 00 00 11 AE 
00 FF FF 00 10 0D 22 93 00 00 01 00 00 10 02 2C 0D 00 00 21 4F 
00 FF FF 00 10 0D 22 93 00 00 01 00 00 10 02 2D 0D 00 00 0E 52 
00 FF FF 00 10 0D 22 93 00 00 01 00 00 10 02 2E 0D 00 00 18 D3 
00 FF FF 00 10 0D 22 93 00 00 01 00 00 10 02 2F 0D 00 00 05 70 
00 FF FF 00 10 0D 22 93 00 00 01 00 00 10 02 30 0D 00 00 16 87 
00 FF FF 00 10 0D 22 93 00 00 01 00 00 10 02 31 0D 00 00 0B C8 
00 FF FF 00 10 0D 22 93 00 00 01 00 00 10 02 32 0D 00 00 10 07 
00 FF FF 00 10 0D 22 93 00 00 01 00 00 10 02 33 0D 00 00 0F D4 
00 FF FF 00 10 0D 22 93 00 00 01 00 00 10 02 34 0D 00 00 11 42 
00 FF FF 00 10 0D 22 93 00 00 01 00 00 10 02 35 0D 00 00 1B 05 
00 FF FF 00 10 0D 22 93 00 00 01 00 00 10 02 36 0D 00 00 0F E5 
00 FF FF 00 10 0D 22 93 00 00 01 00 00 10 02 37 0D 00 00 18 41 
00 FF FF 00 10 0D 22 93 00 00 01 00 00 10 02 38 0D 00 00 09 16 
00 FF FF 00 10 0D 22 93 00 00 01 00 00 10 02 39 0D 00 00 14 7F 
00 FF FF 00 10 0D 22 93 00 00 01 00 00 10 02 3A 0D 00 00 0C C1 
00 FF FF 00 10 0D 22 93 00 00 01 00 00 10 02 3B 0D 00 00 10 D8 
00 FF FF 00 10 0D 22 93 00 00 01 00 00 10 02 3C 0D 00 00 08 9F 
00 FF FF 00 10 0D 22 93 00 00 01 00 00 10 02 3D 0D 00 00 11 EE 
00 FF FF 00 10 0D 22 93 00 00 01 00 00 10 02 3E 0D 00 00 0D EE 
00 FF FF 00 10 0D 22 93 00 00 01 00 00 10 02 3F 0D 00 00 0C 63 
00 FF FF 00 10 0D 22 93 00 00 01 00 00 10 02 40 0D 00 00 17 D7 
00 FF FF 00 10 0D 22 93 00 00 01 00 00 10 02 41 0D 00 00 0E B7 
00 FF FF 00 10 0D 22 93 00 00 01 00 00 10 02 42 0D 00 00 13 61 
00 FF FF 00 10 0D 22 93 00 00 01 00 00 10 02 43 0D 00 00 12 CA 
00 FF FF 00 10 0D 22 93 00 00 01 00 00 10 02 44 0D 00 00 0F 8E 
00 FF FF 00 10 0D 22 93 00 00 01 00 00 10 02 45 0D 00 00 09 7C 
00 FF FF 00 10 0D 22 93 00 00 01 00 00 10 02 46 0D 00 00 0E A9 
00 FF FF 00 10 0D 22 93 00 00 01 00 00 10 02 47 0D 00 00 0D F6 
00 FF FF 00 10 0D 22 93 00 00 01 00 00 10 02 48 0D 00 00 0B 8B 
00 FF FF 00 10 0D 22 93 00 00 01 00 00 10 02 49 0D 00 00 16 CD 
00 FF FF 00 10 0D 22 93 00 00 01 00 00 10 02 4A 0D 00 00 0B 6B 
00 FF FF 00 10 0D 22 93 00 00 01 00 00 10 02 4B 0D 00 00 12 1A 
00 FF FF 00 10 0D 22 93 00 00 01 00 00 10 02 4C 0D 00 00 0F CC 
00 FF FF 00 10 0D 22 93 00 00 01 00 00 10 02 4D 0D 00 00 0E 5B 
00 FF FF 00 10 0D 22 93 00 00 01 00 00 10 02 4E 0D 00 00 19 6B 
00 FF FF 00 10 0D 22 93 00 00 01 00 00 10 02 4F 0D 00 00 0C DB 
00 FF FF 00 10 0D 22 93 00 00 01 00 00 10 02 50 0D 00 00 0F 09 
00 FF FF 00 10 0D 22 93 00 00 01 00 00 10 02 51 0D 00 00 0A 43 
00 FF FF 00 10 0D 22 93 00 00 01 00 00 10 02 52 0D 00 00 17 5B 
00 FF FF 00 10 0D 22 93 00 00 01 00 00 10 02 53 0D 00 00 0F 17 
00 FF FF 00 10 0D 22 93 00 00 01 00 00 10 02 54 0D 00 00 0E CA 
00 FF FF 00 10 0D 22 93 00 00 01 00 00 10 02 55 0D 00 00 20 A3 
00 FF FF 00 10 0D 22 93 00 00 01 00 00 10 02 56 0D 00 00 0D A3 
00 FF FF 00 10 0D 22 93 00 00 01 00 00 10 02 57 0D 00 00 1B DC 
00 FF FF 00 10 0D 22 93 00 00 01 00 00 10 02 58 0D 00 00 0D 36 
00 FF FF 00 10 0D 22 93 00 00 01 00 00 10 02 59 0D 00 00 11 D5 
00 FF FF 00 10 0D 22 93 00 00 01 00 00 10 02 5A 0D 00 00 08 0E 
00 FF FF 00 10 0D 22 93 00 00 01 00 00 10 02 5B 0D 00 00 0F F8 
00 FF FF 00 10 0D 22 93 00 00 01 00 00 10 02 5C 0D 00 00 0D 92 
00 FF FF 00 10 0D 22 93 00 00 01 00 00 10 02 5D 0D 00 00 0C A0 
00 FF FF 00 10 0D 22 93 00 00 01 00 00 10 02 5E 0D 00 00 1B 50 
00 FF FF 00 10 0D 22 93 00 00 01 00 00 10 02 5F 0D 00 00 0D 02 
00 FF FF 00 10 0D 22 93 00 00 01 00 00 10 02 60 0D 00 00 10 9B 
00 FF FF 00 10 0D 22 93 00 00 01 00 00 10 02 61 0D 00 00 03 81 
00 FF FF 00 10 0D 22 93 00 00 01 00 00 10 02 62 0D 00 00 10 D9 
00 FF FF 00 10 0D 22 93 00 00 01 00 00 10 02 63 0D 00 00 15 54 
00 FF FF 00 10 0D 22 93 00 00 01 00 00 10 02 64 0D 00 00 0F B8 
00 FF FF 00 10 0D 22 93 00 00 01 00 00 10 02 65 0D 00 00 1E 16 
00 FF FF 00 10 0D 22 93 00 00 01 00 00 10 02 66 0D 00 00 09 BE 
00 FF FF 00 10 0D 22 93 00 00 01 00 00 10 02 67 0D 00 00 2F BE 
00 FF FF 00 10 0D 22 93 00 00 01 00 00 10 02 68 0D 00 00 0A A7 
00 FF FF 00 10 0D 22 93 00 00 01 00 00 10 02 69 0D 00 00 25 9A 
00 FF FF 00 10 0D 22 93 00 00 01 00 00 10 02 6A 0D 00 00 0B 7D 
00 FF FF 00 10 0D 22 93 00 00 01 00 00 10 02 6B 0D 00 00 0B 48 
00 FF FF 00 10 0D 22 93 00 00 01 00 00 10 02 6C 0D 00 00 09 BC 
00 FF FF 00 10 0D 22 93 00 00 01 00 00 10 02 6D 0D 00 00 0B 3A 
00 FF FF 00 10 0D 22 93 00 00 01 00 00 10 02 6E 0D 00 00 12 6B 
00 FF FF 00 10 0D 22 93 00 00 01 00 00 10 02 6F 0D 00 00 07 1F 
00 FF FF 00 10 0D 22 93 00 00 01 00 00 10 02 70 0D 00 00 16 03 
00 FF FF 00 10 0D 22 93 00 00 01 00 00 10 02 71 0D 00 00 0A 42 
00 FF FF 00 10 0D 22 93 00 00 01 00 00 10 02 72 0D 00 00 14 AD 
00 FF FF 00 10 0D 22 93 00 00 01 00 00 10 02 73 0D 00 00 09 7E 
00 FF FF 00 10 0D 22 93 00 00 01 00 00 10 02 75 0D 00 00 0C 68 
00 FF FF 00 10 0D 22 93 00 00 01 00 00 10 02 76 0D 00 00 07 97 
00 FF FF 00 10 0D 22 93 00 00 01 00 00 10 02 77 0D 00 00 12 A2 
00 FF FF 00 10 0D 22 93 00 00 01 00 00 10 02 78 0D 00 00 0B 2F 
00 FF FF 00 10 0D 22 93 00 00 01 00 00 10 02 79 0D 00 00 21 42 
00 FF FF 00 10 0D 22 93 00 00 01 00 00 10 02 7A 0D 00 00 08 BC 
00 FF FF 00 10 0D 22 93 00 00 01 00 00 10 02 7B 0D 00 00 28 03 
00 FF FF 00 10 0D 22 93 00 00 01 00 00 10 02 7C 0D 00 00 08 06 
00 FF FF 00 10 0D 22 93 00 00 01 00 00 10 02 7E 0D 00 00 15 1B 
00 FF FF 00 10 0D 22 93 00 00 01 00 00 10 02 7F 0D 00 00 0A 08 
00 FF FF 00 10 0D 22 93 00 00 01 00 00 10 02 80 0D 00 00 14 C8 
00 FF FF 00 10 0D 22 93 00 00 01 00 00 10 02 81 0D 00 00 08 FC 
00 FF FF 00 10 0D 22 93 00 00 01 00 00 10 02 82 0D 00 00 22 F2 
00 FF FF 00 10 0D 22 93 00 00 01 00 00 10 02 83 0D 00 00 0B E0 
00 FF FF 00 10 0D 22 93 00 00 01 00 00 10 02 84 0D 00 00 25 ED 
00 FF FF 00 10 0D 22 93 00 00 01 00 00 10 02 85 0D 00 00 05 91 
00 FF FF 00 10 0D 22 93 00 00 01 00 00 10 02 86 0D 00 00 0B BC 
00 FF FF 00 10 0D 22 93 00 00 01 00 00 10 02 87 0D 00 00 09 C9 
00 FF FF 00 10 0D 22 93 00 00 01 00 00 10 02 88 0D 00 00 09 E0 
00 FF FF 00 10 0D 22 93 00 00 01 00 00 10 02 89 0D 00 00 19 B2 
00 FF FF 00 10 0D 22 93 00 00 01 00 00 10 02 8A 0D 00 00 09 54 
00 FF FF 00 10 0D 22 93 00 00 01 00 00 10 02 8B 0D 00 00 27 A6 
00 FF FF 00 10 0D 22 93 00 00 01 00 00 10 02 8C 0D 00 00 09 F1 
00 FF FF 00 10 0D 22 93 00 00 01 00 00 10 02 8D 0D 00 00 25 0E 
00 FF FF 00 10 0D 22 93 00 00 01 00 00 10 02 8E 0D 00 00 0A C0 
00 FF FF 00 10 0D 22 93 00 00 01 00 00 10 02 8F 0D 00 00 16 DA 
00 FF FF 00 10 0D 22 93 00 00 01 00 00 10 02 90 0D 00 00 0A 54 
00 FF FF 00 10 0D 22 93 00 00 01 00 00 10 02 91 0D 00 00 0B F1 
00 FF FF 00 10 0D 22 93 00 00 01 00 00 10 02 92 0D 00 00 12 D9 
00 FF FF 00 10 0D 22 93 00 00 01 00 00 10 02 93 0D 00 00 07 2D 
00 FF FF 00 10 0D 22 93 00 00 01 00 00 10 02 94 0D 00 00 28 CE 
00 FF FF 00 10 0D 22 93 00 00 01 00 00 10 02 95 0D 00 00 0A 63 
00 FF FF 00 10 0D 22 93 00 00 01 00 00 10 02 96 0D 00 00 20 21 
00 FF FF 00 10 0D 22 93 00 00 01 00 00 10 02 97 0D 00 00 0A 02 
00 FF FF 00 10 0D 22 93 00 00 01 00 00 10 02 98 0D 00 00 14 19 
00 FF FF 00 10 0D 22 93 00 00 01 00 00 10 02 99 0D 00 00 09 FD 
00 FF FF 00 10 0D 22 93 00 00 01 00 00 10 02 9A 0D 00 00 0C BF 
00 FF FF 00 10 0D 22 93 00 00 01 00 00 10 02 9B 0D 00 00 15 A6 
00 FF FF 00 10 0D 22 93 00 00 01 00 00 10 02 9C 0D 00 00 06 BE 
00 FF FF 00 10 0D 22 93 00 00 01 00 00 10 02 9D 0D 00 00 0E 28 
00 FF FF 00 10 0D 22 93 00 00 01 00 00 10 02 9E 0D 00 00 08 EB 
00 FF FF 00 10 0D 22 93 00 00 01 00 00 10 02 9F 0D 00 00 1F 9A 
00 FF FF 00 10 0D 22 93 00 00 01 00 00 10 02 A0 0D 00 00 11 53 
00 FF FF 00 10 0D 22 93 00 00 01 00 00 10 02 A1 0D 00 00 13 17 
00 FF FF 00 10 0D 22 93 00 00 01 00 00 10 02 A2 0D 00 00 13 8B 
00 FF FF 00 10 0D 22 93 00 00 01 00 00 10 02 A3 0D 00 00 04 EB 
00 FF FF 00 10 0D 22 93 00 00 01 00 00 10 02 A4 0D 00 00 1C EE 
00 FF FF 00 10 0D 22 93 00 00 01 00 00 10 02 A5 0D 00 00 08 70 
00 FF FF 00 10 0D 22 93 00 00 01 00 00 10 02 A6 0D 00 00 08 99 
00 FF FF 00 10 0D 22 93 00 00 01 00 00 10 02 A7 0D 00 00 08 51 
00 FF FF 00 10 0D 22 93 00 00 01 00 00 10 02 A8 0D 00 00 13 D3 
00 FF FF 00 10 0D 22 93 00 00 01 00 00 10 02 A9 0D 00 00 0A 42 
00 FF FF 00 10 0D 22 93 00 00 01 00 00 10 02 AA 0D 00 00 0F DD 
00 FF FF 00 10 0D 22 93 00 00 01 00 00 10 02 AB 0D 00 00 0F 64 
00 FF FF 00 10 0D 22 93 00 00 01 00 00 10 02 AC 0D 00 00 0B A0 
00 FF FF 00 10 0D 22 93 00 00 01 00 00 10 02 AD 0D 00 00 11 93 
00 FF FF 00 10 0D 22 93 00 00 01 00 00 10 02 AE 0D 00 00 09 E1 
00 FF FF 00 10 0D 22 93 00 00 01 00 00 10 02 AF 0D 00 00 1E BC 
00 FF FF 00 10 0D 22 93 00 00 01 00 00 10 02 B0 0D 00 00 0A FB 
00 FF FF 00 10 0D 22 93 00 00 01 00 00 10 02 B1 0D 00 00 1A 1C 
00 FF FF 00 10 0D 22 93 00 00 01 00 00 10 02 B2 0D 00 00 0B 5D 
00 FF FF 00 10 0D 22 93 00 00 01 00 00 10 02 B3 0D 00 00 09 5B 
00 FF FF 00 10 0D 22 93 00 00 01 00 00 10 02 B4 0D 00 00 15 2D 
00 FF FF 00 10 0D 22 93 00 00 01 00 00 10 02 B5 0D 00 00 09 21 
00 FF FF 00 10 0D 22 93 00 00 01 00 00 10 02 B6 0D 00 00 0E 52 
00 FF FF 00 10 0D 22 93 00 00 01 00 00 10 02 B7 0D 00 00 07 BE 
00 FF FF 00 10 0D 22 93 00 00 01 00 00 10 02 B8 0D 00 00 1A 08 
00 FF FF 00 10 0D 22 93 00 00 01 00 00 10 02 B9 0D 00 00 0A B3 
00 FF FF 00 10 0D 22 93 00 00 01 00 00 10 02 BA 0D 00 00 19 08 
00 FF FF 00 10 0D 22 93 00 00 01 00 00 10 02 BB 0D 00 00 11 FA 
00 FF FF 00 10 0D 22 93 00 00 01 00 00 10 02 BC 0D 00 00 0E 34 
00 FF FF 00 10 0D 22 93 00 00 01 00 00 10 02 BD 0D 00 00 17 AC 
00 FF FF 00 10 0D 22 93 00 00 01 00 00 10 02 BE 0D 00 00 07 E2 
00 FF FF 00 10 0D 22 93 00 00 01 00 00 10 02 BF 0D 00 00 17 5A 
00 FF FF 00 10 0D 22 93 00 00 01 00 00 10 02 C0 0D 00 00 09 10 
00 FF FF 00 10 0D 22 93 00 00 01 00 00 10 02 C1 0D 00 00 14 E5 
00 FF FF 00 10 0D 22 93 00 00 01 00 00 10 02 C2 0D 00 00 0A 13 
00 FF FF 00 10 0D 22 93 00 00 01 00 00 10 02 C3 0D 00 00 11 D8 
00 FF FF 00 10 0D 22 93 00 00 01 00 00 10 02 C4 0D 00 00 12 F6 
00 FF FF 00 10 0D 22 93 00 00 01 00 00 10 02 C5 0D 00 00 0C C4 
00 FF FF 00 10 0D 22 93 00 00 01 00 00 10 02 C6 0D 00 00 13 C3 
00 FF FF 00 10 0D 22 93 00 00 01 00 00 10 02 C7 0D 00 00 08 53 
00 FF FF 00 10 0D 22 93 00 00 01 00 00 10 02 C8 0D 00 00 18 26 
00 FF FF 00 10 0D 22 93 00 00 01 00 00 10 02 C9 0D 00 00 08 FB 
00 FF FF 00 10 0D 22 93 00 00 01 00 00 10 02 CA 0D 00 00 0B AA 
00 FF FF 00 10 0D 22 93 00 00 01 00 00 10 02 CB 0D 00 00 12 6E 
00 FF FF 00 10 0D 22 93 00 00 01 00 00 10 02 CC 0D 00 00 14 01 
00 FF FF 00 10 0D 22 93 00 00 01 00 00 10 02 CD 0D 00 00 17 E4 
00 FF FF 00 10 0D 22 93 00 00 01 00 00 10 02 CE 0D 00 00 0A E4 
00 FF FF 00 10 0D 22 93 00 00 01 00 00 10 02 CF 0D 00 00 0F EC 
00 FF FF 00 10 0D 22 93 00 00 01 00 00 10 02 D0 0D 00 00 07 FC 
00 FF FF 00 10 0D 22 93 00 00 01 00 00 10 02 D1 0D 00 00 07 11 
00 FF FF 00 10 0D 22 93 00 00 01 00 00 10 02 D2 0D 00 00 09 8F 
00 FF FF 00 10 0D 22 93 00 00 01 00 00 10 02 D3 0D 00 00 0C EA 
00 FF FF 00 10 0D 22 93 00 00 01 00 00 10 02 D4 0D 00 00 0D D2 
00 FF FF 00 10 0D 22 93 00 00 01 00 00 10 02 D5 0D 00 00 12 72 
00 FF FF 00 10 0D 22 93 00 00 01 00 00 10 02 D6 0D 00 00 10 AB 
00 FF FF 00 10 0D 22 93 00 00 01 00 00 10 02 D7 0D 00 00 08 F6 
00 FF FF 00 10 0D 22 93 00 00 01 00 00 10 02 D8 0D 00 00 2E 05 
00 FF FF 00 10 0D 22 93 00 00 01 00 00 10 02 D9 0D 00 00 07 CE 
00 FF FF 00 10 0D 22 93 00 00 01 00 00 10 02 DA 0D 00 00 0F EE 
00 FF FF 00 10 0D 22 93 00 00 01 00 00 10 02 DB 0D 00 00 09 B0 
00 FF FF 00 10 0D 22 93 00 00 01 00 00 10 02 DC 0D 00 00 0E AA 
00 FF FF 00 10 0D 22 93 00 00 01 00 00 10 02 DD 0D 00 00 10 2C 
00 FF FF 00 10 0D 22 93 00 00 01 00 00 10 02 DE 0D 00 00 06 63 
00 FF FF 00 10 0D 22 93 00 00 01 00 00 10 02 DF 0D 00 00 10 46 
00 FF FF 00 10 0D 22 93 00 00 01 00 00 10 02 E0 0D 00 00 09 64 
00 FF FF 00 10 0D 22 93 00 00 01 00 00 10 02 E1 0D 00 00 30 44 
00 FF FF 00 10 0D 22 93 00 00 01 00 00 10 02 E2 0D 00 00 08 70 
00 FF FF 00 10 0D 22 93 00 00 01 00 00 10 02 E3 0D 00 00 1C 64 
00 FF FF 00 10 0D 22 93 00 00 01 00 00 10 02 E4 0D 00 00 16 E5 
00 FF FF 00 10 0D 22 93 00 00 01 00 00 10 02 E5 0D 00 00 0F 63 
00 FF FF 00 10 0D 22 93 00 00 01 00 00 10 02 E6 0D 00 00 2B 2B 
00 FF FF 00 10 0D 22 93 00 00 01 00 00 10 02 E7 0D 00 00 06 BC 
00 FF FF 00 10 0D 22 93 00 00 01 00 00 10 02 E8 0D 00 00 34 F4 
00 FF FF 00 10 0D 22 93 00 00 01 00 00 10 02 E9 0D 00 00 10 3A 
00 FF FF 00 10 0D 22 93 00 00 01 00 00 10 02 EA 0D 00 00 34 C1 
00 FF FF 00 10 0D 22 93 00 00 01 00 00 10 02 EC 0D 00 00 29 71 
00 FF FF 00 10 0D 22 93 00 00 01 00 00 10 02 ED 0D 00 00 17 71 
00 FF FF 00 10 0D 22 93 00 00 01 00 00 10 02 EE 0D 00 00 0E C0 
00 FF FF 00 10 0D 22 93 00 00 01 00 00 10 02 EF 0D 00 00 1D 63 
00 FF FF 00 10 0D 22 93 00 00 01 00 00 10 02 F0 0D 00 00 09 F8 
00 FF FF 00 10 0D 22 93 00 00 01 00 00 10 02 F1 0D 00 00 2C CA 
00 FF FF 00 10 0D 22 93 00 00 01 00 00 10 02 F2 0D 00 00 0A 2C 
00 FF FF 00 10 0D 22 93 00 00 01 00 00 10 02 F3 0D 00 00 17 C4 
00 FF FF 00 10 0D 22 93 00 00 01 00 00 10 02 F4 0D 00 00 0A DA 
00 FF FF 00 10 0D 22 93 00 00 01 00 00 10 02 F5 0D 00 00 28 61 
00 FF FF 00 10 0D 22 93 00 00 01 00 00 10 02 F6 0D 00 00 14 03 
00 FF FF 00 10 0D 22 93 00 00 01 00 00 10 02 F7 0D 00 00 15 0A 
00 FF FF 00 10 0D 22 93 00 00 01 00 00 10 02 F8 0D 00 00 2A 0A 
00 FF FF 00 10 0D 22 93 00 00 01 00 00 10 02 F9 0D 00 00 08 5F 
00 FF FF 00 10 0D 22 93 00 00 01 00 00 10 02 FA 0D 00 00 2F 8A 
00 FF FF 00 10 0D 22 93 00 00 01 00 00 10 02 FB 0D 00 00 0A A8 
00 FF FF 00 10 0D 22 93 00 00 01 00 00 10 02 FC 0D 00 00 16 AF 
00 FF FF 00 10 0D 22 93 00 00 01 00 00 10 02 FD 0D 00 00 0D 65 
00 FF FF 00 10 0D 22 93 00 00 01 00 00 10 02 FE 0D 00 00 24 33 
00 FF FF 00 10 0D 22 93 00 00 01 00 00 10 02 FF 0D 00 00 0D 09 
00 FF FF 00 10 0D 22 93 00 00 01 00 00 10 03 00 0D 00 00 17 FF 
00 FF FF 00 10 0D 22 93 00 00 01 00 00 10 03 01 0D 00 00 2A B5 
00 FF FF 00 10 0D 22 93 00 00 01 00 00 10 03 02 0D 00 00 06 BE 
00 FF FF 00 10 0D 22 93 00 00 01 00 00 10 03 03 0D 00 00 34 AD 
00 FF FF 00 10 0D 22 93 00 00 01 00 00 10 03 04 0D 00 00 06 DE 
00 FF FF 00 10 0D 22 93 00 00 01 00 00 10 03 05 0D 00 00 2E 92 
00 FF FF 00 10 0D 22 93 00 00 01 00 00 10 03 06 0D 00 00 0F AC 
00 FF FF 00 10 0D 22 93 00 00 01 00 00 10 03 07 0D 00 00 22 AA 
00 FF FF 00 10 0D 22 93 00 00 01 00 00 10 03 08 0D 00 00 14 22 
00 FF FF 00 10 0D 22 93 00 00 01 00 00 10 03 09 0D 00 00 14 84 
00 FF FF 00 10 0D 22 93 00 00 01 00 00 10 03 0A 0D 00 00 23 83 
00 FF FF 00 10 0D 22 93 00 00 01 00 00 10 03 0B 0D 00 00 0A C3 
00 FF FF 00 10 0D 22 93 00 00 01 00 00 10 03 0C 0D 00 00 2C 9D 
00 FF FF 00 10 0D 22 93 00 00 01 00 00 10 03 0D 0D 00 00 09 A8 
00 FF FF 00 10 0D 22 93 00 00 01 00 00 10 03 0E 0D 00 00 27 A1 
00 FF FF 00 10 0D 22 93 00 00 01 00 00 10 03 0F 0D 00 00 0F C2 
00 FF FF 00 10 0D 22 93 00 00 01 00 00 10 03 10 0D 00 00 1E FB 
00 FF FF 00 10 0D 22 93 00 00 01 00 00 10 03 11 0D 00 00 13 76 
00 FF FF 00 10 0D 22 93 00 00 01 00 00 10 03 12 0D 00 00 12 25 
00 FF FF 00 10 0D 22 93 00 00 01 00 00 10 03 13 0D 00 00 13 BD 
00 FF FF 00 10 0D 22 93 00 00 01 00 00 10 03 14 0D 00 00 0A 00 
00 FF FF 00 10 0D 22 93 00 00 01 00 00 10 03 15 0D 00 00 29 59 
00 FF FF 00 10 0D 22 93 00 00 01 00 00 10 03 16 0D 00 00 08 00 
00 FF FF 00 10 0D 22 93 00 00 01 00 00 10 03 17 0D 00 00 2C DE 
00 FF FF 00 10 0D 22 93 00 00 01 00 00 10 03 18 0D 00 00 0E 10 
00 FF FF 00 10 0D 22 93 00 00 01 00 00 10 03 19 0D 00 00 1C 56 
00 FF FF 00 10 0D 22 93 00 00 01 00 00 10 03 1A 0D 00 00 12 FA 
00 FF FF 00 10 0D 22 93 00 00 01 00 00 10 03 1B 0D 00 00 0F B2 
00 FF FF 00 10 0D 22 93 00 00 01 00 00 10 03 1C 0D 00 00 07 D7 
00 FF FF 00 10 0D 22 93 00 00 01 00 00 10 03 1D 0D 00 00 04 0F 
00 FF FF 00 10 0D 22 93 00 00 01 00 00 10 03 1E 0D 00 00 1B 02 
00 FF FF 00 10 0D 22 93 00 00 01 00 00 10 03 1F 0D 00 00 0C 30 
00 FF FF 00 10 0D 22 93 00 00 01 00 00 10 03 20 0D 00 00 24 EE 
00 FF FF 00 10 0D 22 93 00 00 01 00 00 10 03 21 0D 00 00 0E B2 
00 FF FF 00 10 0D 22 93 00 00 01 00 00 10 03 22 0D 00 00 17 E5 
00 FF FF 00 10 0D 22 93 00 00 01 00 00 10 03 23 0D 00 00 18 C9 
00 FF FF 00 10 0D 22 93 00 00 01 00 00 10 03 24 0D 00 00 0D 06 
00 FF FF 00 10 0D 22 93 00 00 01 00 00 10 03 25 0D 00 00 16 4B 
00 FF FF 00 10 0D 22 93 00 00 01 00 00 10 03 26 0D 00 00 07 CA 
00 FF FF 00 10 0D 22 93 00 00 01 00 00 10 03 27 0D 00 00 1D C9 
00 FF FF 00 10 0D 22 93 00 00 01 00 00 10 03 28 0D 00 00 09 BB 
00 FF FF 00 10 0D 22 93 00 00 01 00 00 10 03 29 0D 00 00 1C 41 
00 FF FF 00 10 0D 22 93 00 00 01 00 00 10 03 2A 0D 00 00 11 CF 
00 FF FF 00 10 0D 22 93 00 00 01 00 00 10 03 2B 0D 00 00 14 8D 
00 FF FF 00 10 0D 22 93 00 00 01 00 00 10 03 2C 0D 00 00 1C 5D 
00 FF FF 00 10 0D 22 93 00 00 01 00 00 10 03 2D 0D 00 00 0B C3 
00 FF FF 00 10 0D 22 93 00 00 01 00 00 10 03 2E 0D 00 00 13 68 
00 FF FF 00 10 0D 22 93 00 00 01 00 00 10 03 2F 0D 00 00 06 98 
00 FF FF 00 10 0D 22 93 00 00 01 00 00 10 03 30 0D 00 00 17 97 
00 FF FF 00 10 0D 22 93 00 00 01 00 00 10 03 31 0D 00 00 0A 32 
00 FF FF 00 10 0D 22 93 00 00 01 00 00 10 03 32 0D 00 00 1E 0F 
00 FF FF 00 10 0D 22 93 00 00 01 00 00 10 03 33 0D 00 00 12 B5 
00 FF FF 00 10 0D 22 93 00 00 01 00 00 10 03 34 0D 00 00 12 CE 
00 FF FF 00 10 0D 22 93 00 00 01 00 00 10 03 35 0D 00 00 24 A8 
00 FF FF 00 10 0D 22 93 00 00 01 00 00 10 03 36 0D 00 00 0A 39 
00 FF FF 00 10 0D 22 93 00 00 01 00 00 10 03 37 0D 00 00 03 50 
00 FF FF 00 10 0D 22 93 00 00 01 00 00 10 03 38 0D 00 00 07 7F 
00 FF FF 00 10 0D 22 93 00 00 01 00 00 10 03 39 0D 00 00 15 21 
00 FF FF 00 10 0D 22 93 00 00 01 00 00 10 03 3A 0D 00 00 11 D3 
00 FF FF 00 10 0D 22 93 00 00 01 00 00 10 03 3B 0D 00 00 10 E8 
00 FF FF 00 10 0D 22 93 00 00 01 00 00 10 03 3C 0D 00 00 13 CF 
00 FF FF 00 10 0D 22 93 00 00 01 00 00 10 03 3D 0D 00 00 0F 80 
00 FF FF 00 10 0D 22 93 00 00 01 00 00 10 03 3E 0D 00 00 26 B5 
00 FF FF 00 10 0D 22 93 00 00 01 00 00 10 03 3F 0D 00 00 04 B9 
00 FF FF 00 10 0D 22 93 00 00 01 00 00 10 03 40 0D 00 00 27 BA 
00 FF FF 00 10 0D 22 93 00 00 01 00 00 10 03 41 0D 00 00 09 AF 
00 FF FF 00 10 0D 22 93 00 00 01 00 00 10 03 42 0D 00 00 12 EF 
00 FF FF 00 10 0D 22 93 00 00 01 00 00 10 03 43 0D 00 00 12 F0 
00 FF FF 00 10 0D 22 93 00 00 01 00 00 10 03 44 0D 00 00 13 D9 
00 FF FF 00 10 0D 22 93 00 00 01 00 00 10 03 45 0D 00 00 1B 09 
00 FF FF 00 10 0D 22 93 00 00 01 00 00 10 03 46 0D 00 00 0F 36 
00 FF FF 00 10 0D 22 93 00 00 01 00 00 10 03 47 0D 00 00 28 5C 
00 FF FF 00 10 0D 22 93 00 00 01 00 00 10 03 48 0D 00 00 09 3F 
00 FF FF 00 10 0D 22 93 00 00 01 00 00 10 03 49 0D 00 00 0D 2F 
00 FF FF 00 10 0D 22 93 00 00 01 00 00 10 03 4A 0D 00 00 05 44 
00 FF FF 00 10 0D 22 93 00 00 01 00 00 10 03 4B 0D 00 00 12 35 
00 FF FF 00 10 0D 22 93 00 00 01 00 00 10 03 4C 0D 00 00 12 7E 
00 FF FF 00 10 0D 22 93 00 00 01 00 00 10 03 4D 0D 00 00 0F 5B 
00 FF FF 00 10 0D 22 93 00 00 01 00 00 10 03 4E 0D 00 00 0D 79 
00 FF FF 00 10 0D 22 93 00 00 01 00 00 10 03 4F 0D 00 00 0C 39 
00 FF FF 00 10 0D 22 93 00 00 01 00 00 10 03 50 0D 00 00 20 F9 
00 FF FF 00 10 0D 22 93 00 00 01 00 00 10 03 51 0D 00 00 07 9E 
00 FF FF 00 10 0D 22 93 00 00 01 00 00 10 03 52 0D 00 00 2B FA 
00 FF FF 00 10 0D 22 93 00 00 01 00 00 10 03 53 0D 00 00 0B E9 
00 FF FF 00 10 0D 22 93 00 00 01 00 00 10 03 54 0D 00 00 10 4F 
00 FF FF 00 10 0D 22 93 00 00 01 00 00 10 03 55 0D 00 00 11 62 
00 FF FF 00 10 0D 22 93 00 00 01 00 00 10 03 56 0D 00 00 0B D0 
00 FF FF 00 10 0D 22 93 00 00 01 00 00 10 03 57 0D 00 00 25 71 
00 FF FF 00 10 0D 22 93 00 00 01 00 00 10 03 58 0D 00 00 08 D8 
00 FF FF 00 10 0D 22 93 00 00 01 00 00 10 03 59 0D 00 00 17 AE 
00 FF FF 00 10 0D 22 93 00 00 01 00 00 10 03 5A 0D 00 00 06 62 
00 FF FF 00 10 0D 22 93 00 00 01 00 00 10 03 5B 0D 00 00 17 33 
00 FF FF 00 10 0D 22 93 00 00 01 00 00 10 03 5D 0D 00 00 12 94 
00 FF FF 00 10 0D 22 93 00 00 01 00 00 10 03 5E 0D 00 00 1B 01 
00 FF FF 00 10 0D 22 93 00 00 01 00 00 10 03 5F 0D 00 00 0B 2B 
00 FF FF 00 10 0D 22 93 00 00 01 00 00 10 03 60 0D 00 00 2D 3B 
00 FF FF 00 10 0D 22 93 00 00 01 00 00 10 03 61 0D 00 00 01 21 
00 FF FF 00 10 0D 22 93 00 00 01 00 00 10 03 62 0D 00 00 01 76 
00 FF FF 00 10 0D 22 93 00 00 01 00 00 10 03 63 0D 00 00 0B 26 
00 FF FF 00 10 0D 22 93 00 00 01 00 00 10 03 64 0D 00 00 16 F2 
00 FF FF 00 10 0D 22 93 00 00 01 00 00 10 03 67 0D 00 00 17 EA 
00 FF FF 00 10 0D 22 93 00 00 01 00 00 10 03 68 0D 00 00 08 26 
00 FF FF 00 10 0D 22 93 00 00 01 00 00 10 03 69 0D 00 00 33 54 
00 FF FF 00 10 0D 22 93 00 00 01 00 00 10 03 6A 0D 00 00 0B 3A 
00 FF FF 00 10 0D 22 93 00 00 01 00 00 10 03 6B 0D 00 00 32 22 
00 FF FF 00 10 0D 22 93 00 00 01 00 00 10 03 6C 0D 00 00 0D 04 
