00 FF FF 00 10 0D 22 93 00 00 01 00 00 10 0F 08 0D 00 00 13 AC 
00 FF FF 00 10 0D 22 93 00 00 01 00 00 10 0F 09 0D 00 00 0E B6 
00 FF FF 00 10 0D 22 93 00 00 01 00 00 10 0F 0B 0D 00 00 09 B6 
00 FF FF 00 10 0D 22 93 00 00 01 00 00 10 0F 0D 0D 00 00 10 D3 
00 FF FF 00 10 0D 22 93 00 00 01 00 00 10 0F 0E 0D 00 00 17 86 
00 FF FF 00 10 0D 22 93 00 00 01 00 00 10 0F 10 0D 00 00 11 66 
00 FF FF 00 10 0D 22 93 00 00 01 00 00 10 00 37 0D 00 00 0A B3 
00 FF FF 00 10 0D 22 93 00 00 01 00 00 10 00 38 0D 00 00 0B 58 
00 FF FF 00 10 0D 22 93 00 00 01 00 00 10 00 39 0D 00 00 12 F7 
00 FF FF 00 10 0D 22 93 00 00 01 00 00 10 00 3A 0D 00 00 08 9C 
00 FF FF 00 10 0D 22 93 00 00 01 00 00 10 00 3B 0D 00 00 0E C4 
00 FF FF 00 10 0D 22 93 00 00 01 00 00 10 00 3C 0D 00 00 06 03 
00 FF FF 00 10 0D 22 93 00 00 01 00 00 10 00 3D 0D 00 00 09 11 
00 FF FF 00 10 0D 22 93 00 00 01 00 00 10 00 3E 0D 00 00 0D 20 
00 FF FF 00 10 0D 22 93 00 00 01 00 00 10 00 3F 0D 00 00 1E 71 
00 FF FF 00 10 0D 22 93 00 00 01 00 00 10 00 40 0D 00 00 0A E7 
00 FF FF 00 10 0D 22 93 00 00 01 00 00 10 00 41 0D 00 00 10 86 
00 FF FF 00 10 0D 22 93 00 00 01 00 00 10 00 42 0D 00 00 0D CB 
00 FF FF 00 10 0D 22 93 00 00 01 00 00 10 00 43 0D 00 00 0B E4 
00 FF FF 00 10 0D 22 93 00 00 01 00 00 10 00 44 0D 00 00 13 48 
00 FF FF 00 10 0D 22 93 00 00 01 00 00 10 00 45 0D 00 00 11 FE 
00 FF FF 00 10 0D 22 93 00 00 01 00 00 10 00 46 0D 00 00 09 6D 
00 FF FF 00 10 0D 22 93 00 00 01 00 00 10 00 47 0D 00 00 00 C8 
00 FF FF 00 10 0D 22 93 00 00 01 00 00 10 00 48 0D 00 00 06 32 
00 FF FF 00 10 0D 22 93 00 00 01 00 00 10 00 49 0D 00 00 02 2B 
00 FF FF 00 10 0D 22 93 00 00 01 00 00 10 00 4A 0D 00 00 01 C0 
00 FF FF 00 10 0D 22 93 00 00 01 00 00 10 00 4B 0D 00 00 10 E3 
00 FF FF 00 10 0D 22 93 00 00 01 00 00 10 00 4C 0D 00 00 05 F1 
00 FF FF 00 10 0D 22 93 00 00 01 00 00 10 00 4D 0D 00 00 00 A1 
00 FF FF 00 10 0D 22 93 00 00 01 00 00 10 00 4E 0D 00 00 0D 9B 
00 FF FF 00 10 0D 22 93 00 00 01 00 00 10 00 4F 0D 00 00 09 93 
00 FF FF 00 10 0D 22 93 00 00 01 00 00 10 00 50 0D 00 00 10 7E 
00 FF FF 00 10 0D 22 93 00 00 01 00 00 10 00 51 0D 00 00 0F 93 
00 FF FF 00 10 0D 22 93 00 00 01 00 00 10 00 52 0D 00 00 0D 95 
00 FF FF 00 10 0D 22 93 00 00 01 00 00 10 00 53 0D 00 00 08 95 
00 FF FF 00 10 0D 22 93 00 00 01 00 00 10 00 54 0D 00 00 16 6D 
00 FF FF 00 10 0D 22 93 00 00 01 00 00 10 00 55 0D 00 00 09 95 
00 FF FF 00 10 0D 22 93 00 00 01 00 00 10 00 56 0D 00 00 0D 33 
00 FF FF 00 10 0D 22 93 00 00 01 00 00 10 00 57 0D 00 00 0B 4F 
00 FF FF 00 10 0D 22 93 00 00 01 00 00 10 00 58 0D 00 00 0A FA 
00 FF FF 00 10 0D 22 93 00 00 01 00 00 10 00 59 0D 00 00 0C C7 
00 FF FF 00 10 0D 22 93 00 00 01 00 00 10 00 5A 0D 00 00 0D 81 
00 FF FF 00 10 0D 22 93 00 00 01 00 00 10 00 5B 0D 00 00 06 1A 
00 FF FF 00 10 0D 22 93 00 00 01 00 00 10 00 5C 0D 00 00 05 52 
00 FF FF 00 10 0D 22 93 00 00 01 00 00 10 00 5D 0D 00 00 09 B2 
00 FF FF 00 10 0D 22 93 00 00 01 00 00 10 00 5E 0D 00 00 0E 7B 
00 FF FF 00 10 0D 22 93 00 00 01 00 00 10 00 5F 0D 00 00 0D E4 
00 FF FF 00 10 0D 22 93 00 00 01 00 00 10 00 60 0D 00 00 16 14 
00 FF FF 00 10 0D 22 93 00 00 01 00 00 10 00 61 0D 00 00 0D 59 
00 FF FF 00 10 0D 22 93 00 00 01 00 00 10 00 62 0D 00 00 11 B6 
00 FF FF 00 10 0D 22 93 00 00 01 00 00 10 00 63 0D 00 00 0E 57 
00 FF FF 00 10 0D 22 93 00 00 01 00 00 10 00 64 0D 00 00 1C E6 
00 FF FF 00 10 0D 22 93 00 00 01 00 00 10 00 65 0D 00 00 12 3D 
00 FF FF 00 10 0D 22 93 00 00 01 00 00 10 00 66 0D 00 00 0B 74 
00 FF FF 00 10 0D 22 93 00 00 01 00 00 10 00 67 0D 00 00 07 E2 
00 FF FF 00 10 0D 22 93 00 00 01 00 00 10 00 68 0D 00 00 12 DE 
00 FF FF 00 10 0D 22 93 00 00 01 00 00 10 00 69 0D 00 00 0C AD 
00 FF FF 00 10 0D 22 93 00 00 01 00 00 10 00 6A 0D 00 00 28 B0 
00 FF FF 00 10 0D 22 93 00 00 01 00 00 10 00 6B 0D 00 00 11 79 
00 FF FF 00 10 0D 22 93 00 00 01 00 00 10 00 6C 0D 00 00 0B 78 
00 FF FF 00 10 0D 22 93 00 00 01 00 00 10 00 6D 0D 00 00 0E FA 
00 FF FF 00 10 0D 22 93 00 00 01 00 00 10 00 6E 0D 00 00 08 D4 
00 FF FF 00 10 0D 22 93 00 00 01 00 00 10 00 6F 0D 00 00 0D 96 
00 FF FF 00 10 0D 22 93 00 00 01 00 00 10 00 70 0D 00 00 0C E7 
00 FF FF 00 10 0D 22 93 00 00 01 00 00 10 00 71 0D 00 00 0A 28 
00 FF FF 00 10 0D 22 93 00 00 01 00 00 10 00 72 0D 00 00 10 1E 
00 FF FF 00 10 0D 22 93 00 00 01 00 00 10 00 73 0D 00 00 17 C2 
00 FF FF 00 10 0D 22 93 00 00 01 00 00 10 00 74 0D 00 00 0C 7A 
00 FF FF 00 10 0D 22 93 00 00 01 00 00 10 00 75 0D 00 00 0F 2C 
00 FF FF 00 10 0D 22 93 00 00 01 00 00 10 00 76 0D 00 00 0E 3D 
00 FF FF 00 10 0D 22 93 00 00 01 00 00 10 00 77 0D 00 00 0D 73 
00 FF FF 00 10 0D 22 93 00 00 01 00 00 10 00 78 0D 00 00 11 73 
00 FF FF 00 10 0D 22 93 00 00 01 00 00 10 00 79 0D 00 00 0A 52 
00 FF FF 00 10 0D 22 93 00 00 01 00 00 10 00 7A 0D 00 00 0B BC 
00 FF FF 00 10 0D 22 93 00 00 01 00 00 10 00 7B 0D 00 00 11 E0 
00 FF FF 00 10 0D 22 93 00 00 01 00 00 10 00 7C 0D 00 00 28 17 
00 FF FF 00 10 0D 22 93 00 00 01 00 00 10 00 7D 0D 00 00 0F 14 
00 FF FF 00 10 0D 22 93 00 00 01 00 00 10 00 7E 0D 00 00 0A 43 
00 FF FF 00 10 0D 22 93 00 00 01 00 00 10 00 7F 0D 00 00 0D 0F 
00 FF FF 00 10 0D 22 93 00 00 01 00 00 10 00 80 0D 00 00 07 4B 
00 FF FF 00 10 0D 22 93 00 00 01 00 00 10 00 81 0D 00 00 0C 22 
00 FF FF 00 10 0D 22 93 00 00 01 00 00 10 00 82 0D 00 00 0D 07 
00 FF FF 00 10 0D 22 93 00 00 01 00 00 10 00 83 0D 00 00 0D DE 
00 FF FF 00 10 0D 22 93 00 00 01 00 00 10 00 84 0D 00 00 10 9A 
00 FF FF 00 10 0D 22 93 00 00 01 00 00 10 00 85 0D 00 00 0D 8F 
00 FF FF 00 10 0D 22 93 00 00 01 00 00 10 00 86 0D 00 00 0D 63 
00 FF FF 00 10 0D 22 93 00 00 01 00 00 10 00 87 0D 00 00 07 8B 
00 FF FF 00 10 0D 22 93 00 00 01 00 00 10 00 88 0D 00 00 14 96 
00 FF FF 00 10 0D 22 93 00 00 01 00 00 10 00 89 0D 00 00 0F C9 
00 FF FF 00 10 0D 22 93 00 00 01 00 00 10 00 8A 0D 00 00 0C 6E 
00 FF FF 00 10 0D 22 93 00 00 01 00 00 10 00 8B 0D 00 00 11 CC 
00 FF FF 00 10 0D 22 93 00 00 01 00 00 10 00 8C 0D 00 00 0A 99 
00 FF FF 00 10 0D 22 93 00 00 01 00 00 10 00 8D 0D 00 00 10 33 
00 FF FF 00 10 0D 22 93 00 00 01 00 00 10 00 8E 0D 00 00 11 7C 
00 FF FF 00 10 0D 22 93 00 00 01 00 00 10 00 8F 0D 00 00 14 4F 
00 FF FF 00 10 0D 22 93 00 00 01 00 00 10 00 90 0D 00 00 06 7B 
00 FF FF 00 10 0D 22 93 00 00 01 00 00 10 00 91 0D 00 00 11 2E 
00 FF FF 00 10 0D 22 93 00 00 01 00 00 10 00 92 0D 00 00 0E 09 
00 FF FF 00 10 0D 22 93 00 00 01 00 00 10 00 93 0D 00 00 1A 20 
00 FF FF 00 10 0D 22 93 00 00 01 00 00 10 00 94 0D 00 00 0C 91 
00 FF FF 00 10 0D 22 93 00 00 01 00 00 10 00 95 0D 00 00 27 72 
00 FF FF 00 10 0D 22 93 00 00 01 00 00 10 00 96 0D 00 00 0C 65 
00 FF FF 00 10 0D 22 93 00 00 01 00 00 10 00 97 0D 00 00 17 D8 
00 FF FF 00 10 0D 22 93 00 00 01 00 00 10 00 98 0D 00 00 12 4F 
00 FF FF 00 10 0D 22 93 00 00 01 00 00 10 00 99 0D 00 00 09 E4 
00 FF FF 00 10 0D 22 93 00 00 01 00 00 10 00 9A 0D 00 00 0D DB 
00 FF FF 00 10 0D 22 93 00 00 01 00 00 10 00 9B 0D 00 00 0A BD 
00 FF FF 00 10 0D 22 93 00 00 01 00 00 10 00 9C 0D 00 00 10 03 
00 FF FF 00 10 0D 22 93 00 00 01 00 00 10 00 9D 0D 00 00 0B E1 
00 FF FF 00 10 0D 22 93 00 00 01 00 00 10 00 9E 0D 00 00 29 35 
00 FF FF 00 10 0D 22 93 00 00 01 00 00 10 00 9F 0D 00 00 0C 83 
00 FF FF 00 10 0D 22 93 00 00 01 00 00 10 00 A0 0D 00 00 0D 99 
00 FF FF 00 10 0D 22 93 00 00 01 00 00 10 00 A1 0D 00 00 0C 47 
00 FF FF 00 10 0D 22 93 00 00 01 00 00 10 00 A2 0D 00 00 0C F0 
00 FF FF 00 10 0D 22 93 00 00 01 00 00 10 00 A3 0D 00 00 0B B8 
00 FF FF 00 10 0D 22 93 00 00 01 00 00 10 00 A4 0D 00 00 0A 6F 
00 FF FF 00 10 0D 22 93 00 00 01 00 00 10 00 A5 0D 00 00 1D EF 
00 FF FF 00 10 0D 22 93 00 00 01 00 00 10 00 A6 0D 00 00 0D BE 
00 FF FF 00 10 0D 22 93 00 00 01 00 00 10 00 A7 0D 00 00 18 12 
00 FF FF 00 10 0D 22 93 00 00 01 00 00 10 00 A8 0D 00 00 12 3E 
00 FF FF 00 10 0D 22 93 00 00 01 00 00 10 00 A9 0D 00 00 0B 80 
00 FF FF 00 10 0D 22 93 00 00 01 00 00 10 00 AA 0D 00 00 0F 49 
00 FF FF 00 10 0D 22 93 00 00 01 00 00 10 00 AB 0D 00 00 0A 04 
00 FF FF 00 10 0D 22 93 00 00 01 00 00 10 00 AC 0D 00 00 05 91 
00 FF FF 00 10 0D 22 93 00 00 01 00 00 10 00 AD 0D 00 00 0E 0F 
00 FF FF 00 10 0D 22 93 00 00 01 00 00 10 00 AE 0D 00 00 0D F6 
00 FF FF 00 10 0D 22 93 00 00 01 00 00 10 00 AF 0D 00 00 04 B3 
00 FF FF 00 10 0D 22 93 00 00 01 00 00 10 00 B0 0D 00 00 1F E3 
00 FF FF 00 10 0D 22 93 00 00 01 00 00 10 00 B1 0D 00 00 0A 20 
00 FF FF 00 10 0D 22 93 00 00 01 00 00 10 00 B2 0D 00 00 0E E9 
00 FF FF 00 10 0D 22 93 00 00 01 00 00 10 00 B3 0D 00 00 10 D2 
00 FF FF 00 10 0D 22 93 00 00 01 00 00 10 00 B4 0D 00 00 0D EA 
00 FF FF 00 10 0D 22 93 00 00 01 00 00 10 00 B5 0D 00 00 11 98 
00 FF FF 00 10 0D 22 93 00 00 01 00 00 10 00 B6 0D 00 00 0C 99 
00 FF FF 00 10 0D 22 93 00 00 01 00 00 10 00 B7 0D 00 00 15 37 
00 FF FF 00 10 0D 22 93 00 00 01 00 00 10 00 B8 0D 00 00 09 B6 
00 FF FF 00 10 0D 22 93 00 00 01 00 00 10 00 B9 0D 00 00 10 BB 
00 FF FF 00 10 0D 22 93 00 00 01 00 00 10 00 BA 0D 00 00 11 AB 
00 FF FF 00 10 0D 22 93 00 00 01 00 00 10 00 BB 0D 00 00 0B 48 
00 FF FF 00 10 0D 22 93 00 00 01 00 00 10 00 BC 0D 00 00 0D 35 
00 FF FF 00 10 0D 22 93 00 00 01 00 00 10 00 BD 0D 00 00 07 CC 
00 FF FF 00 10 0D 22 93 00 00 01 00 00 10 00 BE 0D 00 00 0F 2D 
00 FF FF 00 10 0D 22 93 00 00 01 00 00 10 00 BF 0D 00 00 04 0C 
00 FF FF 00 10 0D 22 93 00 00 01 00 00 10 00 C0 0D 00 00 01 E8 
00 FF FF 00 10 0D 22 93 00 00 01 00 00 10 00 C1 0D 00 00 08 C1 
00 FF FF 00 10 0D 22 93 00 00 01 00 00 10 00 C2 0D 00 00 0F B3 
00 FF FF 00 10 0D 22 93 00 00 01 00 00 10 00 C3 0D 00 00 0A 86 
00 FF FF 00 10 0D 22 93 00 00 01 00 00 10 00 C4 0D 00 00 0A E0 
00 FF FF 00 10 0D 22 93 00 00 01 00 00 10 00 C5 0D 00 00 0E 98 
00 FF FF 00 10 0D 22 93 00 00 01 00 00 10 00 C6 0D 00 00 08 62 
00 FF FF 00 10 0D 22 93 00 00 01 00 00 10 00 C7 0D 00 00 16 A3 
00 FF FF 00 10 0D 22 93 00 00 01 00 00 10 00 C8 0D 00 00 0D 98 
00 FF FF 00 10 0D 22 93 00 00 01 00 00 10 00 C9 0D 00 00 1D 62 
00 FF FF 00 10 0D 22 93 00 00 01 00 00 10 00 CA 0D 00 00 05 74 
00 FF FF 00 10 0D 22 93 00 00 01 00 00 10 00 CB 0D 00 00 0E 0B 
00 FF FF 00 10 0D 22 93 00 00 01 00 00 10 00 CC 0D 00 00 0D 96 
00 FF FF 00 10 0D 22 93 00 00 01 00 00 10 00 CD 0D 00 00 09 B0 
00 FF FF 00 10 0D 22 93 00 00 01 00 00 10 00 CE 0D 00 00 0A 5F 
00 FF FF 00 10 0D 22 93 00 00 01 00 00 10 00 CF 0D 00 00 09 AC 
00 FF FF 00 10 0D 22 93 00 00 01 00 00 10 00 D0 0D 00 00 0E 4C 
00 FF FF 00 10 0D 22 93 00 00 01 00 00 10 00 D1 0D 00 00 06 A7 
00 FF FF 00 10 0D 22 93 00 00 01 00 00 10 00 D2 0D 00 00 0C 38 
00 FF FF 00 10 0D 22 93 00 00 01 00 00 10 00 D3 0D 00 00 08 17 
00 FF FF 00 10 0D 22 93 00 00 01 00 00 10 00 D4 0D 00 00 0E 6F 
00 FF FF 00 10 0D 22 93 00 00 01 00 00 10 00 D5 0D 00 00 0C B4 
00 FF FF 00 10 0D 22 93 00 00 01 00 00 10 00 D6 0D 00 00 08 47 
00 FF FF 00 10 0D 22 93 00 00 01 00 00 10 00 D7 0D 00 00 0D BE 
00 FF FF 00 10 0D 22 93 00 00 01 00 00 10 00 D8 0D 00 00 0C 62 
00 FF FF 00 10 0D 22 93 00 00 01 00 00 10 00 D9 0D 00 00 0D 81 
00 FF FF 00 10 0D 22 93 00 00 01 00 00 10 00 DA 0D 00 00 0A E6 
00 FF FF 00 10 0D 22 93 00 00 01 00 00 10 00 DB 0D 00 00 18 AB 
00 FF FF 00 10 0D 22 93 00 00 01 00 00 10 00 DC 0D 00 00 09 E4 
00 FF FF 00 10 0D 22 93 00 00 01 00 00 10 00 DD 0D 00 00 0C 54 
00 FF FF 00 10 0D 22 93 00 00 01 00 00 10 00 DE 0D 00 00 0F 93 
00 FF FF 00 10 0D 22 93 00 00 01 00 00 10 00 DF 0D 00 00 05 FA 
00 FF FF 00 10 0D 22 93 00 00 01 00 00 10 00 E0 0D 00 00 09 2F 
00 FF FF 00 10 0D 22 93 00 00 01 00 00 10 00 E1 0D 00 00 0F 17 
00 FF FF 00 10 0D 22 93 00 00 01 00 00 10 00 E2 0D 00 00 1A AD 
00 FF FF 00 10 0D 22 93 00 00 01 00 00 10 00 E3 0D 00 00 08 85 
00 FF FF 00 10 0D 22 93 00 00 01 00 00 10 00 E4 0D 00 00 03 A5 
00 FF FF 00 10 0D 22 93 00 00 01 00 00 10 00 E5 0D 00 00 0A B3 
00 FF FF 00 10 0D 22 93 00 00 01 00 00 10 00 E6 0D 00 00 0B 1A 
00 FF FF 00 10 0D 22 93 00 00 01 00 00 10 00 E7 0D 00 00 0B D5 
00 FF FF 00 10 0D 22 93 00 00 01 00 00 10 00 E8 0D 00 00 0A EA 
00 FF FF 00 10 0D 22 93 00 00 01 00 00 10 00 E9 0D 00 00 0A BC 
00 FF FF 00 10 0D 22 93 00 00 01 00 00 10 00 EA 0D 00 00 0E A8 
00 FF FF 00 10 0D 22 93 00 00 01 00 00 10 00 EB 0D 00 00 17 4E 
00 FF FF 00 10 0D 22 93 00 00 01 00 00 10 00 EC 0D 00 00 0B 1E 
00 FF FF 00 10 0D 22 93 00 00 01 00 00 10 00 ED 0D 00 00 0C B1 
00 FF FF 00 10 0D 22 93 00 00 01 00 00 10 00 EE 0D 00 00 10 C1 
00 FF FF 00 10 0D 22 93 00 00 01 00 00 10 00 EF 0D 00 00 0A CF 
00 FF FF 00 10 0D 22 93 00 00 01 00 00 10 00 F0 0D 00 00 1C 23 
00 FF FF 00 10 0D 22 93 00 00 01 00 00 10 00 F1 0D 00 00 09 E5 
00 FF FF 00 10 0D 22 93 00 00 01 00 00 10 00 F2 0D 00 00 0B C4 
00 FF FF 00 10 0D 22 93 00 00 01 00 00 10 00 F3 0D 00 00 07 84 
00 FF FF 00 10 0D 22 93 00 00 01 00 00 10 00 F4 0D 00 00 0A 5E 
00 FF FF 00 10 0D 22 93 00 00 01 00 00 10 00 F5 0D 00 00 0B F6 
00 FF FF 00 10 0D 22 93 00 00 01 00 00 10 00 F6 0D 00 00 09 EB 
00 FF FF 00 10 0D 22 93 00 00 01 00 00 10 00 F7 0D 00 00 11 02 
00 FF FF 00 10 0D 22 93 00 00 01 00 00 10 00 F8 0D 00 00 0D 42 
00 FF FF 00 10 0D 22 93 00 00 01 00 00 10 00 F9 0D 00 00 1F 2E 
00 FF FF 00 10 0D 22 93 00 00 01 00 00 10 00 FA 0D 00 00 07 EA 
00 FF FF 00 10 0D 22 93 00 00 01 00 00 10 00 FB 0D 00 00 0D 34 
00 FF FF 00 10 0D 22 93 00 00 01 00 00 10 00 FC 0D 00 00 07 A6 
00 FF FF 00 10 0D 22 93 00 00 01 00 00 10 00 FD 0D 00 00 08 90 
00 FF FF 00 10 0D 22 93 00 00 01 00 00 10 00 FE 0D 00 00 07 C0 
00 FF FF 00 10 0D 22 93 00 00 01 00 00 10 00 FF 0D 00 00 0D 39 
00 FF FF 00 10 0D 22 93 00 00 01 00 00 10 01 00 0D 00 00 12 4D 
00 FF FF 00 10 0D 22 93 00 00 01 00 00 10 01 01 0D 00 00 0B 90 
00 FF FF 00 10 0D 22 93 00 00 01 00 00 10 01 02 0D 00 00 1D F0 
00 FF FF 00 10 0D 22 93 00 00 01 00 00 10 01 03 0D 00 00 0D 07 
00 FF FF 00 10 0D 22 93 00 00 01 00 00 10 01 04 0D 00 00 14 33 
00 FF FF 00 10 0D 22 93 00 00 01 00 00 10 01 05 0D 00 00 09 F0 
00 FF FF 00 10 0D 22 93 00 00 01 00 00 10 01 06 0D 00 00 0C 6A 
00 FF FF 00 10 0D 22 93 00 00 01 00 00 10 01 07 0D 00 00 08 D3 
00 FF FF 00 10 0D 22 93 00 00 01 00 00 10 01 08 0D 00 00 07 AE 
00 FF FF 00 10 0D 22 93 00 00 01 00 00 10 01 09 0D 00 00 0D FB 
00 FF FF 00 10 0D 22 93 00 00 01 00 00 10 01 0A 0D 00 00 06 AA 
00 FF FF 00 10 0D 22 93 00 00 01 00 00 10 01 0B 0D 00 00 12 94 
00 FF FF 00 10 0D 22 93 00 00 01 00 00 10 01 0C 0D 00 00 0C EE 
00 FF FF 00 10 0D 22 93 00 00 01 00 00 10 01 0D 0D 00 00 0F 04 
00 FF FF 00 10 0D 22 93 00 00 01 00 00 10 01 0E 0D 00 00 05 C0 
00 FF FF 00 10 0D 22 93 00 00 01 00 00 10 01 0F 0D 00 00 0B 01 
00 FF FF 00 10 0D 22 93 00 00 01 00 00 10 01 10 0D 00 00 0A E3 
00 FF FF 00 10 0D 22 93 00 00 01 00 00 10 01 11 0D 00 00 07 CE 
00 FF FF 00 10 0D 22 93 00 00 01 00 00 10 01 12 0D 00 00 17 B3 
00 FF FF 00 10 0D 22 93 00 00 01 00 00 10 01 13 0D 00 00 03 15 
00 FF FF 00 10 0D 22 93 00 00 01 00 00 10 01 14 0D 00 00 1D F1 
00 FF FF 00 10 0D 22 93 00 00 01 00 00 10 01 15 0D 00 00 09 46 
00 FF FF 00 10 0D 22 93 00 00 01 00 00 10 01 16 0D 00 00 0B DD 
00 FF FF 00 10 0D 22 93 00 00 01 00 00 10 01 17 0D 00 00 0B B8 
00 FF FF 00 10 0D 22 93 00 00 01 00 00 10 01 18 0D 00 00 07 0A 
00 FF FF 00 10 0D 22 93 00 00 01 00 00 10 01 19 0D 00 00 08 EF 
00 FF FF 00 10 0D 22 93 00 00 01 00 00 10 01 1A 0D 00 00 09 82 
00 FF FF 00 10 0D 22 93 00 00 01 00 00 10 01 1B 0D 00 00 17 F2 
00 FF FF 00 10 0D 22 93 00 00 01 00 00 10 01 1C 0D 00 00 05 1C 
00 FF FF 00 10 0D 22 93 00 00 01 00 00 10 01 1D 0D 00 00 12 AA 
00 FF FF 00 10 0D 22 93 00 00 01 00 00 10 01 1E 0D 00 00 07 62 
00 FF FF 00 10 0D 22 93 00 00 01 00 00 10 01 1F 0D 00 00 0C 94 
00 FF FF 00 10 0D 22 93 00 00 01 00 00 10 01 20 0D 00 00 0A 64 
00 FF FF 00 10 0D 22 93 00 00 01 00 00 10 01 21 0D 00 00 09 7C 
00 FF FF 00 10 0D 22 93 00 00 01 00 00 10 01 22 0D 00 00 0C 39 
00 FF FF 00 10 0D 22 93 00 00 01 00 00 10 01 23 0D 00 00 07 D1 
00 FF FF 00 10 0D 22 93 00 00 01 00 00 10 01 24 0D 00 00 1E 77 
00 FF FF 00 10 0D 22 93 00 00 01 00 00 10 01 25 0D 00 00 08 CD 
00 FF FF 00 10 0D 22 93 00 00 01 00 00 10 01 26 0D 00 00 24 65 
00 FF FF 00 10 0D 22 93 00 00 01 00 00 10 01 27 0D 00 00 08 01 
00 FF FF 00 10 0D 22 93 00 00 01 00 00 10 01 28 0D 00 00 0C 14 
00 FF FF 00 10 0D 22 93 00 00 01 00 00 10 01 29 0D 00 00 08 DF 
00 FF FF 00 10 0D 22 93 00 00 01 00 00 10 01 2A 0D 00 00 10 13 
00 FF FF 00 10 0D 22 93 00 00 01 00 00 10 01 2B 0D 00 00 0A 40 
00 FF FF 00 10 0D 22 93 00 00 01 00 00 10 01 2C 0D 00 00 05 37 
00 FF FF 00 10 0D 22 93 00 00 01 00 00 10 01 2D 0D 00 00 1D 61 
00 FF FF 00 10 0D 22 93 00 00 01 00 00 10 01 2E 0D 00 00 07 CF 
00 FF FF 00 10 0D 22 93 00 00 01 00 00 10 01 2F 0D 00 00 11 7C 
00 FF FF 00 10 0D 22 93 00 00 01 00 00 10 01 30 0D 00 00 0C 7F 
00 FF FF 00 10 0D 22 93 00 00 01 00 00 10 01 31 0D 00 00 0E 12 
00 FF FF 00 10 0D 22 93 00 00 01 00 00 10 01 32 0D 00 00 08 0B 
00 FF FF 00 10 0D 22 93 00 00 01 00 00 10 01 33 0D 00 00 09 90 
00 FF FF 00 10 0D 22 93 00 00 01 00 00 10 01 34 0D 00 00 05 32 
00 FF FF 00 10 0D 22 93 00 00 01 00 00 10 01 35 0D 00 00 10 C0 
00 FF FF 00 10 0D 22 93 00 00 01 00 00 10 01 36 0D 00 00 0E 2C 
00 FF FF 00 10 0D 22 93 00 00 01 00 00 10 01 37 0D 00 00 08 C8 
00 FF FF 00 10 0D 22 93 00 00 01 00 00 10 01 38 0D 00 00 11 64 
00 FF FF 00 10 0D 22 93 00 00 01 00 00 10 01 39 0D 00 00 0A 13 
00 FF FF 00 10 0D 22 93 00 00 01 00 00 10 01 3A 0D 00 00 04 A7 
00 FF FF 00 10 0D 22 93 00 00 01 00 00 10 01 3B 0D 00 00 08 DE 
00 FF FF 00 10 0D 22 93 00 00 01 00 00 10 01 3C 0D 00 00 08 97 
00 FF FF 00 10 0D 22 93 00 00 01 00 00 10 01 3D 0D 00 00 0F E0 
00 FF FF 00 10 0D 22 93 00 00 01 00 00 10 01 3E 0D 00 00 12 99 
00 FF FF 00 10 0D 22 93 00 00 01 00 00 10 01 3F 0D 00 00 06 45 
00 FF FF 00 10 0D 22 93 00 00 01 00 00 10 01 40 0D 00 00 09 F1 
00 FF FF 00 10 0D 22 93 00 00 01 00 00 10 01 41 0D 00 00 17 6E 
00 FF FF 00 10 0D 22 93 00 00 01 00 00 10 01 42 0D 00 00 0A 5A 
00 FF FF 00 10 0D 22 93 00 00 01 00 00 10 01 43 0D 00 00 0A 7B 
00 FF FF 00 10 0D 22 93 00 00 01 00 00 10 01 44 0D 00 00 05 B9 
00 FF FF 00 10 0D 22 93 00 00 01 00 00 10 01 45 0D 00 00 0A 43 
00 FF FF 00 10 0D 22 93 00 00 01 00 00 10 01 46 0D 00 00 08 36 
00 FF FF 00 10 0D 22 93 00 00 01 00 00 10 01 47 0D 00 00 05 A9 
00 FF FF 00 10 0D 22 93 00 00 01 00 00 10 01 48 0D 00 00 11 E7 
00 FF FF 00 10 0D 22 93 00 00 01 00 00 10 01 49 0D 00 00 0D 09 
00 FF FF 00 10 0D 22 93 00 00 01 00 00 10 01 4A 0D 00 00 1B 7D 
00 FF FF 00 10 0D 22 93 00 00 01 00 00 10 01 4B 0D 00 00 08 04 
00 FF FF 00 10 0D 22 93 00 00 01 00 00 10 01 4C 0D 00 00 0E 68 
00 FF FF 00 10 0D 22 93 00 00 01 00 00 10 01 4D 0D 00 00 07 E3 
00 FF FF 00 10 0D 22 93 00 00 01 00 00 10 01 4E 0D 00 00 09 23 
00 FF FF 00 10 0D 22 93 00 00 01 00 00 10 01 4F 0D 00 00 0B 5F 
00 FF FF 00 10 0D 22 93 00 00 01 00 00 10 01 50 0D 00 00 08 D5 
00 FF FF 00 10 0D 22 93 00 00 01 00 00 10 01 51 0D 00 00 19 7C 
00 FF FF 00 10 0D 22 93 00 00 01 00 00 10 01 52 0D 00 00 0A 8D 
00 FF FF 00 10 0D 22 93 00 00 01 00 00 10 01 53 0D 00 00 13 CF 
00 FF FF 00 10 0D 22 93 00 00 01 00 00 10 01 54 0D 00 00 05 E3 
00 FF FF 00 10 0D 22 93 00 00 01 00 00 10 01 55 0D 00 00 0B 94 
00 FF FF 00 10 0D 22 93 00 00 01 00 00 10 01 56 0D 00 00 13 F0 
00 FF FF 00 10 0D 22 93 00 00 01 00 00 10 01 57 0D 00 00 16 26 
00 FF FF 00 10 0D 22 93 00 00 01 00 00 10 01 58 0D 00 00 07 16 
00 FF FF 00 10 0D 22 93 00 00 01 00 00 10 01 59 0D 00 00 13 BD 
00 FF FF 00 10 0D 22 93 00 00 01 00 00 10 01 5A 0D 00 00 16 98 
00 FF FF 00 10 0D 22 93 00 00 01 00 00 10 01 5B 0D 00 00 0F 67 
00 FF FF 00 10 0D 22 93 00 00 01 00 00 10 01 5C 0D 00 00 10 30 
00 FF FF 00 10 0D 22 93 00 00 01 00 00 10 01 5D 0D 00 00 08 75 
00 FF FF 00 10 0D 22 93 00 00 01 00 00 10 01 5E 0D 00 00 10 37 
00 FF FF 00 10 0D 22 93 00 00 01 00 00 10 01 5F 0D 00 00 0E 11 
00 FF FF 00 10 0D 22 93 00 00 01 00 00 10 01 60 0D 00 00 15 E7 
00 FF FF 00 10 0D 22 93 00 00 01 00 00 10 01 61 0D 00 00 0D CB 
00 FF FF 00 10 0D 22 93 00 00 01 00 00 10 01 62 0D 00 00 0A 6D 
00 FF FF 00 10 0D 22 93 00 00 01 00 00 10 01 63 0D 00 00 0A ED 
00 FF FF 00 10 0D 22 93 00 00 01 00 00 10 01 64 0D 00 00 0F 47 
00 FF FF 00 10 0D 22 93 00 00 01 00 00 10 01 65 0D 00 00 0D BA 
00 FF FF 00 10 0D 22 93 00 00 01 00 00 10 01 66 0D 00 00 11 C4 
00 FF FF 00 10 0D 22 93 00 00 01 00 00 10 01 67 0D 00 00 05 27 
00 FF FF 00 10 0D 22 93 00 00 01 00 00 10 01 68 0D 00 00 0E 47 
00 FF FF 00 10 0D 22 93 00 00 01 00 00 10 01 69 0D 00 00 19 E2 
00 FF FF 00 10 0D 22 93 00 00 01 00 00 10 01 6A 0D 00 00 0E 48 
00 FF FF 00 10 0D 22 93 00 00 01 00 00 10 01 6B 0D 00 00 16 44 
00 FF FF 00 10 0D 22 93 00 00 01 00 00 10 01 6C 0D 00 00 13 5F 
00 FF FF 00 10 0D 22 93 00 00 01 00 00 10 01 6D 0D 00 00 11 FB 
00 FF FF 00 10 0D 22 93 00 00 01 00 00 10 01 6E 0D 00 00 0A B8 
00 FF FF 00 10 0D 22 93 00 00 01 00 00 10 01 6F 0D 00 00 13 86 
00 FF FF 00 10 0D 22 93 00 00 01 00 00 10 01 70 0D 00 00 0B A2 
00 FF FF 00 10 0D 22 93 00 00 01 00 00 10 01 71 0D 00 00 1F 83 
00 FF FF 00 10 0D 22 93 00 00 01 00 00 10 01 72 0D 00 00 05 0E 
00 FF FF 00 10 0D 22 93 00 00 01 00 00 10 01 73 0D 00 00 1A AB 
00 FF FF 00 10 0D 22 93 00 00 01 00 00 10 01 74 0D 00 00 13 E3 
00 FF FF 00 10 0D 22 93 00 00 01 00 00 10 01 75 0D 00 00 14 B6 
00 FF FF 00 10 0D 22 93 00 00 01 00 00 10 01 76 0D 00 00 0F 34 
00 FF FF 00 10 0D 22 93 00 00 01 00 00 10 01 77 0D 00 00 13 B7 
00 FF FF 00 10 0D 22 93 00 00 01 00 00 10 01 78 0D 00 00 14 CA 
00 FF FF 00 10 0D 22 93 00 00 01 00 00 10 01 79 0D 00 00 07 2B 
00 FF FF 00 10 0D 22 93 00 00 01 00 00 10 01 7A 0D 00 00 0F 1D 
00 FF FF 00 10 0D 22 93 00 00 01 00 00 10 01 7B 0D 00 00 1F 45 
00 FF FF 00 10 0D 22 93 00 00 01 00 00 10 01 7C 0D 00 00 08 35 
00 FF FF 00 10 0D 22 93 00 00 01 00 00 10 01 7D 0D 00 00 13 AA 
00 FF FF 00 10 0D 22 93 00 00 01 00 00 10 01 7E 0D 00 00 09 80 
00 FF FF 00 10 0D 22 93 00 00 01 00 00 10 01 7F 0D 00 00 0D E1 
00 FF FF 00 10 0D 22 93 00 00 01 00 00 10 01 80 0D 00 00 09 40 
00 FF FF 00 10 0D 22 93 00 00 01 00 00 10 01 81 0D 00 00 0D 12 
00 FF FF 00 10 0D 22 93 00 00 01 00 00 10 01 82 0D 00 00 0D 31 
00 FF FF 00 10 0D 22 93 00 00 01 00 00 10 01 83 0D 00 00 12 3B 
00 FF FF 00 10 0D 22 93 00 00 01 00 00 10 01 84 0D 00 00 19 8E 
00 FF FF 00 10 0D 22 93 00 00 01 00 00 10 01 85 0D 00 00 19 0D 
00 FF FF 00 10 0D 22 93 00 00 01 00 00 10 01 86 0D 00 00 0D 72 
00 FF FF 00 10 0D 22 93 00 00 01 00 00 10 01 87 0D 00 00 08 8D 
00 FF FF 00 10 0D 22 93 00 00 01 00 00 10 01 88 0D 00 00 03 9F 
00 FF FF 00 10 0D 22 93 00 00 01 00 00 10 01 89 0D 00 00 16 F3 
00 FF FF 00 10 0D 22 93 00 00 01 00 00 10 01 8A 0D 00 00 0D 82 
00 FF FF 00 10 0D 22 93 00 00 01 00 00 10 01 8B 0D 00 00 06 00 
00 FF FF 00 10 0D 22 93 00 00 01 00 00 10 01 8C 0D 00 00 16 F0 
00 FF FF 00 10 0D 22 93 00 00 01 00 00 10 01 8D 0D 00 00 1E 12 
00 FF FF 00 10 0D 22 93 00 00 01 00 00 10 01 8E 0D 00 00 05 6A 
00 FF FF 00 10 0D 22 93 00 00 01 00 00 10 01 8F 0D 00 00 0C 3B 
00 FF FF 00 10 0D 22 93 00 00 01 00 00 10 01 90 0D 00 00 0B 50 
00 FF FF 00 10 0D 22 93 00 00 01 00 00 10 01 91 0D 00 00 01 E1 
00 FF FF 00 10 0D 22 93 00 00 01 00 00 10 01 92 0D 00 00 14 2C 
00 FF FF 00 10 0D 22 93 00 00 01 00 00 10 01 93 0D 00 00 0F 8F 
00 FF FF 00 10 0D 22 93 00 00 01 00 00 10 01 94 0D 00 00 0F 37 
00 FF FF 00 10 0D 22 93 00 00 01 00 00 10 01 95 0D 00 00 0E 29 
00 FF FF 00 10 0D 22 93 00 00 01 00 00 10 01 96 0D 00 00 16 B9 
00 FF FF 00 10 0D 22 93 00 00 01 00 00 10 01 97 0D 00 00 07 CA 
00 FF FF 00 10 0D 22 93 00 00 01 00 00 10 01 98 0D 00 00 0C 76 
00 FF FF 00 10 0D 22 93 00 00 01 00 00 10 01 99 0D 00 00 0B 69 
00 FF FF 00 10 0D 22 93 00 00 01 00 00 10 01 9A 0D 00 00 0C 5A 
00 FF FF 00 10 0D 22 93 00 00 01 00 00 10 01 9B 0D 00 00 16 04 
00 FF FF 00 10 0D 22 93 00 00 01 00 00 10 01 9C 0D 00 00 11 BF 
00 FF FF 00 10 0D 22 93 00 00 01 00 00 10 01 9D 0D 00 00 0D 13 
00 FF FF 00 10 0D 22 93 00 00 01 00 00 10 01 9E 0D 00 00 11 84 
00 FF FF 00 10 0D 22 93 00 00 01 00 00 10 01 9F 0D 00 00 12 4F 
00 FF FF 00 10 0D 22 93 00 00 01 00 00 10 01 A0 0D 00 00 0D 34 
00 FF FF 00 10 0D 22 93 00 00 01 00 00 10 01 A1 0D 00 00 0B 38 
00 FF FF 00 10 0D 22 93 00 00 01 00 00 10 01 A2 0D 00 00 15 87 
00 FF FF 00 10 0D 22 93 00 00 01 00 00 10 01 A3 0D 00 00 0D 5C 
00 FF FF 00 10 0D 22 93 00 00 01 00 00 10 01 A4 0D 00 00 0C 7D 
00 FF FF 00 10 0D 22 93 00 00 01 00 00 10 01 A5 0D 00 00 0C 50 
00 FF FF 00 10 0D 22 93 00 00 01 00 00 10 01 A6 0D 00 00 0D 33 
00 FF FF 00 10 0D 22 93 00 00 01 00 00 10 01 A7 0D 00 00 0D 6B 
00 FF FF 00 10 0D 22 93 00 00 01 00 00 10 01 A8 0D 00 00 0E 1E 
00 FF FF 00 10 0D 22 93 00 00 01 00 00 10 01 A9 0D 00 00 0F 33 
00 FF FF 00 10 0D 22 93 00 00 01 00 00 10 01 AA 0D 00 00 12 4D 
00 FF FF 00 10 0D 22 93 00 00 01 00 00 10 01 AB 0D 00 00 0A 06 
00 FF FF 00 10 0D 22 93 00 00 01 00 00 10 01 AC 0D 00 00 0A AB 
00 FF FF 00 10 0D 22 93 00 00 01 00 00 10 01 AD 0D 00 00 1C C0 
00 FF FF 00 10 0D 22 93 00 00 01 00 00 10 01 AE 0D 00 00 1B D9 
00 FF FF 00 10 0D 22 93 00 00 01 00 00 10 01 AF 0D 00 00 0D C1 
00 FF FF 00 10 0D 22 93 00 00 01 00 00 10 01 B0 0D 00 00 0C EB 
00 FF FF 00 10 0D 22 93 00 00 01 00 00 10 01 B1 0D 00 00 0E 1B 
00 FF FF 00 10 0D 22 93 00 00 01 00 00 10 01 B2 0D 00 00 0A 13 
00 FF FF 00 10 0D 22 93 00 00 01 00 00 10 01 B3 0D 00 00 0D 57 
00 FF FF 00 10 0D 22 93 00 00 01 00 00 10 01 B4 0D 00 00 0F 18 
00 FF FF 00 10 0D 22 93 00 00 01 00 00 10 01 B5 0D 00 00 0C 82 
00 FF FF 00 10 0D 22 93 00 00 01 00 00 10 01 B6 0D 00 00 0B 3B 
00 FF FF 00 10 0D 22 93 00 00 01 00 00 10 01 B7 0D 00 00 17 47 
00 FF FF 00 10 0D 22 93 00 00 01 00 00 10 01 B8 0D 00 00 0B D5 
00 FF FF 00 10 0D 22 93 00 00 01 00 00 10 01 B9 0D 00 00 0F 67 
00 FF FF 00 10 0D 22 93 00 00 01 00 00 10 01 BA 0D 00 00 0D E3 
00 FF FF 00 10 0D 22 93 00 00 01 00 00 10 01 BB 0D 00 00 0F 18 
00 FF FF 00 10 0D 22 93 00 00 01 00 00 10 01 BC 0D 00 00 09 3B 
00 FF FF 00 10 0D 22 93 00 00 01 00 00 10 01 BD 0D 00 00 0C CF 
00 FF FF 00 10 0D 22 93 00 00 01 00 00 10 01 BE 0D 00 00 0A 34 
00 FF FF 00 10 0D 22 93 00 00 01 00 00 10 01 BF 0D 00 00 0C 83 
00 FF FF 00 10 0D 22 93 00 00 01 00 00 10 01 C0 0D 00 00 0C 54 
00 FF FF 00 10 0D 22 93 00 00 01 00 00 10 01 C1 0D 00 00 13 DE 
00 FF FF 00 10 0D 22 93 00 00 01 00 00 10 01 C2 0D 00 00 0E 6B 
00 FF FF 00 10 0D 22 93 00 00 01 00 00 10 01 C3 0D 00 00 06 19 
00 FF FF 00 10 0D 22 93 00 00 01 00 00 10 01 C4 0D 00 00 06 44 
00 FF FF 00 10 0D 22 93 00 00 01 00 00 10 01 C5 0D 00 00 0E 3F 
00 FF FF 00 10 0D 22 93 00 00 01 00 00 10 01 C6 0D 00 00 1C BC 
00 FF FF 00 10 0D 22 93 00 00 01 00 00 10 01 C7 0D 00 00 14 E3 
00 FF FF 00 10 0D 22 93 00 00 01 00 00 10 01 C8 0D 00 00 18 83 
00 FF FF 00 10 0D 22 93 00 00 01 00 00 10 01 C9 0D 00 00 19 29 
00 FF FF 00 10 0D 22 93 00 00 01 00 00 10 01 CA 0D 00 00 12 0A 
00 FF FF 00 10 0D 22 93 00 00 01 00 00 10 01 CB 0D 00 00 10 2B 
00 FF FF 00 10 0D 22 93 00 00 01 00 00 10 01 CC 0D 00 00 0D 4D 
00 FF FF 00 10 0D 22 93 00 00 01 00 00 10 01 CD 0D 00 00 08 45 
00 FF FF 00 10 0D 22 93 00 00 01 00 00 10 01 CE 0D 00 00 0F 98 
00 FF FF 00 10 0D 22 93 00 00 01 00 00 10 01 CF 0D 00 00 0D 9B 
00 FF FF 00 10 0D 22 93 00 00 01 00 00 10 01 D0 0D 00 00 09 FD 
00 FF FF 00 10 0D 22 93 00 00 01 00 00 10 01 D1 0D 00 00 17 31 
00 FF FF 00 10 0D 22 93 00 00 01 00 00 10 01 D2 0D 00 00 0B EC 
00 FF FF 00 10 0D 22 93 00 00 01 00 00 10 01 D3 0D 00 00 0F 03 
00 FF FF 00 10 0D 22 93 00 00 01 00 00 10 01 D4 0D 00 00 11 54 
00 FF FF 00 10 0D 22 93 00 00 01 00 00 10 01 D5 0D 00 00 0B 7D 
00 FF FF 00 10 0D 22 93 00 00 01 00 00 10 01 D6 0D 00 00 15 30 
00 FF FF 00 10 0D 22 93 00 00 01 00 00 10 01 D7 0D 00 00 09 E7 
00 FF FF 00 10 0D 22 93 00 00 01 00 00 10 01 D8 0D 00 00 20 98 
00 FF FF 00 10 0D 22 93 00 00 01 00 00 10 01 D9 0D 00 00 19 B2 
00 FF FF 00 10 0D 22 93 00 00 01 00 00 10 01 DA 0D 00 00 0C C3 
00 FF FF 00 10 0D 22 93 00 00 01 00 00 10 01 DB 0D 00 00 0F D0 
00 FF FF 00 10 0D 22 93 00 00 01 00 00 10 01 DC 0D 00 00 11 17 
00 FF FF 00 10 0D 22 93 00 00 01 00 00 10 01 DD 0D 00 00 09 25 
00 FF FF 00 10 0D 22 93 00 00 01 00 00 10 01 DE 0D 00 00 0F 37 
00 FF FF 00 10 0D 22 93 00 00 01 00 00 10 01 DF 0D 00 00 0A C8 
00 FF FF 00 10 0D 22 93 00 00 01 00 00 10 01 E0 0D 00 00 0C 0F 
00 FF FF 00 10 0D 22 93 00 00 01 00 00 10 01 E1 0D 00 00 18 A8 
00 FF FF 00 10 0D 22 93 00 00 01 00 00 10 01 E2 0D 00 00 0C 0E 
00 FF FF 00 10 0D 22 93 00 00 01 00 00 10 01 E3 0D 00 00 19 8E 
00 FF FF 00 10 0D 22 93 00 00 01 00 00 10 01 E4 0D 00 00 16 FF 
00 FF FF 00 10 0D 22 93 00 00 01 00 00 10 01 E5 0D 00 00 0B F6 
00 FF FF 00 10 0D 22 93 00 00 01 00 00 10 01 E6 0D 00 00 0E 59 
00 FF FF 00 10 0D 22 93 00 00 01 00 00 10 01 E7 0D 00 00 10 F4 
00 FF FF 00 10 0D 22 93 00 00 01 00 00 10 01 E8 0D 00 00 0D 7A 
00 FF FF 00 10 0D 22 93 00 00 01 00 00 10 01 E9 0D 00 00 0C 13 
00 FF FF 00 10 0D 22 93 00 00 01 00 00 10 01 EA 0D 00 00 1F E0 
00 FF FF 00 10 0D 22 93 00 00 01 00 00 10 01 EB 0D 00 00 10 58 
00 FF FF 00 10 0D 22 93 00 00 01 00 00 10 01 EC 0D 00 00 16 0E 
00 FF FF 00 10 0D 22 93 00 00 01 00 00 10 01 ED 0D 00 00 06 39 
00 FF FF 00 10 0D 22 93 00 00 01 00 00 10 01 EE 0D 00 00 04 46 
00 FF FF 00 10 0D 22 93 00 00 01 00 00 10 01 EF 0D 00 00 15 22 
00 FF FF 00 10 0D 22 93 00 00 01 00 00 10 01 F0 0D 00 00 0E 5D 
00 FF FF 00 10 0D 22 93 00 00 01 00 00 10 01 F1 0D 00 00 0E 01 
00 FF FF 00 10 0D 22 93 00 00 01 00 00 10 01 F2 0D 00 00 16 98 
00 FF FF 00 10 0D 22 93 00 00 01 00 00 10 01 F3 0D 00 00 18 75 
00 FF FF 00 10 0D 22 93 00 00 01 00 00 10 01 F4 0D 00 00 10 E7 
00 FF FF 00 10 0D 22 93 00 00 01 00 00 10 01 F5 0D 00 00 0E 64 
00 FF FF 00 10 0D 22 93 00 00 01 00 00 10 01 F6 0D 00 00 0D 53 
00 FF FF 00 10 0D 22 93 00 00 01 00 00 10 01 F7 0D 00 00 0D 76 
00 FF FF 00 10 0D 22 93 00 00 01 00 00 10 01 F8 0D 00 00 11 AC 
00 FF FF 00 10 0D 22 93 00 00 01 00 00 10 01 F9 0D 00 00 05 87 
00 FF FF 00 10 0D 22 93 00 00 01 00 00 10 01 FA 0D 00 00 04 E5 
00 FF FF 00 10 0D 22 93 00 00 01 00 00 10 01 FB 0D 00 00 0D 64 
00 FF FF 00 10 0D 22 93 00 00 01 00 00 10 01 FC 0D 00 00 16 16 
00 FF FF 00 10 0D 22 93 00 00 01 00 00 10 01 FD 0D 00 00 0F DC 
00 FF FF 00 10 0D 22 93 00 00 01 00 00 10 01 FE 0D 00 00 10 CF 
00 FF FF 00 10 0D 22 93 00 00 01 00 00 10 01 FF 0D 00 00 07 A3 
00 FF FF 00 10 0D 22 93 00 00 01 00 00 10 02 00 0D 00 00 0C 66 
00 FF FF 00 10 0D 22 93 00 00 01 00 00 10 02 01 0D 00 00 0E 99 
