00 FF FF 00 10 0D 22 93 00 00 02 00 00 10 18 AB 0C 00 00 2E 71 
00 FF FF 00 10 0D 22 93 00 00 02 00 00 10 18 AC 0C 00 00 1E A1 
00 FF FF 00 10 0D 22 93 00 00 02 00 00 10 18 AD 0C 00 00 19 42 
00 FF FF 00 10 0D 22 93 00 00 02 00 00 10 18 AE 0C 00 00 1B 4D 
00 FF FF 00 10 0D 22 93 00 00 02 00 00 10 18 AF 0C 00 00 2B 0D 
00 FF FF 00 10 0D 22 93 00 00 02 00 00 10 18 B0 0C 00 00 34 F4 
00 FF FF 00 10 0D 22 93 00 00 02 00 00 10 18 B1 0C 00 00 31 C4 
00 FF FF 00 10 0D 22 93 00 00 02 00 00 10 18 B3 0C 00 00 36 88 
00 FF FF 00 10 0D 22 93 00 00 02 00 00 10 18 B4 0C 00 00 27 38 
00 FF FF 00 10 0D 22 93 00 00 02 00 00 10 18 B5 0C 00 00 1F 4D 
00 FF FF 00 10 0D 22 93 00 00 02 00 00 10 18 B6 0C 00 00 17 C9 
00 FF FF 00 10 0D 22 93 00 00 02 00 00 10 18 B8 0C 00 00 2A 3B 
00 FF FF 00 10 0D 22 93 00 00 02 00 00 10 18 B9 0C 00 00 2E D4 
00 FF FF 00 10 0D 22 93 00 00 02 00 00 10 18 BA 0C 00 00 2F 8A 
00 FF FF 00 10 0D 22 93 00 00 02 00 00 10 18 BB 0C 00 00 3A 34 
00 FF FF 00 10 0D 22 93 00 00 02 00 00 10 18 BC 0C 00 00 30 82 
00 FF FF 00 10 0D 22 93 00 00 02 00 00 10 18 BD 0C 00 00 26 33 
00 FF FF 00 10 0D 22 93 00 00 02 00 00 10 18 BE 0C 00 00 1B 35 
00 FF FF 00 10 0D 22 93 00 00 02 00 00 10 18 BF 0C 00 00 18 C9 
00 FF FF 00 10 0D 22 93 00 00 02 00 00 10 18 C0 0C 00 00 26 7A 
00 FF FF 00 10 0D 22 93 00 00 02 00 00 10 18 C1 0C 00 00 33 E9 
00 FF FF 00 10 0D 22 93 00 00 02 00 00 10 18 C2 0C 00 00 2E 22 
00 FF FF 00 10 0D 22 93 00 00 02 00 00 10 18 C3 0C 00 00 3C 14 
00 FF FF 00 10 0D 22 93 00 00 02 00 00 10 18 C4 0C 00 00 30 44 
00 FF FF 00 10 0D 22 93 00 00 02 00 00 10 18 C5 0C 00 00 34 B5 
00 FF FF 00 10 0D 22 93 00 00 02 00 00 10 18 C6 0C 00 00 23 3D 
00 FF FF 00 10 0D 22 93 00 00 02 00 00 10 18 C7 0C 00 00 1A B8 
00 FF FF 00 10 0D 22 93 00 00 02 00 00 10 18 C8 0C 00 00 1A 19 
00 FF FF 00 10 0D 22 93 00 00 02 00 00 10 18 C9 0C 00 00 2B 1A 
00 FF FF 00 10 0D 22 93 00 00 02 00 00 10 18 CA 0C 00 00 31 02 
00 FF FF 00 10 0D 22 93 00 00 02 00 00 10 18 CC 0C 00 00 25 6D 
00 FF FF 00 10 0D 22 93 00 00 02 00 00 10 18 CD 0C 00 00 37 6A 
00 FF FF 00 10 0D 22 93 00 00 02 00 00 10 18 CE 0C 00 00 26 D5 
00 FF FF 00 10 0D 22 93 00 00 02 00 00 10 18 CF 0C 00 00 20 58 
00 FF FF 00 10 0D 22 93 00 00 02 00 00 10 18 D0 0C 00 00 18 69 
00 FF FF 00 10 0D 22 93 00 00 02 00 00 10 18 D1 0C 00 00 1C C1 
00 FF FF 00 10 0D 22 93 00 00 02 00 00 10 18 D2 0C 00 00 2C 81 
00 FF FF 00 10 0D 22 93 00 00 02 00 00 10 18 D3 0C 00 00 31 02 
00 FF FF 00 10 0D 22 93 00 00 02 00 00 10 18 D4 0C 00 00 31 02 
00 FF FF 00 10 0D 22 93 00 00 02 00 00 10 18 D5 0C 00 00 32 8A 
00 FF FF 00 10 0D 22 93 00 00 02 00 00 10 18 D6 0C 00 00 32 FE 
00 FF FF 00 10 0D 22 93 00 00 02 00 00 10 18 D7 0C 00 00 29 81 
00 FF FF 00 10 0D 22 93 00 00 02 00 00 10 18 D8 0C 00 00 1E B1 
00 FF FF 00 10 0D 22 93 00 00 02 00 00 10 18 D9 0C 00 00 17 AB 
00 FF FF 00 10 0D 22 93 00 00 02 00 00 10 18 DA 0C 00 00 1C 18 
00 FF FF 00 10 0D 22 93 00 00 02 00 00 10 18 DB 0C 00 00 2B D3 
00 FF FF 00 10 0D 22 93 00 00 02 00 00 10 18 DC 0C 00 00 32 8A 
00 FF FF 00 10 0D 22 93 00 00 02 00 00 10 18 DD 0C 00 00 3C 14 
00 FF FF 00 10 0D 22 93 00 00 02 00 00 10 18 DE 0C 00 00 0D 6C 
00 FF FF 00 10 0D 22 93 00 00 02 00 00 10 18 DF 0C 00 00 11 D1 
00 FF FF 00 10 0D 22 93 00 00 02 00 00 10 18 E0 0C 00 00 09 2B 
00 FF FF 00 10 0D 22 93 00 00 02 00 00 10 18 E1 0C 00 00 06 25 
00 FF FF 00 10 0D 22 93 00 00 02 00 00 10 18 E2 0C 00 00 0B 7F 
00 FF FF 00 10 0D 22 93 00 00 02 00 00 10 18 E3 0C 00 00 11 36 
00 FF FF 00 10 0D 22 93 00 00 02 00 00 10 18 E4 0C 00 00 1B 0E 
00 FF FF 00 10 0D 22 93 00 00 02 00 00 10 18 E5 0C 00 00 07 30 
00 FF FF 00 10 0D 22 93 00 00 02 00 00 10 18 E6 0C 00 00 08 E2 
00 FF FF 00 10 0D 22 93 00 00 02 00 00 10 18 E8 0C 00 00 08 F7 
00 FF FF 00 10 0D 22 93 00 00 02 00 00 10 18 E9 0C 00 00 09 BE 
00 FF FF 00 10 0D 22 93 00 00 02 00 00 10 18 EA 0C 00 00 0C 07 
00 FF FF 00 10 0D 22 93 00 00 02 00 00 10 18 EB 0C 00 00 13 0A 
00 FF FF 00 10 0D 22 93 00 00 02 00 00 10 18 EC 0C 00 00 08 04 
00 FF FF 00 10 0D 22 93 00 00 02 00 00 10 18 ED 0C 00 00 16 FE 
00 FF FF 00 10 0D 22 93 00 00 02 00 00 10 18 EE 0C 00 00 0A 1D 
00 FF FF 00 10 0D 22 93 00 00 02 00 00 10 18 EF 0C 00 00 08 86 
00 FF FF 00 10 0D 22 93 00 00 02 00 00 10 18 F0 0C 00 00 0C A1 
00 FF FF 00 10 0D 22 93 00 00 02 00 00 10 18 F1 0C 00 00 16 9E 
00 FF FF 00 10 0D 22 93 00 00 02 00 00 10 18 F2 0C 00 00 04 B8 
00 FF FF 00 10 0D 22 93 00 00 02 00 00 10 18 F3 0C 00 00 1C 8B 
00 FF FF 00 10 0D 22 93 00 00 02 00 00 10 18 F4 0C 00 00 06 B6 
00 FF FF 00 10 0D 22 93 00 00 02 00 00 10 18 F5 0C 00 00 09 11 
00 FF FF 00 10 0D 22 93 00 00 02 00 00 10 18 F6 0C 00 00 0D 11 
00 FF FF 00 10 0D 22 93 00 00 02 00 00 10 18 F7 0C 00 00 05 9E 
00 FF FF 00 10 0D 22 93 00 00 02 00 00 10 18 F8 0C 00 00 13 03 
00 FF FF 00 10 0D 22 93 00 00 02 00 00 10 18 F9 0C 00 00 09 99 
00 FF FF 00 10 0D 22 93 00 00 02 00 00 10 18 FB 0C 00 00 09 90 
00 FF FF 00 10 0D 22 93 00 00 02 00 00 10 18 FC 0C 00 00 08 FB 
00 FF FF 00 10 0D 22 93 00 00 02 00 00 10 18 FD 0C 00 00 1E 9C 
00 FF FF 00 10 0D 22 93 00 00 02 00 00 10 18 FE 0C 00 00 05 F0 
00 FF FF 00 10 0D 22 93 00 00 02 00 00 10 18 FF 0C 00 00 06 6E 
00 FF FF 00 10 0D 22 93 00 00 02 00 00 10 19 01 0C 00 00 26 AD 
00 FF FF 00 10 0D 22 93 00 00 02 00 00 10 19 02 0C 00 00 15 55 
00 FF FF 00 10 0D 22 93 00 00 02 00 00 10 19 03 0C 00 00 0B 39 
00 FF FF 00 10 0D 22 93 00 00 02 00 00 10 19 04 0C 00 00 0D 05 
00 FF FF 00 10 0D 22 93 00 00 02 00 00 10 19 05 0C 00 00 0E 6B 
00 FF FF 00 10 0D 22 93 00 00 02 00 00 10 19 06 0C 00 00 10 D0 
00 FF FF 00 10 0D 22 93 00 00 02 00 00 10 19 07 0C 00 00 0B C4 
00 FF FF 00 10 0D 22 93 00 00 02 00 00 10 19 08 0C 00 00 10 3C 
00 FF FF 00 10 0D 22 93 00 00 02 00 00 10 19 09 0C 00 00 0B 48 
00 FF FF 00 10 0D 22 93 00 00 02 00 00 10 19 0A 0C 00 00 04 D2 
00 FF FF 00 10 0D 22 93 00 00 02 00 00 10 19 0B 0C 00 00 05 64 
00 FF FF 00 10 0D 22 93 00 00 02 00 00 10 19 0C 0C 00 00 1D 6B 
00 FF FF 00 10 0D 22 93 00 00 02 00 00 10 19 0D 0C 00 00 10 6C 
00 FF FF 00 10 0D 22 93 00 00 02 00 00 10 19 0E 0C 00 00 08 B0 
00 FF FF 00 10 0D 22 93 00 00 02 00 00 10 19 0F 0C 00 00 11 2A 
00 FF FF 00 10 0D 22 93 00 00 02 00 00 10 19 10 0C 00 00 04 EA 
00 FF FF 00 10 0D 22 93 00 00 02 00 00 10 19 12 0C 00 00 07 DC 
00 FF FF 00 10 0D 22 93 00 00 02 00 00 10 19 13 0C 00 00 2E 22 
00 FF FF 00 10 0D 22 93 00 00 02 00 00 10 19 14 0C 00 00 2C 55 
00 FF FF 00 10 0D 22 93 00 00 02 00 00 10 19 15 0C 00 00 1D 8D 
00 FF FF 00 10 0D 22 93 00 00 02 00 00 10 19 16 0C 00 00 1A 15 
00 FF FF 00 10 0D 22 93 00 00 02 00 00 10 19 17 0C 00 00 20 38 
00 FF FF 00 10 0D 22 93 00 00 02 00 00 10 19 18 0C 00 00 24 41 
00 FF FF 00 10 0D 22 93 00 00 02 00 00 10 19 19 0C 00 00 2E F9 
00 FF FF 00 10 0D 22 93 00 00 02 00 00 10 19 1A 0C 00 00 31 C4 
00 FF FF 00 10 0D 22 93 00 00 02 00 00 10 19 1B 0C 00 00 31 02 
00 FF FF 00 10 0D 22 93 00 00 02 00 00 10 19 1C 0C 00 00 2D 56 
00 FF FF 00 10 0D 22 93 00 00 02 00 00 10 19 1D 0C 00 00 26 B5 
00 FF FF 00 10 0D 22 93 00 00 02 00 00 10 19 1E 0C 00 00 1D E2 
00 FF FF 00 10 0D 22 93 00 00 02 00 00 10 19 1F 0C 00 00 17 BB 
00 FF FF 00 10 0D 22 93 00 00 02 00 00 10 19 20 0C 00 00 1E 6B 
00 FF FF 00 10 0D 22 93 00 00 02 00 00 10 19 21 0C 00 00 31 3D 
00 FF FF 00 10 0D 22 93 00 00 02 00 00 10 19 22 0C 00 00 3E 05 
00 FF FF 00 10 0D 22 93 00 00 02 00 00 10 19 24 0C 00 00 18 2B 
00 FF FF 00 10 0D 22 93 00 00 02 00 00 10 19 25 0C 00 00 2E 22 
00 FF FF 00 10 0D 22 93 00 00 02 00 00 10 19 26 0C 00 00 23 61 
00 FF FF 00 10 0D 22 93 00 00 02 00 00 10 19 27 0C 00 00 1B 1D 
00 FF FF 00 10 0D 22 93 00 00 02 00 00 10 19 28 0C 00 00 1C 5A 
00 FF FF 00 10 0D 22 93 00 00 02 00 00 10 19 29 0C 00 00 23 E6 
00 FF FF 00 10 0D 22 93 00 00 02 00 00 10 19 2A 0C 00 00 30 E5 
00 FF FF 00 10 0D 22 93 00 00 02 00 00 10 19 2B 0C 00 00 36 B5 
00 FF FF 00 10 0D 22 93 00 00 02 00 00 10 19 2D 0C 00 00 2D 74 
00 FF FF 00 10 0D 22 93 00 00 02 00 00 10 19 2E 0C 00 00 2F A5 
00 FF FF 00 10 0D 22 93 00 00 02 00 00 10 19 2F 0C 00 00 20 18 
00 FF FF 00 10 0D 22 93 00 00 02 00 00 10 19 30 0C 00 00 1C 3B 
00 FF FF 00 10 0D 22 93 00 00 02 00 00 10 19 31 0C 00 00 18 96 
00 FF FF 00 10 0D 22 93 00 00 02 00 00 10 19 32 0C 00 00 26 C9 
00 FF FF 00 10 0D 22 93 00 00 02 00 00 10 19 33 0C 00 00 2E 22 
00 FF FF 00 10 0D 22 93 00 00 02 00 00 10 19 34 0C 00 00 32 8A 
00 FF FF 00 10 0D 22 93 00 00 02 00 00 10 19 36 0C 00 00 20 61 
00 FF FF 00 10 0D 22 93 00 00 02 00 00 10 19 37 0C 00 00 2A 81 
00 FF FF 00 10 0D 22 93 00 00 02 00 00 10 19 39 0C 00 00 18 A1 
00 FF FF 00 10 0D 22 93 00 00 02 00 00 10 19 3A 0C 00 00 21 35 
00 FF FF 00 10 0D 22 93 00 00 02 00 00 10 19 3C 0C 00 00 2F 8A 
00 FF FF 00 10 0D 22 93 00 00 02 00 00 10 19 3D 0C 00 00 31 C4 
00 FF FF 00 10 0D 22 93 00 00 02 00 00 10 19 3E 0C 00 00 37 82 
00 FF FF 00 10 0D 22 93 00 00 02 00 00 10 19 3F 0C 00 00 32 FE 
00 FF FF 00 10 0D 22 93 00 00 02 00 00 10 19 40 0C 00 00 27 08 
00 FF FF 00 10 0D 22 93 00 00 02 00 00 10 19 41 0C 00 00 1A 8E 
00 FF FF 00 10 0D 22 93 00 00 02 00 00 10 19 42 0C 00 00 1C 1E 
00 FF FF 00 10 0D 22 93 00 00 02 00 00 10 19 43 0C 00 00 1D E8 
00 FF FF 00 10 0D 22 93 00 00 02 00 00 10 19 44 0C 00 00 32 25 
00 FF FF 00 10 0D 22 93 00 00 02 00 00 10 19 45 0C 00 00 39 4A 
00 FF FF 00 10 0D 22 93 00 00 02 00 00 10 19 47 0C 00 00 38 64 
00 FF FF 00 10 0D 22 93 00 00 02 00 00 10 19 48 0C 00 00 33 D6 
00 FF FF 00 10 0D 22 93 00 00 02 00 00 10 19 49 0C 00 00 22 A1 
00 FF FF 00 10 0D 22 93 00 00 02 00 00 10 19 4A 0C 00 00 18 71 
00 FF FF 00 10 0D 22 93 00 00 02 00 00 10 19 4B 0C 00 00 18 DB 
00 FF FF 00 10 0D 22 93 00 00 02 00 00 10 19 4C 0C 00 00 1E 89 
00 FF FF 00 10 0D 22 93 00 00 02 00 00 10 19 4E 0C 00 00 34 F4 
00 FF FF 00 10 0D 22 93 00 00 02 00 00 10 19 4F 0C 00 00 38 64 
00 FF FF 00 10 0D 22 93 00 00 02 00 00 10 19 50 0C 00 00 34 F4 
00 FF FF 00 10 0D 22 93 00 00 02 00 00 10 19 51 0C 00 00 2D 4A 
00 FF FF 00 10 0D 22 93 00 00 02 00 00 10 19 52 0C 00 00 1E B2 
00 FF FF 00 10 0D 22 93 00 00 02 00 00 10 19 53 0C 00 00 1D 33 
00 FF FF 00 10 0D 22 93 00 00 02 00 00 10 19 54 0C 00 00 1D E8 
00 FF FF 00 10 0D 22 93 00 00 02 00 00 10 19 55 0C 00 00 28 50 
00 FF FF 00 10 0D 22 93 00 00 02 00 00 10 19 56 0C 00 00 2F AD 
00 FF FF 00 10 0D 22 93 00 00 02 00 00 10 19 57 0C 00 00 31 E1 
00 FF FF 00 10 0D 22 93 00 00 02 00 00 10 19 58 0C 00 00 32 8A 
00 FF FF 00 10 0D 22 93 00 00 02 00 00 10 19 59 0C 00 00 32 2A 
00 FF FF 00 10 0D 22 93 00 00 02 00 00 10 19 5A 0C 00 00 28 E6 
00 FF FF 00 10 0D 22 93 00 00 02 00 00 10 19 5B 0C 00 00 1E 29 
00 FF FF 00 10 0D 22 93 00 00 02 00 00 10 19 5C 0C 00 00 18 5D 
00 FF FF 00 10 0D 22 93 00 00 02 00 00 10 19 5D 0C 00 00 1E 1B 
00 FF FF 00 10 0D 22 93 00 00 02 00 00 10 19 5E 0C 00 00 2F B8 
00 FF FF 00 10 0D 22 93 00 00 02 00 00 10 19 5F 0C 00 00 37 82 
00 FF FF 00 10 0D 22 93 00 00 02 00 00 10 19 60 0C 00 00 32 8A 
00 FF FF 00 10 0D 22 93 00 00 02 00 00 10 19 61 0C 00 00 32 8A 
00 FF FF 00 10 0D 22 93 00 00 02 00 00 10 19 62 0C 00 00 2E 71 
00 FF FF 00 10 0D 22 93 00 00 02 00 00 10 19 63 0C 00 00 1D DB 
00 FF FF 00 10 0D 22 93 00 00 02 00 00 10 19 64 0C 00 00 1A 7A 
00 FF FF 00 10 0D 22 93 00 00 02 00 00 10 19 65 0C 00 00 1B BD 
00 FF FF 00 10 0D 22 93 00 00 02 00 00 10 19 66 0C 00 00 1F 5A 
00 FF FF 00 10 0D 22 93 00 00 02 00 00 10 19 68 0C 00 00 38 64 
00 FF FF 00 10 0D 22 93 00 00 02 00 00 10 19 69 0C 00 00 30 44 
00 FF FF 00 10 0D 22 93 00 00 02 00 00 10 19 6A 0C 00 00 3B 22 
00 FF FF 00 10 0D 22 93 00 00 02 00 00 10 19 6B 0C 00 00 28 B0 
00 FF FF 00 10 0D 22 93 00 00 02 00 00 10 19 6C 0C 00 00 22 1A 
00 FF FF 00 10 0D 22 93 00 00 02 00 00 10 19 6D 0C 00 00 18 29 
00 FF FF 00 10 0D 22 93 00 00 02 00 00 10 19 6E 0C 00 00 1F 4E 
00 FF FF 00 10 0D 22 93 00 00 02 00 00 10 19 6F 0C 00 00 1F B8 
00 FF FF 00 10 0D 22 93 00 00 02 00 00 10 19 70 0C 00 00 32 8A 
00 FF FF 00 10 0D 22 93 00 00 02 00 00 10 19 71 0C 00 00 36 A4 
00 FF FF 00 10 0D 22 93 00 00 02 00 00 10 19 72 0C 00 00 34 F4 
00 FF FF 00 10 0D 22 93 00 00 02 00 00 10 19 73 0C 00 00 33 3D 
00 FF FF 00 10 0D 22 93 00 00 02 00 00 10 19 74 0C 00 00 2C 81 
00 FF FF 00 10 0D 22 93 00 00 02 00 00 10 19 75 0C 00 00 1E 36 
00 FF FF 00 10 0D 22 93 00 00 02 00 00 10 19 76 0C 00 00 18 AD 
00 FF FF 00 10 0D 22 93 00 00 02 00 00 10 19 77 0C 00 00 21 B1 
00 FF FF 00 10 0D 22 93 00 00 02 00 00 10 19 79 0C 00 00 0E 43 
00 FF FF 00 10 0D 22 93 00 00 02 00 00 10 19 7A 0C 00 00 1E 4C 
00 FF FF 00 10 0D 22 93 00 00 02 00 00 10 19 7B 0C 00 00 1D 7B 
00 FF FF 00 10 0D 22 93 00 00 02 00 00 10 19 7C 0C 00 00 31 35 
00 FF FF 00 10 0D 22 93 00 00 02 00 00 10 19 7D 0C 00 00 10 A6 
00 FF FF 00 10 0D 22 93 00 00 02 00 00 10 19 7E 0C 00 00 19 77 
00 FF FF 00 10 0D 22 93 00 00 02 00 00 10 19 80 0C 00 00 0D E1 
00 FF FF 00 10 0D 22 93 00 00 02 00 00 10 19 81 0C 00 00 27 F2 
00 FF FF 00 10 0D 22 93 00 00 02 00 00 10 19 82 0C 00 00 33 54 
00 FF FF 00 10 0D 22 93 00 00 02 00 00 10 19 83 0C 00 00 1D 4D 
00 FF FF 00 10 0D 22 93 00 00 02 00 00 10 19 84 0C 00 00 23 1A 
00 FF FF 00 10 0D 22 93 00 00 02 00 00 10 19 85 0C 00 00 13 5C 
00 FF FF 00 10 0D 22 93 00 00 02 00 00 10 19 87 0C 00 00 10 EA 
00 FF FF 00 10 0D 22 93 00 00 02 00 00 10 19 88 0C 00 00 16 C3 
00 FF FF 00 10 0D 22 93 00 00 02 00 00 10 19 89 0C 00 00 1E 36 
00 FF FF 00 10 0D 22 93 00 00 02 00 00 10 19 8A 0C 00 00 1F 13 
00 FF FF 00 10 0D 22 93 00 00 02 00 00 10 19 8B 0C 00 00 2E D4 
00 FF FF 00 10 0D 22 93 00 00 02 00 00 10 19 8C 0C 00 00 0B 00 
00 FF FF 00 10 0D 22 93 00 00 02 00 00 10 19 8D 0C 00 00 35 B9 
00 FF FF 00 10 0D 22 93 00 00 02 00 00 10 19 8E 0C 00 00 30 82 
00 FF FF 00 10 0D 22 93 00 00 02 00 00 10 19 8F 0C 00 00 15 6E 
00 FF FF 00 10 0D 22 93 00 00 02 00 00 10 19 90 0C 00 00 15 00 
00 FF FF 00 10 0D 22 93 00 00 02 00 00 10 19 91 0C 00 00 0E 6E 
00 FF FF 00 10 0D 22 93 00 00 02 00 00 10 19 93 0C 00 00 0E E5 
00 FF FF 00 10 0D 22 93 00 00 02 00 00 10 19 94 0C 00 00 0C 03 
00 FF FF 00 10 0D 22 93 00 00 02 00 00 10 19 96 0C 00 00 2E 71 
00 FF FF 00 10 0D 22 93 00 00 02 00 00 10 19 97 0C 00 00 15 26 
00 FF FF 00 10 0D 22 93 00 00 02 00 00 10 19 98 0C 00 00 0B B1 
00 FF FF 00 10 0D 22 93 00 00 02 00 00 10 19 99 0C 00 00 0E DE 
00 FF FF 00 10 0D 22 93 00 00 02 00 00 10 19 9A 0C 00 00 1D E1 
00 FF FF 00 10 0D 22 93 00 00 02 00 00 10 19 9B 0C 00 00 0E 38 
00 FF FF 00 10 0D 22 93 00 00 02 00 00 10 19 9C 0C 00 00 12 CA 
00 FF FF 00 10 0D 22 93 00 00 02 00 00 10 19 9E 0C 00 00 27 51 
00 FF FF 00 10 0D 22 93 00 00 02 00 00 10 19 9F 0C 00 00 15 39 
00 FF FF 00 10 0D 22 93 00 00 02 00 00 10 19 A0 0C 00 00 0F BC 
00 FF FF 00 10 0D 22 93 00 00 02 00 00 10 19 A1 0C 00 00 0F 6A 
00 FF FF 00 10 0D 22 93 00 00 02 00 00 10 19 A2 0C 00 00 18 3E 
00 FF FF 00 10 0D 22 93 00 00 02 00 00 10 19 A3 0C 00 00 09 AF 
00 FF FF 00 10 0D 22 93 00 00 02 00 00 10 19 A4 0C 00 00 1C 36 
00 FF FF 00 10 0D 22 93 00 00 02 00 00 10 19 A5 0C 00 00 24 DE 
00 FF FF 00 10 0D 22 93 00 00 02 00 00 10 19 A6 0C 00 00 05 0D 
00 FF FF 00 10 0D 22 93 00 00 02 00 00 10 19 A7 0C 00 00 2E 22 
00 FF FF 00 10 0D 22 93 00 00 02 00 00 10 19 A8 0C 00 00 31 79 
00 FF FF 00 10 0D 22 93 00 00 02 00 00 10 19 A9 0C 00 00 0C 4D 
00 FF FF 00 10 0D 22 93 00 00 02 00 00 10 19 AA 0C 00 00 0D FE 
00 FF FF 00 10 0D 22 93 00 00 02 00 00 10 19 AB 0C 00 00 18 3D 
00 FF FF 00 10 0D 22 93 00 00 02 00 00 10 19 AC 0C 00 00 0D 3D 
00 FF FF 00 10 0D 22 93 00 00 02 00 00 10 19 AD 0C 00 00 09 74 
00 FF FF 00 10 0D 22 93 00 00 02 00 00 10 19 AE 0C 00 00 21 2C 
00 FF FF 00 10 0D 22 93 00 00 02 00 00 10 19 B0 0C 00 00 22 66 
00 FF FF 00 10 0D 22 93 00 00 02 00 00 10 19 B1 0C 00 00 10 D8 
00 FF FF 00 10 0D 22 93 00 00 02 00 00 10 19 B2 0C 00 00 1E 03 
00 FF FF 00 10 0D 22 93 00 00 02 00 00 10 19 B3 0C 00 00 0C DB 
00 FF FF 00 10 0D 22 93 00 00 02 00 00 10 19 B4 0C 00 00 0E 24 
00 FF FF 00 10 0D 22 93 00 00 02 00 00 10 19 B6 0C 00 00 1A F1 
00 FF FF 00 10 0D 22 93 00 00 02 00 00 10 19 B7 0C 00 00 32 3B 
00 FF FF 00 10 0D 22 93 00 00 02 00 00 10 19 B8 0C 00 00 0A 8A 
00 FF FF 00 10 0D 22 93 00 00 02 00 00 10 19 B9 0C 00 00 2D F2 
00 FF FF 00 10 0D 22 93 00 00 02 00 00 10 19 BA 0C 00 00 1C 62 
00 FF FF 00 10 0D 22 93 00 00 02 00 00 10 19 BB 0C 00 00 0D 68 
00 FF FF 00 10 0D 22 93 00 00 02 00 00 10 19 BC 0C 00 00 08 79 
00 FF FF 00 10 0D 22 93 00 00 02 00 00 10 19 BD 0C 00 00 0A AB 
00 FF FF 00 10 0D 22 93 00 00 02 00 00 10 19 BE 0C 00 00 12 81 
00 FF FF 00 10 0D 22 93 00 00 02 00 00 10 19 BF 0C 00 00 1F 2B 
00 FF FF 00 10 0D 22 93 00 00 02 00 00 10 19 C0 0C 00 00 11 DC 
00 FF FF 00 10 0D 22 93 00 00 02 00 00 10 19 C2 0C 00 00 1B B6 
00 FF FF 00 10 0D 22 93 00 00 02 00 00 10 19 C4 0C 00 00 0A 25 
00 FF FF 00 10 0D 22 93 00 00 02 00 00 10 19 C5 0C 00 00 13 F8 
00 FF FF 00 10 0D 22 93 00 00 02 00 00 10 19 C6 0C 00 00 06 75 
00 FF FF 00 10 0D 22 93 00 00 02 00 00 10 19 C7 0C 00 00 29 22 
00 FF FF 00 10 0D 22 93 00 00 02 00 00 10 19 C8 0C 00 00 0D 2C 
00 FF FF 00 10 0D 22 93 00 00 02 00 00 10 19 CA 0C 00 00 35 CA 
00 FF FF 00 10 0D 22 93 00 00 02 00 00 10 19 CB 0C 00 00 1A 32 
00 FF FF 00 10 0D 22 93 00 00 02 00 00 10 19 CC 0C 00 00 1C CE 
00 FF FF 00 10 0D 22 93 00 00 02 00 00 10 19 CD 0C 00 00 10 79 
00 FF FF 00 10 0D 22 93 00 00 02 00 00 10 19 CE 0C 00 00 18 76 
00 FF FF 00 10 0D 22 93 00 00 02 00 00 10 19 CF 0C 00 00 21 16 
00 FF FF 00 10 0D 22 93 00 00 02 00 00 10 19 D0 0C 00 00 19 D2 
00 FF FF 00 10 0D 22 93 00 00 02 00 00 10 19 D1 0C 00 00 10 26 
00 FF FF 00 10 0D 22 93 00 00 02 00 00 10 19 D2 0C 00 00 27 66 
00 FF FF 00 10 0D 22 93 00 00 02 00 00 10 19 D3 0C 00 00 27 81 
00 FF FF 00 10 0D 22 93 00 00 02 00 00 10 19 D4 0C 00 00 29 2E 
00 FF FF 00 10 0D 22 93 00 00 02 00 00 10 19 D5 0C 00 00 13 1C 
00 FF FF 00 10 0D 22 93 00 00 02 00 00 10 19 D7 0C 00 00 0C 84 
00 FF FF 00 10 0D 22 93 00 00 02 00 00 10 19 D8 0C 00 00 29 B1 
00 FF FF 00 10 0D 22 93 00 00 02 00 00 10 19 D9 0C 00 00 30 65 
00 FF FF 00 10 0D 22 93 00 00 02 00 00 10 19 DA 0C 00 00 19 1B 
00 FF FF 00 10 0D 22 93 00 00 02 00 00 10 19 DB 0C 00 00 0F 24 
00 FF FF 00 10 0D 22 93 00 00 02 00 00 10 19 DC 0C 00 00 19 D9 
00 FF FF 00 10 0D 22 93 00 00 02 00 00 10 19 DD 0C 00 00 10 98 
00 FF FF 00 10 0D 22 93 00 00 02 00 00 10 19 DE 0C 00 00 13 54 
00 FF FF 00 10 0D 22 93 00 00 02 00 00 10 19 DF 0C 00 00 0F FE 
00 FF FF 00 10 0D 22 93 00 00 02 00 00 10 19 E0 0C 00 00 10 16 
00 FF FF 00 10 0D 22 93 00 00 02 00 00 10 19 E1 0C 00 00 15 00 
00 FF FF 00 10 0D 22 93 00 00 02 00 00 10 19 E2 0C 00 00 1F 01 
00 FF FF 00 10 0D 22 93 00 00 02 00 00 10 19 E3 0C 00 00 18 EC 
00 FF FF 00 10 0D 22 93 00 00 02 00 00 10 19 E4 0C 00 00 1B 3C 
00 FF FF 00 10 0D 22 93 00 00 02 00 00 10 19 E5 0C 00 00 0B EB 
00 FF FF 00 10 0D 22 93 00 00 02 00 00 10 19 E6 0C 00 00 04 93 
00 FF FF 00 10 0D 22 93 00 00 02 00 00 10 19 E8 0C 00 00 05 64 
00 FF FF 00 10 0D 22 93 00 00 02 00 00 10 19 E9 0C 00 00 05 EA 
00 FF FF 00 10 0D 22 93 00 00 02 00 00 10 19 EA 0C 00 00 09 F9 
00 FF FF 00 10 0D 22 93 00 00 02 00 00 10 19 EB 0C 00 00 13 7E 
00 FF FF 00 10 0D 22 93 00 00 02 00 00 10 19 ED 0C 00 00 24 2B 
00 FF FF 00 10 0D 22 93 00 00 02 00 00 10 19 EE 0C 00 00 1F FB 
00 FF FF 00 10 0D 22 93 00 00 02 00 00 10 19 EF 0C 00 00 10 13 
00 FF FF 00 10 0D 22 93 00 00 02 00 00 10 19 F0 0C 00 00 1B 2A 
00 FF FF 00 10 0D 22 93 00 00 02 00 00 10 19 F1 0C 00 00 12 89 
00 FF FF 00 10 0D 22 93 00 00 02 00 00 10 19 F2 0C 00 00 09 25 
00 FF FF 00 10 0D 22 93 00 00 02 00 00 10 19 F4 0C 00 00 12 88 
00 FF FF 00 10 0D 22 93 00 00 02 00 00 10 19 F6 0C 00 00 08 DB 
00 FF FF 00 10 0D 22 93 00 00 02 00 00 10 19 F7 0C 00 00 11 F8 
00 FF FF 00 10 0D 22 93 00 00 02 00 00 10 19 F8 0C 00 00 0D 59 
00 FF FF 00 10 0D 22 93 00 00 02 00 00 10 19 F9 0C 00 00 0E CE 
00 FF FF 00 10 0D 22 93 00 00 02 00 00 10 19 FA 0C 00 00 10 BA 
00 FF FF 00 10 0D 22 93 00 00 02 00 00 10 19 FB 0C 00 00 1A 5F 
00 FF FF 00 10 0D 22 93 00 00 02 00 00 10 19 FC 0C 00 00 22 0A 
00 FF FF 00 10 0D 22 93 00 00 02 00 00 10 19 FD 0C 00 00 21 2C 
00 FF FF 00 10 0D 22 93 00 00 02 00 00 10 19 FE 0C 00 00 0E 73 
00 FF FF 00 10 0D 22 93 00 00 02 00 00 10 19 FF 0C 00 00 2F 8A 
00 FF FF 00 10 0D 22 93 00 00 02 00 00 10 1A 00 0C 00 00 0C FD 
00 FF FF 00 10 0D 22 93 00 00 02 00 00 10 1A 01 0C 00 00 1A B1 
00 FF FF 00 10 0D 22 93 00 00 02 00 00 10 1A 02 0C 00 00 30 65 
00 FF FF 00 10 0D 22 93 00 00 02 00 00 10 1A 03 0C 00 00 1D 8F 
00 FF FF 00 10 0D 22 93 00 00 02 00 00 10 1A 04 0C 00 00 31 FE 
00 FF FF 00 10 0D 22 93 00 00 02 00 00 10 1A 05 0C 00 00 12 A1 
00 FF FF 00 10 0D 22 93 00 00 02 00 00 10 1A 06 0C 00 00 18 2E 
00 FF FF 00 10 0D 22 93 00 00 02 00 00 10 1A 07 0C 00 00 0F 31 
00 FF FF 00 10 0D 22 93 00 00 02 00 00 10 1A 08 0C 00 00 19 91 
00 FF FF 00 10 0D 22 93 00 00 02 00 00 10 1A 09 0C 00 00 11 4B 
00 FF FF 00 10 0D 22 93 00 00 02 00 00 10 1A 0A 0C 00 00 13 92 
00 FF FF 00 10 0D 22 93 00 00 02 00 00 10 1A 0B 0C 00 00 13 EF 
00 FF FF 00 10 0D 22 93 00 00 02 00 00 10 1A 0C 0C 00 00 26 36 
00 FF FF 00 10 0D 22 93 00 00 02 00 00 10 1A 0D 0C 00 00 13 73 
00 FF FF 00 10 0D 22 93 00 00 02 00 00 10 1A 0E 0C 00 00 34 22 
00 FF FF 00 10 0D 22 93 00 00 02 00 00 10 1A 0F 0C 00 00 24 2B 
00 FF FF 00 10 0D 22 93 00 00 02 00 00 10 1A 10 0C 00 00 19 31 
00 FF FF 00 10 0D 22 93 00 00 02 00 00 10 1A 11 0C 00 00 1A 18 
00 FF FF 00 10 0D 22 93 00 00 02 00 00 10 1A 12 0C 00 00 0B 5F 
00 FF FF 00 10 0D 22 93 00 00 02 00 00 10 1A 13 0C 00 00 11 89 
00 FF FF 00 10 0D 22 93 00 00 02 00 00 10 1A 14 0C 00 00 24 35 
00 FF FF 00 10 0D 22 93 00 00 02 00 00 10 1A 15 0C 00 00 01 A3 
00 FF FF 00 10 0D 22 93 00 00 02 00 00 10 1A 16 0C 00 00 13 E6 
00 FF FF 00 10 0D 22 93 00 00 02 00 00 10 1A 17 0C 00 00 01 AF 
00 FF FF 00 10 0D 22 93 00 00 02 00 00 10 1A 18 0C 00 00 06 5A 
00 FF FF 00 10 0D 22 93 00 00 02 00 00 10 1A 19 0C 00 00 05 C6 
00 FF FF 00 10 0D 22 93 00 00 02 00 00 10 1A 1A 0C 00 00 09 70 
00 FF FF 00 10 0D 22 93 00 00 02 00 00 10 1A 1B 0C 00 00 08 75 
00 FF FF 00 10 0D 22 93 00 00 02 00 00 10 1A 1C 0C 00 00 13 5A 
00 FF FF 00 10 0D 22 93 00 00 02 00 00 10 1A 1D 0C 00 00 16 E6 
00 FF FF 00 10 0D 22 93 00 00 02 00 00 10 1A 1E 0C 00 00 0C 90 
00 FF FF 00 10 0D 22 93 00 00 02 00 00 10 1A 1F 0C 00 00 1C B2 
00 FF FF 00 10 0D 22 93 00 00 02 00 00 10 1A 20 0C 00 00 19 3C 
00 FF FF 00 10 0D 22 93 00 00 02 00 00 10 1A 21 0C 00 00 21 8B 
00 FF FF 00 10 0D 22 93 00 00 02 00 00 10 1A 22 0C 00 00 31 55 
00 FF FF 00 10 0D 22 93 00 00 02 00 00 10 1A 23 0C 00 00 23 C2 
00 FF FF 00 10 0D 22 93 00 00 02 00 00 10 1A 26 0C 00 00 09 DE 
00 FF FF 00 10 0D 22 93 00 00 02 00 00 10 1A 27 0C 00 00 1C 06 
00 FF FF 00 10 0D 22 93 00 00 02 00 00 10 1A 28 0C 00 00 1A 4E 
00 FF FF 00 10 0D 22 93 00 00 02 00 00 10 1A 29 0C 00 00 2F 66 
00 FF FF 00 10 0D 22 93 00 00 02 00 00 10 1A 2A 0C 00 00 1E F2 
00 FF FF 00 10 0D 22 93 00 00 02 00 00 10 1A 2B 0C 00 00 2C C7 
00 FF FF 00 10 0D 22 93 00 00 02 00 00 10 1A 2C 0C 00 00 15 03 
00 FF FF 00 10 0D 22 93 00 00 02 00 00 10 1A 2D 0C 00 00 36 B5 
00 FF FF 00 10 0D 22 93 00 00 02 00 00 10 1A 2E 0C 00 00 1B 9D 
00 FF FF 00 10 0D 22 93 00 00 02 00 00 10 1A 2F 0C 00 00 22 B3 
00 FF FF 00 10 0D 22 93 00 00 02 00 00 10 1A 30 0C 00 00 1D 4C 
00 FF FF 00 10 0D 22 93 00 00 02 00 00 10 1A 31 0C 00 00 0D B9 
00 FF FF 00 10 0D 22 93 00 00 02 00 00 10 1A 32 0C 00 00 11 26 
00 FF FF 00 10 0D 22 93 00 00 02 00 00 10 1A 33 0C 00 00 1E 89 
00 FF FF 00 10 0D 22 93 00 00 02 00 00 10 1A 34 0C 00 00 2D 13 
00 FF FF 00 10 0D 22 93 00 00 02 00 00 10 1A 35 0C 00 00 1A 9C 
00 FF FF 00 10 0D 22 93 00 00 02 00 00 10 1A 36 0C 00 00 17 61 
00 FF FF 00 10 0D 22 93 00 00 02 00 00 10 1A 37 0C 00 00 18 69 
00 FF FF 00 10 0D 22 93 00 00 02 00 00 10 1A 38 0C 00 00 0D EC 
00 FF FF 00 10 0D 22 93 00 00 02 00 00 10 1A 39 0C 00 00 3A 34 
00 FF FF 00 10 0D 22 93 00 00 02 00 00 10 1A 3A 0C 00 00 12 6A 
00 FF FF 00 10 0D 22 93 00 00 02 00 00 10 1A 3C 0C 00 00 21 1C 
00 FF FF 00 10 0D 22 93 00 00 02 00 00 10 1A 3D 0C 00 00 0B D0 
00 FF FF 00 10 0D 22 93 00 00 02 00 00 10 1A 3E 0C 00 00 06 BC 
00 FF FF 00 10 0D 22 93 00 00 02 00 00 10 1A 3F 0C 00 00 12 D9 
00 FF FF 00 10 0D 22 93 00 00 02 00 00 10 1A 40 0C 00 00 1B 5E 
00 FF FF 00 10 0D 22 93 00 00 02 00 00 10 1A 41 0C 00 00 11 04 
00 FF FF 00 10 0D 22 93 00 00 02 00 00 10 1A 42 0C 00 00 12 39 
00 FF FF 00 10 0D 22 93 00 00 02 00 00 10 1A 44 0C 00 00 1A 88 
00 FF FF 00 10 0D 22 93 00 00 02 00 00 10 1A 45 0C 00 00 0B 4B 
00 FF FF 00 10 0D 22 93 00 00 02 00 00 10 1A 46 0C 00 00 1C BB 
00 FF FF 00 10 0D 22 93 00 00 02 00 00 10 1A 47 0C 00 00 17 92 
00 FF FF 00 10 0D 22 93 00 00 02 00 00 10 1A 48 0C 00 00 0E 33 
00 FF FF 00 10 0D 22 93 00 00 02 00 00 10 1A 4B 0C 00 00 17 49 
00 FF FF 00 10 0D 22 93 00 00 02 00 00 10 1A 4E 0C 00 00 14 C6 
00 FF FF 00 10 0D 22 93 00 00 02 00 00 10 1A 4F 0C 00 00 19 EE 
00 FF FF 00 10 0D 22 93 00 00 02 00 00 10 1A 50 0C 00 00 19 8B 
00 FF FF 00 10 0D 22 93 00 00 02 00 00 10 1A 51 0C 00 00 07 A4 
00 FF FF 00 10 0D 22 93 00 00 02 00 00 10 1A 52 0C 00 00 0A BE 
00 FF FF 00 10 0D 22 93 00 00 02 00 00 10 1A 53 0C 00 00 1B 26 
00 FF FF 00 10 0D 22 93 00 00 02 00 00 10 1A 54 0C 00 00 21 2D 
00 FF FF 00 10 0D 22 93 00 00 02 00 00 10 1A 55 0C 00 00 0F 65 
00 FF FF 00 10 0D 22 93 00 00 02 00 00 10 1A 56 0C 00 00 11 A8 
00 FF FF 00 10 0D 22 93 00 00 02 00 00 10 1A 57 0C 00 00 22 C4 
00 FF FF 00 10 0D 22 93 00 00 02 00 00 10 1A 58 0C 00 00 0E 1F 
00 FF FF 00 10 0D 22 93 00 00 02 00 00 10 1A 59 0C 00 00 15 E7 
00 FF FF 00 10 0D 22 93 00 00 02 00 00 10 1A 5A 0C 00 00 22 17 
00 FF FF 00 10 0D 22 93 00 00 02 00 00 10 1A 5B 0C 00 00 2F 09 
00 FF FF 00 10 0D 22 93 00 00 02 00 00 10 1A 5C 0C 00 00 32 8A 
00 FF FF 00 10 0D 22 93 00 00 02 00 00 10 1A 5D 0C 00 00 2F 8A 
00 FF FF 00 10 0D 22 93 00 00 02 00 00 10 1A 5E 0C 00 00 38 50 
00 FF FF 00 10 0D 22 93 00 00 02 00 00 10 1A 5F 0C 00 00 21 0C 
00 FF FF 00 10 0D 22 93 00 00 02 00 00 10 1A 60 0C 00 00 23 0A 
00 FF FF 00 10 0D 22 93 00 00 02 00 00 10 1A 61 0C 00 00 15 E2 
00 FF FF 00 10 0D 22 93 00 00 02 00 00 10 1A 62 0C 00 00 15 65 
00 FF FF 00 10 0D 22 93 00 00 02 00 00 10 1A 63 0C 00 00 0A A0 
00 FF FF 00 10 0D 22 93 00 00 02 00 00 10 1A 64 0C 00 00 2A BD 
00 FF FF 00 10 0D 22 93 00 00 02 00 00 10 1A 65 0C 00 00 13 78 
00 FF FF 00 10 0D 22 93 00 00 02 00 00 10 1A 66 0C 00 00 10 32 
00 FF FF 00 10 0D 22 93 00 00 02 00 00 10 1A 67 0C 00 00 17 F0 
00 FF FF 00 10 0D 22 93 00 00 02 00 00 10 1A 68 0C 00 00 3A 3D 
00 FF FF 00 10 0D 22 93 00 00 02 00 00 10 1A 69 0C 00 00 1D A8 
00 FF FF 00 10 0D 22 93 00 00 02 00 00 10 1A 6A 0C 00 00 0B F4 
00 FF FF 00 10 0D 22 93 00 00 02 00 00 10 1A 6B 0C 00 00 1C A4 
00 FF FF 00 10 0D 22 93 00 00 02 00 00 10 1A 6C 0C 00 00 29 A9 
00 FF FF 00 10 0D 22 93 00 00 02 00 00 10 1A 6D 0C 00 00 0B 26 
00 FF FF 00 10 0D 22 93 00 00 02 00 00 10 1A 6E 0C 00 00 0C 07 
00 FF FF 00 10 0D 22 93 00 00 02 00 00 10 1A 6F 0C 00 00 21 1B 
00 FF FF 00 10 0D 22 93 00 00 02 00 00 10 1A 70 0C 00 00 1D E3 
00 FF FF 00 10 0D 22 93 00 00 02 00 00 10 1A 71 0C 00 00 2F 13 
00 FF FF 00 10 0D 22 93 00 00 02 00 00 10 1A 72 0C 00 00 0F 6A 
00 FF FF 00 10 0D 22 93 00 00 02 00 00 10 1A 73 0C 00 00 0D DF 
00 FF FF 00 10 0D 22 93 00 00 02 00 00 10 1A 74 0C 00 00 0E 25 
00 FF FF 00 10 0D 22 93 00 00 02 00 00 10 1A 75 0C 00 00 1E 51 
00 FF FF 00 10 0D 22 93 00 00 02 00 00 10 1A 76 0C 00 00 34 F4 
00 FF FF 00 10 0D 22 93 00 00 02 00 00 10 1A 77 0C 00 00 15 7D 
00 FF FF 00 10 0D 22 93 00 00 02 00 00 10 1A 78 0C 00 00 22 6B 
00 FF FF 00 10 0D 22 93 00 00 02 00 00 10 1A 79 0C 00 00 03 FF 
00 FF FF 00 10 0D 22 93 00 00 02 00 00 10 1A 7A 0C 00 00 0D DE 
00 FF FF 00 10 0D 22 93 00 00 02 00 00 10 1A 7B 0C 00 00 0D 54 
00 FF FF 00 10 0D 22 93 00 00 02 00 00 10 1A 7C 0C 00 00 0B 9C 
00 FF FF 00 10 0D 22 93 00 00 02 00 00 10 1A 7D 0C 00 00 0E 94 
00 FF FF 00 10 0D 22 93 00 00 02 00 00 10 1A 7E 0C 00 00 09 49 
00 FF FF 00 10 0D 22 93 00 00 02 00 00 10 1A 7F 0C 00 00 10 E2 
00 FF FF 00 10 0D 22 93 00 00 02 00 00 10 1A 80 0C 00 00 1F F1 
00 FF FF 00 10 0D 22 93 00 00 02 00 00 10 1A 81 0C 00 00 14 18 
00 FF FF 00 10 0D 22 93 00 00 02 00 00 10 1A 82 0C 00 00 14 B5 
00 FF FF 00 10 0D 22 93 00 00 02 00 00 10 1A 83 0C 00 00 11 7E 
00 FF FF 00 10 0D 22 93 00 00 02 00 00 10 1A 84 0C 00 00 1B 75 
00 FF FF 00 10 0D 22 93 00 00 02 00 00 10 1A 85 0C 00 00 1C 62 
00 FF FF 00 10 0D 22 93 00 00 02 00 00 10 1A 86 0C 00 00 12 F4 
00 FF FF 00 10 0D 22 93 00 00 02 00 00 10 1A 87 0C 00 00 0B DF 
00 FF FF 00 10 0D 22 93 00 00 02 00 00 10 1A 88 0C 00 00 18 A3 
00 FF FF 00 10 0D 22 93 00 00 02 00 00 10 1A 89 0C 00 00 04 50 
00 FF FF 00 10 0D 22 93 00 00 02 00 00 10 1A 8A 0C 00 00 3C 14 
00 FF FF 00 10 0D 22 93 00 00 02 00 00 10 1A 8B 0C 00 00 33 28 
00 FF FF 00 10 0D 22 93 00 00 02 00 00 10 1A 8C 0C 00 00 20 72 
00 FF FF 00 10 0D 22 93 00 00 02 00 00 10 1A 8D 0C 00 00 0B 08 
00 FF FF 00 10 0D 22 93 00 00 02 00 00 10 1A 8E 0C 00 00 0F 1A 
00 FF FF 00 10 0D 22 93 00 00 02 00 00 10 1A 8F 0C 00 00 0F 8D 
00 FF FF 00 10 0D 22 93 00 00 02 00 00 10 1A 90 0C 00 00 1A CF 
00 FF FF 00 10 0D 22 93 00 00 02 00 00 10 1A 91 0C 00 00 21 5D 
00 FF FF 00 10 0D 22 93 00 00 02 00 00 10 1A 92 0C 00 00 13 73 
00 FF FF 00 10 0D 22 93 00 00 02 00 00 10 1A 93 0C 00 00 22 86 
00 FF FF 00 10 0D 22 93 00 00 02 00 00 10 1A 94 0C 00 00 14 9F 
00 FF FF 00 10 0D 22 93 00 00 02 00 00 10 1A 95 0C 00 00 0E B7 
00 FF FF 00 10 0D 22 93 00 00 02 00 00 10 1A 96 0C 00 00 12 B3 
00 FF FF 00 10 0D 22 93 00 00 02 00 00 10 1A 97 0C 00 00 13 22 
00 FF FF 00 10 0D 22 93 00 00 02 00 00 10 1A 98 0C 00 00 0D E9 
00 FF FF 00 10 0D 22 93 00 00 02 00 00 10 1A 99 0C 00 00 2A E3 
00 FF FF 00 10 0D 22 93 00 00 02 00 00 10 1A 9A 0C 00 00 14 02 
00 FF FF 00 10 0D 22 93 00 00 02 00 00 10 1A 9B 0C 00 00 1F 92 
00 FF FF 00 10 0D 22 93 00 00 02 00 00 10 1A 9C 0C 00 00 07 DB 
00 FF FF 00 10 0D 22 93 00 00 02 00 00 10 1A 9D 0C 00 00 15 BF 
00 FF FF 00 10 0D 22 93 00 00 02 00 00 10 1A 9E 0C 00 00 1B 3F 
00 FF FF 00 10 0D 22 93 00 00 02 00 00 10 1A 9F 0C 00 00 0A D0 
00 FF FF 00 10 0D 22 93 00 00 02 00 00 10 1A A0 0C 00 00 11 54 
00 FF FF 00 10 0D 22 93 00 00 02 00 00 10 1A A1 0C 00 00 2B 6B 
00 FF FF 00 10 0D 22 93 00 00 02 00 00 10 1A A2 0C 00 00 1E A8 
00 FF FF 00 10 0D 22 93 00 00 02 00 00 10 1A A3 0C 00 00 1B 52 
00 FF FF 00 10 0D 22 93 00 00 02 00 00 10 1A A4 0C 00 00 19 05 
00 FF FF 00 10 0D 22 93 00 00 02 00 00 10 1A A5 0C 00 00 16 04 
00 FF FF 00 10 0D 22 93 00 00 02 00 00 10 1A A6 0C 00 00 0C 64 
00 FF FF 00 10 0D 22 93 00 00 02 00 00 10 1A A7 0C 00 00 1B F6 
00 FF FF 00 10 0D 22 93 00 00 02 00 00 10 1A A8 0C 00 00 10 ED 
00 FF FF 00 10 0D 22 93 00 00 02 00 00 10 1A A9 0C 00 00 06 10 
00 FF FF 00 10 0D 22 93 00 00 02 00 00 10 1A AA 0C 00 00 10 6C 
00 FF FF 00 10 0D 22 93 00 00 02 00 00 10 1A AB 0C 00 00 09 6D 
00 FF FF 00 10 0D 22 93 00 00 02 00 00 10 1A AD 0C 00 00 23 66 
00 FF FF 00 10 0D 22 93 00 00 02 00 00 10 1A AE 0C 00 00 1E D9 
00 FF FF 00 10 0D 22 93 00 00 02 00 00 10 1A AF 0C 00 00 16 CE 
00 FF FF 00 10 0D 22 93 00 00 02 00 00 10 1A B0 0C 00 00 18 91 
00 FF FF 00 10 0D 22 93 00 00 02 00 00 10 1A B1 0C 00 00 1B 71 
00 FF FF 00 10 0D 22 93 00 00 02 00 00 10 1A B2 0C 00 00 0B 38 
00 FF FF 00 10 0D 22 93 00 00 02 00 00 10 1A B3 0C 00 00 1B C7 
00 FF FF 00 10 0D 22 93 00 00 02 00 00 10 1A B4 0C 00 00 1B 23 
00 FF FF 00 10 0D 22 93 00 00 02 00 00 10 1A B5 0C 00 00 1C 86 
00 FF FF 00 10 0D 22 93 00 00 02 00 00 10 1A B6 0C 00 00 2B 94 
00 FF FF 00 10 0D 22 93 00 00 02 00 00 10 1A B7 0C 00 00 11 93 
00 FF FF 00 10 0D 22 93 00 00 02 00 00 10 1A B8 0C 00 00 18 FF 
00 FF FF 00 10 0D 22 93 00 00 02 00 00 10 1A B9 0C 00 00 13 83 
00 FF FF 00 10 0D 22 93 00 00 02 00 00 10 1A BA 0C 00 00 11 17 
00 FF FF 00 10 0D 22 93 00 00 02 00 00 10 1A BB 0C 00 00 25 22 
00 FF FF 00 10 0D 22 93 00 00 02 00 00 10 1A BC 0C 00 00 10 8A 
00 FF FF 00 10 0D 22 93 00 00 02 00 00 10 1A BD 0C 00 00 28 85 
00 FF FF 00 10 0D 22 93 00 00 02 00 00 10 1A BE 0C 00 00 24 49 
00 FF FF 00 10 0D 22 93 00 00 02 00 00 10 1A BF 0C 00 00 17 66 
00 FF FF 00 10 0D 22 93 00 00 02 00 00 10 1A C0 0C 00 00 20 AA 
00 FF FF 00 10 0D 22 93 00 00 02 00 00 10 1A C1 0C 00 00 0E A3 
00 FF FF 00 10 0D 22 93 00 00 02 00 00 10 1A C2 0C 00 00 19 58 
00 FF FF 00 10 0D 22 93 00 00 02 00 00 10 1A C3 0C 00 00 1E 6A 
00 FF FF 00 10 0D 22 93 00 00 02 00 00 10 1A C4 0C 00 00 39 35 
00 FF FF 00 10 0D 22 93 00 00 02 00 00 10 1A C5 0C 00 00 13 F5 
00 FF FF 00 10 0D 22 93 00 00 02 00 00 10 1A C6 0C 00 00 1B 09 
00 FF FF 00 10 0D 22 93 00 00 02 00 00 10 1A C7 0C 00 00 32 8A 
00 FF FF 00 10 0D 22 93 00 00 02 00 00 10 1A C8 0C 00 00 33 05 
00 FF FF 00 10 0D 22 93 00 00 02 00 00 10 1A C9 0C 00 00 15 04 
00 FF FF 00 10 0D 22 93 00 00 02 00 00 10 1A CA 0C 00 00 0F 0F 
00 FF FF 00 10 0D 22 93 00 00 02 00 00 10 1A CC 0C 00 00 0C 04 
00 FF FF 00 10 0D 22 93 00 00 02 00 00 10 1A CE 0C 00 00 24 57 
00 FF FF 00 10 0D 22 93 00 00 02 00 00 10 1A D0 0C 00 00 0C DA 
00 FF FF 00 10 0D 22 93 00 00 02 00 00 10 1A D1 0C 00 00 11 55 
00 FF FF 00 10 0D 22 93 00 00 02 00 00 10 1A D2 0C 00 00 1F FE 
00 FF FF 00 10 0D 22 93 00 00 02 00 00 10 1A D4 0C 00 00 19 CF 
00 FF FF 00 10 0D 22 93 00 00 02 00 00 10 1A D7 0C 00 00 07 FE 
00 FF FF 00 10 0D 22 93 00 00 02 00 00 10 1A D9 0C 00 00 1D B3 
00 FF FF 00 10 0D 22 93 00 00 02 00 00 10 1A DA 0C 00 00 15 3E 
00 FF FF 00 10 0D 22 93 00 00 02 00 00 10 1A DB 0C 00 00 0F 83 
00 FF FF 00 10 0D 22 93 00 00 02 00 00 10 1A DD 0C 00 00 11 1C 
00 FF FF 00 10 0D 22 93 00 00 02 00 00 10 1A DE 0C 00 00 0C D4 
00 FF FF 00 10 0D 22 93 00 00 02 00 00 10 1A DF 0C 00 00 25 FE 
00 FF FF 00 10 0D 22 93 00 00 02 00 00 10 1A E0 0C 00 00 2E D4 
00 FF FF 00 10 0D 22 93 00 00 02 00 00 10 1A E1 0C 00 00 19 76 
00 FF FF 00 10 0D 22 93 00 00 02 00 00 10 1A E2 0C 00 00 19 D7 
00 FF FF 00 10 0D 22 93 00 00 02 00 00 10 1A E5 0C 00 00 1C 9E 
00 FF FF 00 10 0D 22 93 00 00 02 00 00 10 1A E6 0C 00 00 0C AF 
00 FF FF 00 10 0D 22 93 00 00 02 00 00 10 1A E7 0C 00 00 0F 0D 
00 FF FF 00 10 0D 22 93 00 00 02 00 00 10 1A E8 0C 00 00 2D 32 
00 FF FF 00 10 0D 22 93 00 00 02 00 00 10 1A EA 0C 00 00 28 8F 
00 FF FF 00 10 0D 22 93 00 00 02 00 00 10 1A EB 0C 00 00 14 F4 
00 FF FF 00 10 0D 22 93 00 00 02 00 00 10 1A EC 0C 00 00 0B BE 
00 FF FF 00 10 0D 22 93 00 00 02 00 00 10 1A ED 0C 00 00 1B EE 
00 FF FF 00 10 0D 22 93 00 00 02 00 00 10 1A EE 0C 00 00 17 83 
00 FF FF 00 10 0D 22 93 00 00 02 00 00 10 1A EF 0C 00 00 0C 6E 
00 FF FF 00 10 0D 22 93 00 00 02 00 00 10 1A F0 0C 00 00 06 5A 
00 FF FF 00 10 0D 22 93 00 00 02 00 00 10 1A F1 0C 00 00 1A 19 
00 FF FF 00 10 0D 22 93 00 00 02 00 00 10 1A F2 0C 00 00 10 FA 
00 FF FF 00 10 0D 22 93 00 00 02 00 00 10 1A F3 0C 00 00 1D 01 
00 FF FF 00 10 0D 22 93 00 00 02 00 00 10 1A F4 0C 00 00 0D D7 
00 FF FF 00 10 0D 22 93 00 00 02 00 00 10 1A F5 0C 00 00 0D 67 
00 FF FF 00 10 0D 22 93 00 00 02 00 00 10 1A F6 0C 00 00 0F 7E 
00 FF FF 00 10 0D 22 93 00 00 02 00 00 10 1A F8 0C 00 00 12 22 
00 FF FF 00 10 0D 22 93 00 00 02 00 00 10 1A F9 0C 00 00 34 F4 
00 FF FF 00 10 0D 22 93 00 00 02 00 00 10 1A FA 0C 00 00 07 E8 
00 FF FF 00 10 0D 22 93 00 00 02 00 00 10 1A FD 0C 00 00 19 6D 
00 FF FF 00 10 0D 22 93 00 00 02 00 00 10 1A FE 0C 00 00 0E BD 
00 FF FF 00 10 0D 22 93 00 00 02 00 00 10 1A FF 0C 00 00 13 C9 
00 FF FF 00 10 0D 22 93 00 00 02 00 00 10 1B 00 0C 00 00 15 24 
00 FF FF 00 10 0D 22 93 00 00 02 00 00 10 1B 01 0C 00 00 31 3D 
00 FF FF 00 10 0D 22 93 00 00 02 00 00 10 1B 02 0C 00 00 15 33 
00 FF FF 00 10 0D 22 93 00 00 02 00 00 10 1B 04 0C 00 00 0C 2A 
00 FF FF 00 10 0D 22 93 00 00 02 00 00 10 1B 05 0C 00 00 0A F1 
00 FF FF 00 10 0D 22 93 00 00 02 00 00 10 1B 06 0C 00 00 09 F3 
00 FF FF 00 10 0D 22 93 00 00 02 00 00 10 1B 07 0C 00 00 06 4D 
00 FF FF 00 10 0D 22 93 00 00 02 00 00 10 1B 08 0C 00 00 0C CC 
00 FF FF 00 10 0D 22 93 00 00 02 00 00 10 1B 0A 0C 00 00 0A 12 
00 FF FF 00 10 0D 22 93 00 00 02 00 00 10 1B 0B 0C 00 00 1B 16 
00 FF FF 00 10 0D 22 93 00 00 02 00 00 10 1B 0C 0C 00 00 11 73 
00 FF FF 00 10 0D 22 93 00 00 02 00 00 10 1B 0D 0C 00 00 05 46 
00 FF FF 00 10 0D 22 93 00 00 02 00 00 10 1B 0E 0C 00 00 0B 19 
00 FF FF 00 10 0D 22 93 00 00 02 00 00 10 1B 0F 0C 00 00 0F 76 
00 FF FF 00 10 0D 22 93 00 00 02 00 00 10 1B 10 0C 00 00 1D 28 
00 FF FF 00 10 0D 22 93 00 00 02 00 00 10 1B 12 0C 00 00 24 1A 
00 FF FF 00 10 0D 22 93 00 00 02 00 00 10 1B 13 0C 00 00 14 B6 
00 FF FF 00 10 0D 22 93 00 00 02 00 00 10 1B 14 0C 00 00 09 F0 
00 FF FF 00 10 0D 22 93 00 00 02 00 00 10 1B 16 0C 00 00 18 95 
00 FF FF 00 10 0D 22 93 00 00 02 00 00 10 1B 17 0C 00 00 08 69 
00 FF FF 00 10 0D 22 93 00 00 02 00 00 10 1B 18 0C 00 00 18 C4 
00 FF FF 00 10 0D 22 93 00 00 02 00 00 10 1B 19 0C 00 00 16 B6 
00 FF FF 00 10 0D 22 93 00 00 02 00 00 10 1B 1C 0C 00 00 0A 7B 
00 FF FF 00 10 0D 22 93 00 00 02 00 00 10 1B 1D 0C 00 00 09 C1 
00 FF FF 00 10 0D 22 93 00 00 02 00 00 10 1B 1F 0C 00 00 1E 93 
00 FF FF 00 10 0D 22 93 00 00 02 00 00 10 1B 20 0C 00 00 0B 68 
00 FF FF 00 10 0D 22 93 00 00 02 00 00 10 1B 21 0C 00 00 14 72 
00 FF FF 00 10 0D 22 93 00 00 02 00 00 10 1B 22 0C 00 00 0D CB 
00 FF FF 00 10 0D 22 93 00 00 02 00 00 10 1B 23 0C 00 00 18 3C 
00 FF FF 00 10 0D 22 93 00 00 02 00 00 10 1B 24 0C 00 00 02 C4 
00 FF FF 00 10 0D 22 93 00 00 02 00 00 10 1B 25 0C 00 00 18 7A 
00 FF FF 00 10 0D 22 93 00 00 02 00 00 10 1B 27 0C 00 00 0D 7C 
00 FF FF 00 10 0D 22 93 00 00 02 00 00 10 1B 29 0C 00 00 19 C0 
00 FF FF 00 10 0D 22 93 00 00 02 00 00 10 1B 2A 0C 00 00 14 B2 
00 FF FF 00 10 0D 22 93 00 00 02 00 00 10 1B 2B 0C 00 00 16 D9 
00 FF FF 00 10 0D 22 93 00 00 02 00 00 10 1B 2C 0C 00 00 13 17 
00 FF FF 00 10 0D 22 93 00 00 02 00 00 10 1B 2E 0C 00 00 0D 53 
00 FF FF 00 10 0D 22 93 00 00 02 00 00 10 1B 2F 0C 00 00 33 54 
00 FF FF 00 10 0D 22 93 00 00 02 00 00 10 1B 31 0C 00 00 05 1E 
00 FF FF 00 10 0D 22 93 00 00 02 00 00 10 1B 32 0C 00 00 0C F3 
00 FF FF 00 10 0D 22 93 00 00 02 00 00 10 1B 34 0C 00 00 1D 4B 
00 FF FF 00 10 0D 22 93 00 00 02 00 00 10 1B 35 0C 00 00 14 E2 
00 FF FF 00 10 0D 22 93 00 00 02 00 00 10 1B 36 0C 00 00 0C 3D 
00 FF FF 00 10 0D 22 93 00 00 02 00 00 10 1B 37 0C 00 00 08 2D 
00 FF FF 00 10 0D 22 93 00 00 02 00 00 10 1B 38 0C 00 00 12 1A 
00 FF FF 00 10 0D 22 93 00 00 02 00 00 10 1B 39 0C 00 00 33 FB 
00 FF FF 00 10 0D 22 93 00 00 02 00 00 10 1B 3A 0C 00 00 14 68 
00 FF FF 00 10 0D 22 93 00 00 02 00 00 10 1B 3B 0C 00 00 10 C2 
00 FF FF 00 10 0D 22 93 00 00 02 00 00 10 1B 3C 0C 00 00 0D 9D 
00 FF FF 00 10 0D 22 93 00 00 02 00 00 10 1B 3D 0C 00 00 0D FA 
00 FF FF 00 10 0D 22 93 00 00 02 00 00 10 1B 3E 0C 00 00 11 8C 
00 FF FF 00 10 0D 22 93 00 00 02 00 00 10 1B 3F 0C 00 00 0C D9 
00 FF FF 00 10 0D 22 93 00 00 02 00 00 10 1B 40 0C 00 00 19 5B 
00 FF FF 00 10 0D 22 93 00 00 02 00 00 10 1B 41 0C 00 00 2F C1 
00 FF FF 00 10 0D 22 93 00 00 02 00 00 10 1B 42 0C 00 00 19 F1 
00 FF FF 00 10 0D 22 93 00 00 02 00 00 10 1B 43 0C 00 00 0C 4C 
00 FF FF 00 10 0D 22 93 00 00 02 00 00 10 1B 44 0C 00 00 0A F5 
00 FF FF 00 10 0D 22 93 00 00 02 00 00 10 1B 45 0C 00 00 0B 0C 
00 FF FF 00 10 0D 22 93 00 00 02 00 00 10 1B 46 0C 00 00 11 31 
00 FF FF 00 10 0D 22 93 00 00 02 00 00 10 1B 47 0C 00 00 1E 2E 
00 FF FF 00 10 0D 22 93 00 00 02 00 00 10 1B 48 0C 00 00 1C 35 
00 FF FF 00 10 0D 22 93 00 00 02 00 00 10 1B 4A 0C 00 00 14 C4 
00 FF FF 00 10 0D 22 93 00 00 02 00 00 10 1B 4B 0C 00 00 12 F4 
00 FF FF 00 10 0D 22 93 00 00 02 00 00 10 1B 4C 0C 00 00 11 E6 
00 FF FF 00 10 0D 22 93 00 00 02 00 00 10 1B 4D 0C 00 00 0E 68 
00 FF FF 00 10 0D 22 93 00 00 02 00 00 10 1B 4E 0C 00 00 16 EC 
00 FF FF 00 10 0D 22 93 00 00 02 00 00 10 1B 4F 0C 00 00 10 FC 
00 FF FF 00 10 0D 22 93 00 00 02 00 00 10 1B 50 0C 00 00 1F 59 
00 FF FF 00 10 0D 22 93 00 00 02 00 00 10 1B 51 0C 00 00 29 EB 
00 FF FF 00 10 0D 22 93 00 00 02 00 00 10 1B 52 0C 00 00 12 1C 
00 FF FF 00 10 0D 22 93 00 00 02 00 00 10 1B 54 0C 00 00 16 33 
00 FF FF 00 10 0D 22 93 00 00 02 00 00 10 1B 55 0C 00 00 17 F4 
00 FF FF 00 10 0D 22 93 00 00 02 00 00 10 1B 58 0C 00 00 33 D2 
00 FF FF 00 10 0D 22 93 00 00 02 00 00 10 1B 59 0C 00 00 0E E1 
00 FF FF 00 10 0D 22 93 00 00 02 00 00 10 1B 5A 0C 00 00 10 4D 
00 FF FF 00 10 0D 22 93 00 00 02 00 00 10 1B 5B 0C 00 00 14 FE 
00 FF FF 00 10 0D 22 93 00 00 02 00 00 10 1B 5C 0C 00 00 25 48 
00 FF FF 00 10 0D 22 93 00 00 02 00 00 10 1B 5D 0C 00 00 2F D6 
00 FF FF 00 10 0D 22 93 00 00 02 00 00 10 1B 5E 0C 00 00 31 02 
00 FF FF 00 10 0D 22 93 00 00 02 00 00 10 1B 5F 0C 00 00 07 67 
00 FF FF 00 10 0D 22 93 00 00 02 00 00 10 1B 60 0C 00 00 17 4C 
00 FF FF 00 10 0D 22 93 00 00 02 00 00 10 1B 61 0C 00 00 09 4A 
00 FF FF 00 10 0D 22 93 00 00 02 00 00 10 1B 62 0C 00 00 0F 57 
00 FF FF 00 10 0D 22 93 00 00 02 00 00 10 1B 63 0C 00 00 13 93 
00 FF FF 00 10 0D 22 93 00 00 02 00 00 10 1B 64 0C 00 00 19 E7 
00 FF FF 00 10 0D 22 93 00 00 02 00 00 10 1B 65 0C 00 00 22 FB 
00 FF FF 00 10 0D 22 93 00 00 02 00 00 10 1B 66 0C 00 00 20 EB 
00 FF FF 00 10 0D 22 93 00 00 02 00 00 10 1B 67 0C 00 00 11 BC 
00 FF FF 00 10 0D 22 93 00 00 02 00 00 10 1B 68 0C 00 00 07 39 
00 FF FF 00 10 0D 22 93 00 00 02 00 00 10 1B 69 0C 00 00 14 5B 
00 FF FF 00 10 0D 22 93 00 00 02 00 00 10 1B 6A 0C 00 00 12 63 
00 FF FF 00 10 0D 22 93 00 00 02 00 00 10 1B 6B 0C 00 00 1A 16 
00 FF FF 00 10 0D 22 93 00 00 02 00 00 10 1B 6D 0C 00 00 34 F4 
00 FF FF 00 10 0D 22 93 00 00 02 00 00 10 1B 6E 0C 00 00 0B A5 
00 FF FF 00 10 0D 22 93 00 00 02 00 00 10 1B 6F 0C 00 00 14 53 
00 FF FF 00 10 0D 22 93 00 00 02 00 00 10 1B 70 0C 00 00 0E 21 
00 FF FF 00 10 0D 22 93 00 00 02 00 00 10 1B 71 0C 00 00 0F 4D 
00 FF FF 00 10 0D 22 93 00 00 02 00 00 10 1B 72 0C 00 00 11 11 
00 FF FF 00 10 0D 22 93 00 00 02 00 00 10 1B 73 0C 00 00 1E 89 
00 FF FF 00 10 0D 22 93 00 00 02 00 00 10 1B 74 0C 00 00 0C 73 
00 FF FF 00 10 0D 22 93 00 00 02 00 00 10 1B 75 0C 00 00 0A C9 
00 FF FF 00 10 0D 22 93 00 00 02 00 00 10 1B 76 0C 00 00 15 96 
00 FF FF 00 10 0D 22 93 00 00 02 00 00 10 1B 77 0C 00 00 11 F3 
00 FF FF 00 10 0D 22 93 00 00 02 00 00 10 1B 78 0C 00 00 19 B2 
00 FF FF 00 10 0D 22 93 00 00 02 00 00 10 1B 79 0C 00 00 11 CE 
00 FF FF 00 10 0D 22 93 00 00 02 00 00 10 1B 7A 0C 00 00 0F 37 
00 FF FF 00 10 0D 22 93 00 00 02 00 00 10 1B 7B 0C 00 00 08 C9 
00 FF FF 00 10 0D 22 93 00 00 02 00 00 10 1B 7C 0C 00 00 13 9A 
00 FF FF 00 10 0D 22 93 00 00 02 00 00 10 1B 7D 0C 00 00 10 68 
00 FF FF 00 10 0D 22 93 00 00 02 00 00 10 1B 7E 0C 00 00 07 4C 
00 FF FF 00 10 0D 22 93 00 00 02 00 00 10 1B 7F 0C 00 00 2E E6 
00 FF FF 00 10 0D 22 93 00 00 02 00 00 10 1B 80 0C 00 00 0D 8D 
00 FF FF 00 10 0D 22 93 00 00 02 00 00 10 1B 81 0C 00 00 0B 72 
00 FF FF 00 10 0D 22 93 00 00 02 00 00 10 1B 82 0C 00 00 17 43 
00 FF FF 00 10 0D 22 93 00 00 02 00 00 10 1B 83 0C 00 00 20 E6 
00 FF FF 00 10 0D 22 93 00 00 02 00 00 10 1B 84 0C 00 00 2C 21 
00 FF FF 00 10 0D 22 93 00 00 02 00 00 10 1B 85 0C 00 00 2F D8 
00 FF FF 00 10 0D 22 93 00 00 02 00 00 10 1B 86 0C 00 00 2F C1 
00 FF FF 00 10 0D 22 93 00 00 02 00 00 10 1B 88 0C 00 00 13 AE 
00 FF FF 00 10 0D 22 93 00 00 02 00 00 10 1B 89 0C 00 00 11 BF 
00 FF FF 00 10 0D 22 93 00 00 02 00 00 10 1B 8A 0C 00 00 08 F6 
00 FF FF 00 10 0D 22 93 00 00 02 00 00 10 1B 8B 0C 00 00 17 06 
00 FF FF 00 10 0D 22 93 00 00 02 00 00 10 1B 8C 0C 00 00 0A D8 
00 FF FF 00 10 0D 22 93 00 00 02 00 00 10 1B 8D 0C 00 00 0D CE 
00 FF FF 00 10 0D 22 93 00 00 02 00 00 10 1B 8E 0C 00 00 1A 57 
00 FF FF 00 10 0D 22 93 00 00 02 00 00 10 1B 91 0C 00 00 16 FD 
00 FF FF 00 10 0D 22 93 00 00 02 00 00 10 1B 92 0C 00 00 1B 1E 
00 FF FF 00 10 0D 22 93 00 00 02 00 00 10 1B 93 0C 00 00 16 DA 
00 FF FF 00 10 0D 22 93 00 00 02 00 00 10 1B 94 0C 00 00 1A 89 
00 FF FF 00 10 0D 22 93 00 00 02 00 00 10 1B 95 0C 00 00 0F 4F 
00 FF FF 00 10 0D 22 93 00 00 02 00 00 10 1B 96 0C 00 00 07 4A 
00 FF FF 00 10 0D 22 93 00 00 02 00 00 10 1B 97 0C 00 00 16 2D 
00 FF FF 00 10 0D 22 93 00 00 02 00 00 10 1B 98 0C 00 00 3A 34 
00 FF FF 00 10 0D 22 93 00 00 02 00 00 10 1B 99 0C 00 00 17 FE 
00 FF FF 00 10 0D 22 93 00 00 02 00 00 10 1B 9A 0C 00 00 23 09 
00 FF FF 00 10 0D 22 93 00 00 02 00 00 10 1B 9B 0C 00 00 11 89 
00 FF FF 00 10 0D 22 93 00 00 02 00 00 10 1B 9C 0C 00 00 1B 68 
00 FF FF 00 10 0D 22 93 00 00 02 00 00 10 1B 9D 0C 00 00 1F 5B 
00 FF FF 00 10 0D 22 93 00 00 02 00 00 10 1B 9E 0C 00 00 0D 4A 
00 FF FF 00 10 0D 22 93 00 00 02 00 00 10 1B 9F 0C 00 00 3C 14 
00 FF FF 00 10 0D 22 93 00 00 02 00 00 10 1B A0 0C 00 00 34 F4 
00 FF FF 00 10 0D 22 93 00 00 02 00 00 10 1B A1 0C 00 00 29 2E 
00 FF FF 00 10 0D 22 93 00 00 02 00 00 10 1B A3 0C 00 00 27 7B 
00 FF FF 00 10 0D 22 93 00 00 02 00 00 10 1B A4 0C 00 00 0E B8 
00 FF FF 00 10 0D 22 93 00 00 02 00 00 10 1B A5 0C 00 00 0E B9 
00 FF FF 00 10 0D 22 93 00 00 02 00 00 10 1B A6 0C 00 00 1E 51 
00 FF FF 00 10 0D 22 93 00 00 02 00 00 10 1B A7 0C 00 00 1E 63 
00 FF FF 00 10 0D 22 93 00 00 02 00 00 10 1B A8 0C 00 00 1C BE 
00 FF FF 00 10 0D 22 93 00 00 02 00 00 10 1B A9 0C 00 00 1A 15 
00 FF FF 00 10 0D 22 93 00 00 02 00 00 10 1B AA 0C 00 00 38 64 
00 FF FF 00 10 0D 22 93 00 00 02 00 00 10 1B AC 0C 00 00 0C 4A 
00 FF FF 00 10 0D 22 93 00 00 02 00 00 10 1B AD 0C 00 00 0D 5C 
00 FF FF 00 10 0D 22 93 00 00 02 00 00 10 1B AE 0C 00 00 18 C9 
00 FF FF 00 10 0D 22 93 00 00 02 00 00 10 1B AF 0C 00 00 0B 1A 
00 FF FF 00 10 0D 22 93 00 00 02 00 00 10 1B B0 0C 00 00 0D 1D 
00 FF FF 00 10 0D 22 93 00 00 02 00 00 10 1B B1 0C 00 00 0E 02 
00 FF FF 00 10 0D 22 93 00 00 02 00 00 10 1B B2 0C 00 00 25 98 
00 FF FF 00 10 0D 22 93 00 00 02 00 00 10 1B B3 0C 00 00 18 D2 
00 FF FF 00 10 0D 22 93 00 00 02 00 00 10 1B B4 0C 00 00 0E 16 
00 FF FF 00 10 0D 22 93 00 00 02 00 00 10 1B B5 0C 00 00 1B 56 
00 FF FF 00 10 0D 22 93 00 00 02 00 00 10 1B B6 0C 00 00 13 03 
00 FF FF 00 10 0D 22 93 00 00 02 00 00 10 1B B8 0C 00 00 05 2B 
00 FF FF 00 10 0D 22 93 00 00 02 00 00 10 1B B9 0C 00 00 1A 05 
00 FF FF 00 10 0D 22 93 00 00 02 00 00 10 1B BA 0C 00 00 0F 41 
00 FF FF 00 10 0D 22 93 00 00 02 00 00 10 1B BC 0C 00 00 12 5B 
00 FF FF 00 10 0D 22 93 00 00 02 00 00 10 1B BD 0C 00 00 1B 37 
00 FF FF 00 10 0D 22 93 00 00 02 00 00 10 1B BE 0C 00 00 0D 49 
00 FF FF 00 10 0D 22 93 00 00 02 00 00 10 1B BF 0C 00 00 08 4C 
00 FF FF 00 10 0D 22 93 00 00 02 00 00 10 1B C0 0C 00 00 0F 50 
00 FF FF 00 10 0D 22 93 00 00 02 00 00 10 1B C1 0C 00 00 11 E3 
00 FF FF 00 10 0D 22 93 00 00 02 00 00 10 1B C2 0C 00 00 23 ED 
00 FF FF 00 10 0D 22 93 00 00 02 00 00 10 1B C3 0C 00 00 14 24 
00 FF FF 00 10 0D 22 93 00 00 02 00 00 10 1B C5 0C 00 00 0F 5C 
00 FF FF 00 10 0D 22 93 00 00 02 00 00 10 1B C6 0C 00 00 12 0F 
00 FF FF 00 10 0D 22 93 00 00 02 00 00 10 1B C7 0C 00 00 1D 22 
00 FF FF 00 10 0D 22 93 00 00 02 00 00 10 1B C8 0C 00 00 1B 57 
00 FF FF 00 10 0D 22 93 00 00 02 00 00 10 1B C9 0C 00 00 0B E2 
