00 FF FF 00 12 0D 22 93 00 00 01 00 00 12 00 50 0D 00 00 2D 74 
00 FF FF 00 12 0D 22 93 00 00 01 00 00 12 00 51 0D 00 00 37 82 
00 FF FF 00 12 0D 22 93 00 00 01 00 00 12 00 52 0D 00 00 2E D4 
00 FF FF 00 12 0D 22 93 00 00 01 00 00 12 00 53 0D 00 00 3B 22 
00 FF FF 00 12 0D 22 93 00 00 01 00 00 12 00 54 0D 00 00 39 4A 
00 FF FF 00 12 0D 22 93 00 00 01 00 00 12 00 55 0D 00 00 34 F4 
00 FF FF 00 12 0D 22 93 00 00 01 00 00 12 00 57 0D 00 00 34 F4 
00 FF FF 00 12 0D 22 93 00 00 01 00 00 12 00 58 0D 00 00 38 64 
00 FF FF 00 12 0D 22 93 00 00 01 00 00 12 00 59 0D 00 00 36 A4 
00 FF FF 00 12 0D 22 93 00 00 01 00 00 12 00 5A 0D 00 00 36 A4 
00 FF FF 00 12 0D 22 93 00 00 01 00 00 12 00 5B 0D 00 00 37 82 
00 FF FF 00 12 0D 22 93 00 00 01 00 00 12 00 5C 0D 00 00 35 CA 
00 FF FF 00 12 0D 22 93 00 00 01 00 00 12 00 5D 0D 00 00 34 F4 
00 FF FF 00 12 0D 22 93 00 00 01 00 00 12 00 5E 0D 00 00 30 44 
00 FF FF 00 12 0D 22 93 00 00 01 00 00 12 00 5F 0D 00 00 3C 14 
00 FF FF 00 12 0D 22 93 00 00 01 00 00 12 00 60 0D 00 00 3A 34 
00 FF FF 00 12 0D 22 93 00 00 01 00 00 12 00 61 0D 00 00 3C 14 
00 FF FF 00 12 0D 22 93 00 00 01 00 00 12 00 62 0D 00 00 35 CA 
00 FF FF 00 12 0D 22 93 00 00 01 00 00 12 00 64 0D 00 00 3C 14 
00 FF FF 00 12 0D 22 93 00 00 01 00 00 12 00 65 0D 00 00 33 54 
00 FF FF 00 12 0D 22 93 00 00 01 00 00 12 00 66 0D 00 00 31 02 
00 FF FF 00 12 0D 22 93 00 00 01 00 00 12 00 67 0D 00 00 31 C4 
00 FF FF 00 12 0D 22 93 00 00 01 00 00 12 00 68 0D 00 00 36 A4 
00 FF FF 00 12 0D 22 93 00 00 01 00 00 12 00 69 0D 00 00 38 64 
00 FF FF 00 12 0D 22 93 00 00 01 00 00 12 00 6A 0D 00 00 37 82 
00 FF FF 00 12 0D 22 93 00 00 01 00 00 12 00 6B 0D 00 00 2E D4 
00 FF FF 00 12 0D 22 93 00 00 01 00 00 12 00 6C 0D 00 00 2F 8A 
00 FF FF 00 12 0D 22 93 00 00 01 00 00 12 00 6D 0D 00 00 36 A4 
00 FF FF 00 12 0D 22 93 00 00 01 00 00 12 00 6E 0D 00 00 2D 74 
00 FF FF 00 12 0D 22 93 00 00 01 00 00 12 00 6F 0D 00 00 30 44 
00 FF FF 00 12 0D 22 93 00 00 01 00 00 12 00 70 0D 00 00 34 22 
00 FF FF 00 12 0D 22 93 00 00 01 00 00 12 00 71 0D 00 00 31 02 
00 FF FF 00 12 0D 22 93 00 00 01 00 00 12 00 72 0D 00 00 30 44 
00 FF FF 00 12 0D 22 93 00 00 01 00 00 12 00 73 0D 00 00 3C 14 
00 FF FF 00 12 0D 22 93 00 00 01 00 00 12 00 74 0D 00 00 2E 22 
00 FF FF 00 12 0D 22 93 00 00 01 00 00 12 00 75 0D 00 00 39 4A 
00 FF FF 00 12 0D 22 93 00 00 01 00 00 12 00 76 0D 00 00 33 54 
00 FF FF 00 12 0D 22 93 00 00 01 00 00 12 00 77 0D 00 00 2D 74 
00 FF FF 00 12 0D 22 93 00 00 01 00 00 12 00 78 0D 00 00 30 44 
00 FF FF 00 12 0D 22 93 00 00 01 00 00 12 00 79 0D 00 00 35 CA 
00 FF FF 00 12 0D 22 93 00 00 01 00 00 12 00 7A 0D 00 00 3A 34 
00 FF FF 00 12 0D 22 93 00 00 01 00 00 12 00 7B 0D 00 00 2F 8A 
00 FF FF 00 12 0D 22 93 00 00 01 00 00 12 00 7C 0D 00 00 3B 22 
00 FF FF 00 12 0D 22 93 00 00 01 00 00 12 00 7D 0D 00 00 32 8A 
00 FF FF 00 12 0D 22 93 00 00 01 00 00 12 00 7F 0D 00 00 38 64 
00 FF FF 00 12 0D 22 93 00 00 01 00 00 12 00 81 0D 00 00 35 CA 
00 FF FF 00 12 0D 22 93 00 00 01 00 00 12 00 82 0D 00 00 37 82 
00 FF FF 00 12 0D 22 93 00 00 01 00 00 12 00 83 0D 00 00 33 54 
00 FF FF 00 12 0D 22 93 00 00 01 00 00 12 00 84 0D 00 00 33 54 
00 FF FF 00 12 0D 22 93 00 00 01 00 00 12 00 85 0D 00 00 34 F4 
00 FF FF 00 12 0D 22 93 00 00 01 00 00 12 00 86 0D 00 00 30 44 
00 FF FF 00 12 0D 22 93 00 00 01 00 00 12 00 87 0D 00 00 34 22 
00 FF FF 00 12 0D 22 93 00 00 01 00 00 12 00 88 0D 00 00 39 4A 
00 FF FF 00 12 0D 22 93 00 00 01 00 00 12 00 8A 0D 00 00 33 54 
00 FF FF 00 12 0D 22 93 00 00 01 00 00 12 00 8B 0D 00 00 31 C4 
00 FF FF 00 12 0D 22 93 00 00 01 00 00 12 00 8C 0D 00 00 2F 8A 
00 FF FF 00 12 0D 22 93 00 00 01 00 00 12 00 8D 0D 00 00 34 F4 
00 FF FF 00 12 0D 22 93 00 00 01 00 00 12 00 8F 0D 00 00 2E 22 
00 FF FF 00 12 0D 22 93 00 00 01 00 00 12 00 90 0D 00 00 2E 22 
00 FF FF 00 12 0D 22 93 00 00 01 00 00 12 00 91 0D 00 00 2E D4 
00 FF FF 00 12 0D 22 93 00 00 01 00 00 12 00 92 0D 00 00 3A 34 
00 FF FF 00 12 0D 22 93 00 00 01 00 00 12 00 93 0D 00 00 33 54 
00 FF FF 00 12 0D 22 93 00 00 01 00 00 12 00 94 0D 00 00 2D 74 
00 FF FF 00 12 0D 22 93 00 00 01 00 00 12 00 95 0D 00 00 37 82 
00 FF FF 00 12 0D 22 93 00 00 01 00 00 12 00 97 0D 00 00 3B 22 
00 FF FF 00 12 0D 22 93 00 00 01 00 00 12 00 98 0D 00 00 33 54 
00 FF FF 00 12 0D 22 93 00 00 01 00 00 12 00 99 0D 00 00 2E 22 
00 FF FF 00 12 0D 22 93 00 00 01 00 00 12 00 9A 0D 00 00 32 8A 
00 FF FF 00 12 0D 22 93 00 00 01 00 00 12 00 9B 0D 00 00 3D 0A 
00 FF FF 00 12 0D 22 93 00 00 01 00 00 12 00 9C 0D 00 00 31 C4 
00 FF FF 00 12 0D 22 93 00 00 01 00 00 12 00 9D 0D 00 00 2E D4 
00 FF FF 00 12 0D 22 93 00 00 01 00 00 12 00 9E 0D 00 00 3C 14 
00 FF FF 00 12 0D 22 93 00 00 01 00 00 12 00 A0 0D 00 00 34 22 
00 FF FF 00 12 0D 22 93 00 00 01 00 00 12 00 A1 0D 00 00 34 22 
00 FF FF 00 12 0D 22 93 00 00 01 00 00 12 00 A2 0D 00 00 30 44 
00 FF FF 00 12 0D 22 93 00 00 01 00 00 12 00 A3 0D 00 00 31 02 
00 FF FF 00 12 0D 22 93 00 00 01 00 00 12 00 A4 0D 00 00 31 C4 
00 FF FF 00 12 0D 22 93 00 00 01 00 00 12 00 A5 0D 00 00 2E 22 
00 FF FF 00 12 0D 22 93 00 00 01 00 00 12 00 A6 0D 00 00 36 A4 
00 FF FF 00 12 0D 22 93 00 00 01 00 00 12 00 A7 0D 00 00 37 82 
00 FF FF 00 12 0D 22 93 00 00 01 00 00 12 00 A9 0D 00 00 32 8A 
00 FF FF 00 12 0D 22 93 00 00 01 00 00 12 00 AA 0D 00 00 34 22 
00 FF FF 00 12 0D 22 93 00 00 01 00 00 12 00 AB 0D 00 00 30 44 
00 FF FF 00 12 0D 22 93 00 00 01 00 00 12 00 AC 0D 00 00 39 4A 
00 FF FF 00 12 0D 22 93 00 00 01 00 00 12 00 AD 0D 00 00 2D 74 
00 FF FF 00 12 0D 22 93 00 00 01 00 00 12 00 AE 0D 00 00 30 44 
00 FF FF 00 12 0D 22 93 00 00 01 00 00 12 00 AF 0D 00 00 33 54 
00 FF FF 00 12 0D 22 93 00 00 01 00 00 12 00 B0 0D 00 00 2D 74 
00 FF FF 00 12 0D 22 93 00 00 01 00 00 12 00 B1 0D 00 00 38 64 
00 FF FF 00 12 0D 22 93 00 00 01 00 00 12 00 B2 0D 00 00 2E 22 
00 FF FF 00 12 0D 22 93 00 00 01 00 00 12 00 B3 0D 00 00 3B 22 
00 FF FF 00 12 0D 22 93 00 00 01 00 00 12 00 B5 0D 00 00 2C CA 
00 FF FF 00 12 0D 22 93 00 00 01 00 00 12 00 B6 0D 00 00 34 22 
00 FF FF 00 12 0D 22 93 00 00 01 00 00 12 00 B7 0D 00 00 2E 22 
00 FF FF 00 12 0D 22 93 00 00 01 00 00 12 00 B8 0D 00 00 2D 74 
00 FF FF 00 12 0D 22 93 00 00 01 00 00 12 00 B9 0D 00 00 33 54 
00 FF FF 00 12 0D 22 93 00 00 01 00 00 12 00 BB 0D 00 00 2E D4 
00 FF FF 00 12 0D 22 93 00 00 01 00 00 12 00 BD 0D 00 00 34 F4 
00 FF FF 00 12 0D 22 93 00 00 01 00 00 12 00 BE 0D 00 00 3A 34 
00 FF FF 00 12 0D 22 93 00 00 01 00 00 12 00 BF 0D 00 00 2F 8A 
00 FF FF 00 12 0D 22 93 00 00 01 00 00 12 00 C0 0D 00 00 34 F4 
00 FF FF 00 12 0D 22 93 00 00 01 00 00 12 00 C1 0D 00 00 2C CA 
00 FF FF 00 12 0D 22 93 00 00 01 00 00 12 00 C2 0D 00 00 3A 34 
00 FF FF 00 12 0D 22 93 00 00 01 00 00 12 00 C3 0D 00 00 36 A4 
00 FF FF 00 12 0D 22 93 00 00 01 00 00 12 00 C4 0D 00 00 32 8A 
00 FF FF 00 12 0D 22 93 00 00 01 00 00 12 00 C5 0D 00 00 2E 22 
00 FF FF 00 12 0D 22 93 00 00 01 00 00 12 00 C6 0D 00 00 32 8A 
00 FF FF 00 12 0D 22 93 00 00 01 00 00 12 00 C7 0D 00 00 34 F4 
00 FF FF 00 12 0D 22 93 00 00 01 00 00 12 00 C8 0D 00 00 2E 22 
00 FF FF 00 12 0D 22 93 00 00 01 00 00 12 00 CB 0D 00 00 3A 34 
00 FF FF 00 12 0D 22 93 00 00 01 00 00 12 00 CC 0D 00 00 2C CA 
00 FF FF 00 12 0D 22 93 00 00 01 00 00 12 00 CD 0D 00 00 3B 22 
00 FF FF 00 12 0D 22 93 00 00 01 00 00 12 00 CF 0D 00 00 38 64 
00 FF FF 00 12 0D 22 93 00 00 01 00 00 12 00 D0 0D 00 00 31 02 
00 FF FF 00 12 0D 22 93 00 00 01 00 00 12 00 D1 0D 00 00 2D 74 
00 FF FF 00 12 0D 22 93 00 00 01 00 00 12 00 D2 0D 00 00 38 64 
00 FF FF 00 12 0D 22 93 00 00 01 00 00 12 00 D4 0D 00 00 39 4A 
00 FF FF 00 12 0D 22 93 00 00 01 00 00 12 00 D5 0D 00 00 31 02 
00 FF FF 00 12 0D 22 93 00 00 01 00 00 12 00 D6 0D 00 00 2E D4 
00 FF FF 00 12 0D 22 93 00 00 01 00 00 12 00 D7 0D 00 00 2E D4 
00 FF FF 00 12 0D 22 93 00 00 01 00 00 12 00 D8 0D 00 00 38 64 
00 FF FF 00 12 0D 22 93 00 00 01 00 00 12 00 D9 0D 00 00 3C 14 
00 FF FF 00 12 0D 22 93 00 00 01 00 00 12 00 DA 0D 00 00 37 82 
00 FF FF 00 12 0D 22 93 00 00 01 00 00 12 00 DB 0D 00 00 2F 8A 
00 FF FF 00 12 0D 22 93 00 00 01 00 00 12 00 DC 0D 00 00 2D 74 
00 FF FF 00 12 0D 22 93 00 00 01 00 00 12 00 DD 0D 00 00 31 02 
00 FF FF 00 12 0D 22 93 00 00 01 00 00 12 00 DE 0D 00 00 31 C4 
00 FF FF 00 12 0D 22 93 00 00 01 00 00 12 00 DF 0D 00 00 30 44 
00 FF FF 00 12 0D 22 93 00 00 01 00 00 12 00 E0 0D 00 00 30 44 
00 FF FF 00 12 0D 22 93 00 00 01 00 00 12 00 E1 0D 00 00 34 F4 
00 FF FF 00 12 0D 22 93 00 00 01 00 00 12 00 E2 0D 00 00 36 A4 
00 FF FF 00 12 0D 22 93 00 00 01 00 00 12 00 E3 0D 00 00 34 22 
00 FF FF 00 12 0D 22 93 00 00 01 00 00 12 00 E4 0D 00 00 3A 34 
00 FF FF 00 12 0D 22 93 00 00 01 00 00 12 00 E5 0D 00 00 34 22 
00 FF FF 00 12 0D 22 93 00 00 01 00 00 12 00 E6 0D 00 00 38 64 
00 FF FF 00 12 0D 22 93 00 00 01 00 00 12 00 E7 0D 00 00 3C 14 
00 FF FF 00 12 0D 22 93 00 00 01 00 00 12 00 E8 0D 00 00 39 4A 
00 FF FF 00 12 0D 22 93 00 00 01 00 00 12 00 E9 0D 00 00 33 54 
00 FF FF 00 12 0D 22 93 00 00 01 00 00 12 00 EA 0D 00 00 32 8A 
00 FF FF 00 12 0D 22 93 00 00 01 00 00 12 00 EB 0D 00 00 3D 0A 
00 FF FF 00 12 0D 22 93 00 00 01 00 00 12 00 EC 0D 00 00 2D 74 
00 FF FF 00 12 0D 22 93 00 00 01 00 00 12 00 ED 0D 00 00 37 82 
00 FF FF 00 12 0D 22 93 00 00 01 00 00 12 00 EE 0D 00 00 32 8A 
00 FF FF 00 12 0D 22 93 00 00 01 00 00 12 00 EF 0D 00 00 33 54 
00 FF FF 00 12 0D 22 93 00 00 01 00 00 12 00 F0 0D 00 00 34 F4 
00 FF FF 00 12 0D 22 93 00 00 01 00 00 12 00 F1 0D 00 00 30 44 
00 FF FF 00 12 0D 22 93 00 00 01 00 00 12 00 F2 0D 00 00 32 8A 
00 FF FF 00 12 0D 22 93 00 00 01 00 00 12 00 F3 0D 00 00 33 54 
00 FF FF 00 12 0D 22 93 00 00 01 00 00 12 00 F4 0D 00 00 3C 14 
00 FF FF 00 12 0D 22 93 00 00 01 00 00 12 00 F5 0D 00 00 37 82 
00 FF FF 00 12 0D 22 93 00 00 01 00 00 12 00 F7 0D 00 00 2D 74 
00 FF FF 00 12 0D 22 93 00 00 01 00 00 12 00 F8 0D 00 00 34 F4 
00 FF FF 00 12 0D 22 93 00 00 01 00 00 12 00 F9 0D 00 00 34 22 
00 FF FF 00 12 0D 22 93 00 00 01 00 00 12 00 FA 0D 00 00 2E 22 
00 FF FF 00 12 0D 22 93 00 00 01 00 00 12 00 FB 0D 00 00 31 C4 
00 FF FF 00 12 0D 22 93 00 00 01 00 00 12 00 FC 0D 00 00 2C CA 
00 FF FF 00 12 0D 22 93 00 00 01 00 00 12 00 FD 0D 00 00 34 F4 
00 FF FF 00 12 0D 22 93 00 00 01 00 00 12 00 FE 0D 00 00 34 F4 
00 FF FF 00 12 0D 22 93 00 00 01 00 00 12 01 00 0D 00 00 39 4A 
00 FF FF 00 12 0D 22 93 00 00 01 00 00 12 01 01 0D 00 00 34 F4 
00 FF FF 00 12 0D 22 93 00 00 01 00 00 12 01 02 0D 00 00 2E D4 
00 FF FF 00 12 0D 22 93 00 00 01 00 00 12 01 03 0D 00 00 2C 24 
00 FF FF 00 12 0D 22 93 00 00 01 00 00 12 01 04 0D 00 00 30 44 
00 FF FF 00 12 0D 22 93 00 00 01 00 00 12 01 05 0D 00 00 3A 34 
00 FF FF 00 12 0D 22 93 00 00 01 00 00 12 01 06 0D 00 00 2C CA 
00 FF FF 00 12 0D 22 93 00 00 01 00 00 12 01 07 0D 00 00 31 02 
00 FF FF 00 12 0D 22 93 00 00 01 00 00 12 01 08 0D 00 00 30 44 
00 FF FF 00 12 0D 22 93 00 00 01 00 00 12 01 09 0D 00 00 3B 22 
00 FF FF 00 12 0D 22 93 00 00 01 00 00 12 01 0A 0D 00 00 38 64 
00 FF FF 00 12 0D 22 93 00 00 01 00 00 12 01 0B 0D 00 00 39 4A 
00 FF FF 00 12 0D 22 93 00 00 01 00 00 12 01 0C 0D 00 00 30 44 
00 FF FF 00 12 0D 22 93 00 00 01 00 00 12 01 0D 0D 00 00 2F 8A 
00 FF FF 00 12 0D 22 93 00 00 01 00 00 12 01 0E 0D 00 00 39 4A 
00 FF FF 00 12 0D 22 93 00 00 01 00 00 12 01 0F 0D 00 00 2D 74 
00 FF FF 00 12 0D 22 93 00 00 01 00 00 12 01 10 0D 00 00 32 8A 
00 FF FF 00 12 0D 22 93 00 00 01 00 00 12 01 12 0D 00 00 2E D4 
00 FF FF 00 12 0D 22 93 00 00 01 00 00 12 01 13 0D 00 00 2D 74 
00 FF FF 00 12 0D 22 93 00 00 01 00 00 12 01 14 0D 00 00 3A 34 
00 FF FF 00 12 0D 22 93 00 00 01 00 00 12 01 15 0D 00 00 38 64 
00 FF FF 00 12 0D 22 93 00 00 01 00 00 12 01 16 0D 00 00 2D 74 
00 FF FF 00 12 0D 22 93 00 00 01 00 00 12 01 17 0D 00 00 2D 74 
00 FF FF 00 12 0D 22 93 00 00 01 00 00 12 01 18 0D 00 00 38 64 
00 FF FF 00 12 0D 22 93 00 00 01 00 00 12 01 19 0D 00 00 3B 22 
00 FF FF 00 12 0D 22 93 00 00 01 00 00 12 01 1A 0D 00 00 37 82 
00 FF FF 00 12 0D 22 93 00 00 01 00 00 12 01 1B 0D 00 00 38 64 
00 FF FF 00 12 0D 22 93 00 00 01 00 00 12 01 1C 0D 00 00 3C 14 
00 FF FF 00 12 0D 22 93 00 00 01 00 00 12 01 1D 0D 00 00 30 44 
00 FF FF 00 12 0D 22 93 00 00 01 00 00 12 01 1E 0D 00 00 3B 22 
00 FF FF 00 12 0D 22 93 00 00 01 00 00 12 01 1F 0D 00 00 3C 14 
00 FF FF 00 12 0D 22 93 00 00 01 00 00 12 01 20 0D 00 00 32 8A 
00 FF FF 00 12 0D 22 93 00 00 01 00 00 12 01 22 0D 00 00 37 82 
00 FF FF 00 12 0D 22 93 00 00 01 00 00 12 01 23 0D 00 00 38 64 
00 FF FF 00 12 0D 22 93 00 00 01 00 00 12 01 24 0D 00 00 36 A4 
00 FF FF 00 12 0D 22 93 00 00 01 00 00 12 01 25 0D 00 00 2D 74 
00 FF FF 00 12 0D 22 93 00 00 01 00 00 12 01 26 0D 00 00 30 44 
00 FF FF 00 12 0D 22 93 00 00 01 00 00 12 01 27 0D 00 00 32 8A 
00 FF FF 00 12 0D 22 93 00 00 01 00 00 12 01 28 0D 00 00 34 22 
00 FF FF 00 12 0D 22 93 00 00 01 00 00 12 01 29 0D 00 00 2D 74 
00 FF FF 00 12 0D 22 93 00 00 01 00 00 12 01 2A 0D 00 00 34 F4 
00 FF FF 00 12 0D 22 93 00 00 01 00 00 12 01 2B 0D 00 00 31 C4 
00 FF FF 00 12 0D 22 93 00 00 01 00 00 12 01 2C 0D 00 00 3B 22 
00 FF FF 00 12 0D 22 93 00 00 01 00 00 12 01 2D 0D 00 00 38 64 
00 FF FF 00 12 0D 22 93 00 00 01 00 00 12 01 2E 0D 00 00 36 A4 
00 FF FF 00 12 0D 22 93 00 00 01 00 00 12 01 2F 0D 00 00 2E 22 
00 FF FF 00 12 0D 22 93 00 00 01 00 00 12 01 30 0D 00 00 31 02 
00 FF FF 00 12 0D 22 93 00 00 01 00 00 12 01 32 0D 00 00 34 F4 
00 FF FF 00 12 0D 22 93 00 00 01 00 00 12 01 33 0D 00 00 38 64 
00 FF FF 00 12 0D 22 93 00 00 01 00 00 12 01 34 0D 00 00 23 82 
00 FF FF 00 12 0D 22 93 00 00 01 00 00 12 01 35 0D 00 00 34 F4 
00 FF FF 00 12 0D 22 93 00 00 01 00 00 12 01 36 0D 00 00 3A 34 
00 FF FF 00 12 0D 22 93 00 00 01 00 00 12 01 37 0D 00 00 3A 34 
00 FF FF 00 12 0D 22 93 00 00 01 00 00 12 01 38 0D 00 00 2E 22 
00 FF FF 00 12 0D 22 93 00 00 01 00 00 12 01 39 0D 00 00 2D 74 
00 FF FF 00 12 0D 22 93 00 00 01 00 00 12 01 3B 0D 00 00 3C 14 
00 FF FF 00 12 0D 22 93 00 00 01 00 00 12 01 3D 0D 00 00 2E D4 
00 FF FF 00 12 0D 22 93 00 00 01 00 00 12 01 3E 0D 00 00 33 54 
00 FF FF 00 12 0D 22 93 00 00 01 00 00 12 01 3F 0D 00 00 3C 14 
00 FF FF 00 12 0D 22 93 00 00 01 00 00 12 01 40 0D 00 00 2D 74 
00 FF FF 00 12 0D 22 93 00 00 01 00 00 12 01 41 0D 00 00 35 CA 
00 FF FF 00 12 0D 22 93 00 00 01 00 00 12 01 42 0D 00 00 31 02 
00 FF FF 00 12 0D 22 93 00 00 01 00 00 12 01 45 0D 00 00 25 94 
00 FF FF 00 12 0D 22 93 00 00 01 00 00 12 01 46 0D 00 00 1F CA 
00 FF FF 00 12 0D 22 93 00 00 01 00 00 12 01 47 0D 00 00 2F 8A 
00 FF FF 00 12 0D 22 93 00 00 01 00 00 12 01 49 0D 00 00 34 F4 
00 FF FF 00 12 0D 22 93 00 00 01 00 00 12 01 4A 0D 00 00 3A 34 
00 FF FF 00 12 0D 22 93 00 00 01 00 00 12 01 4B 0D 00 00 3B 22 
00 FF FF 00 12 0D 22 93 00 00 01 00 00 12 01 4C 0D 00 00 3A 34 
00 FF FF 00 12 0D 22 93 00 00 01 00 00 12 01 4D 0D 00 00 3C 14 
00 FF FF 00 12 0D 22 93 00 00 01 00 00 12 01 4E 0D 00 00 33 54 
00 FF FF 00 12 0D 22 93 00 00 01 00 00 12 01 4F 0D 00 00 34 F4 
00 FF FF 00 12 0D 22 93 00 00 01 00 00 12 01 50 0D 00 00 3A 34 
00 FF FF 00 12 0D 22 93 00 00 01 00 00 12 01 51 0D 00 00 30 44 
00 FF FF 00 12 0D 22 93 00 00 01 00 00 12 01 52 0D 00 00 3C 14 
00 FF FF 00 12 0D 22 93 00 00 01 00 00 12 01 53 0D 00 00 2E 22 
00 FF FF 00 12 0D 22 93 00 00 01 00 00 12 01 54 0D 00 00 2E 22 
00 FF FF 00 12 0D 22 93 00 00 01 00 00 12 01 55 0D 00 00 2E D4 
00 FF FF 00 12 0D 22 93 00 00 01 00 00 12 01 57 0D 00 00 2E D4 
00 FF FF 00 12 0D 22 93 00 00 01 00 00 12 01 58 0D 00 00 34 F4 
00 FF FF 00 12 0D 22 93 00 00 01 00 00 12 01 59 0D 00 00 34 22 
00 FF FF 00 12 0D 22 93 00 00 01 00 00 12 01 5A 0D 00 00 2D 74 
00 FF FF 00 12 0D 22 93 00 00 01 00 00 12 01 5B 0D 00 00 3B 22 
00 FF FF 00 12 0D 22 93 00 00 01 00 00 12 01 5D 0D 00 00 3B 22 
00 FF FF 00 12 0D 22 93 00 00 01 00 00 12 01 5E 0D 00 00 3A 34 
00 FF FF 00 12 0D 22 93 00 00 01 00 00 12 01 5F 0D 00 00 34 F4 
00 FF FF 00 12 0D 22 93 00 00 01 00 00 12 01 60 0D 00 00 3D 0A 
00 FF FF 00 12 0D 22 93 00 00 01 00 00 12 01 61 0D 00 00 34 F4 
00 FF FF 00 12 0D 22 93 00 00 01 00 00 12 01 62 0D 00 00 33 54 
00 FF FF 00 12 0D 22 93 00 00 01 00 00 12 01 63 0D 00 00 33 54 
00 FF FF 00 12 0D 22 93 00 00 01 00 00 12 01 64 0D 00 00 34 F4 
00 FF FF 00 12 0D 22 93 00 00 01 00 00 12 01 66 0D 00 00 38 64 
00 FF FF 00 12 0D 22 93 00 00 01 00 00 12 01 67 0D 00 00 39 4A 
00 FF FF 00 12 0D 22 93 00 00 01 00 00 12 01 69 0D 00 00 2E D4 
00 FF FF 00 12 0D 22 93 00 00 01 00 00 12 01 6A 0D 00 00 2D 74 
00 FF FF 00 12 0D 22 93 00 00 01 00 00 12 01 6B 0D 00 00 39 4A 
00 FF FF 00 12 0D 22 93 00 00 01 00 00 12 01 6C 0D 00 00 37 82 
00 FF FF 00 12 0D 22 93 00 00 01 00 00 12 01 6D 0D 00 00 33 54 
00 FF FF 00 12 0D 22 93 00 00 01 00 00 12 01 6E 0D 00 00 36 A4 
00 FF FF 00 12 0D 22 93 00 00 01 00 00 12 01 6F 0D 00 00 34 F4 
00 FF FF 00 12 0D 22 93 00 00 01 00 00 12 01 70 0D 00 00 39 4A 
00 FF FF 00 12 0D 22 93 00 00 01 00 00 12 01 72 0D 00 00 36 A4 
00 FF FF 00 12 0D 22 93 00 00 01 00 00 12 01 74 0D 00 00 30 44 
00 FF FF 00 12 0D 22 93 00 00 01 00 00 12 01 75 0D 00 00 38 64 
00 FF FF 00 12 0D 22 93 00 00 01 00 00 12 01 76 0D 00 00 31 02 
00 FF FF 00 12 0D 22 93 00 00 01 00 00 12 01 77 0D 00 00 3B 22 
00 FF FF 00 12 0D 22 93 00 00 01 00 00 12 01 78 0D 00 00 3A 34 
00 FF FF 00 12 0D 22 93 00 00 01 00 00 12 01 79 0D 00 00 2D 74 
00 FF FF 00 12 0D 22 93 00 00 01 00 00 12 01 7A 0D 00 00 33 54 
00 FF FF 00 12 0D 22 93 00 00 01 00 00 12 01 7B 0D 00 00 32 8A 
00 FF FF 00 12 0D 22 93 00 00 01 00 00 12 01 7C 0D 00 00 2E D4 
00 FF FF 00 12 0D 22 93 00 00 01 00 00 12 01 7D 0D 00 00 30 44 
00 FF FF 00 12 0D 22 93 00 00 01 00 00 12 01 7E 0D 00 00 31 02 
00 FF FF 00 12 0D 22 93 00 00 01 00 00 12 01 7F 0D 00 00 2C CA 
00 FF FF 00 12 0D 22 93 00 00 01 00 00 12 01 80 0D 00 00 38 64 
00 FF FF 00 12 0D 22 93 00 00 01 00 00 12 01 81 0D 00 00 37 82 
00 FF FF 00 12 0D 22 93 00 00 01 00 00 12 01 82 0D 00 00 34 F4 
00 FF FF 00 12 0D 22 93 00 00 01 00 00 12 01 83 0D 00 00 2D 74 
00 FF FF 00 12 0D 22 93 00 00 01 00 00 12 01 84 0D 00 00 37 82 
00 FF FF 00 12 0D 22 93 00 00 01 00 00 12 01 85 0D 00 00 31 C4 
00 FF FF 00 12 0D 22 93 00 00 01 00 00 12 01 86 0D 00 00 32 8A 
00 FF FF 00 12 0D 22 93 00 00 01 00 00 12 01 87 0D 00 00 3A 34 
00 FF FF 00 12 0D 22 93 00 00 01 00 00 12 01 88 0D 00 00 2E 22 
00 FF FF 00 12 0D 22 93 00 00 01 00 00 12 01 89 0D 00 00 36 A4 
00 FF FF 00 12 0D 22 93 00 00 01 00 00 12 01 8A 0D 00 00 3D 0A 
00 FF FF 00 12 0D 22 93 00 00 01 00 00 12 01 8B 0D 00 00 30 44 
00 FF FF 00 12 0D 22 93 00 00 01 00 00 12 01 8C 0D 00 00 2D 74 
00 FF FF 00 12 0D 22 93 00 00 01 00 00 12 01 8D 0D 00 00 37 82 
00 FF FF 00 12 0D 22 93 00 00 01 00 00 12 01 8E 0D 00 00 34 F4 
00 FF FF 00 12 0D 22 93 00 00 01 00 00 12 01 91 0D 00 00 30 44 
00 FF FF 00 12 0D 22 93 00 00 01 00 00 12 01 92 0D 00 00 32 8A 
00 FF FF 00 12 0D 22 93 00 00 01 00 00 12 01 93 0D 00 00 3A 34 
00 FF FF 00 12 0D 22 93 00 00 01 00 00 12 01 94 0D 00 00 3C 14 
00 FF FF 00 12 0D 22 93 00 00 01 00 00 12 01 96 0D 00 00 35 CA 
00 FF FF 00 12 0D 22 93 00 00 01 00 00 12 01 97 0D 00 00 34 F4 
00 FF FF 00 12 0D 22 93 00 00 01 00 00 12 01 98 0D 00 00 31 C4 
00 FF FF 00 12 0D 22 93 00 00 01 00 00 12 01 99 0D 00 00 31 C4 
00 FF FF 00 12 0D 22 93 00 00 01 00 00 12 01 9A 0D 00 00 35 CA 
00 FF FF 00 12 0D 22 93 00 00 01 00 00 12 01 9B 0D 00 00 34 F4 
00 FF FF 00 12 0D 22 93 00 00 01 00 00 12 01 9C 0D 00 00 39 4A 
00 FF FF 00 12 0D 22 93 00 00 01 00 00 12 01 9D 0D 00 00 31 C4 
00 FF FF 00 12 0D 22 93 00 00 01 00 00 12 01 9E 0D 00 00 2F 8A 
00 FF FF 00 12 0D 22 93 00 00 01 00 00 12 01 A0 0D 00 00 33 54 
00 FF FF 00 12 0D 22 93 00 00 01 00 00 12 01 A1 0D 00 00 31 02 
00 FF FF 00 12 0D 22 93 00 00 01 00 00 12 01 A2 0D 00 00 30 44 
00 FF FF 00 12 0D 22 93 00 00 01 00 00 12 01 A3 0D 00 00 39 4A 
00 FF FF 00 12 0D 22 93 00 00 01 00 00 12 01 A4 0D 00 00 39 4A 
00 FF FF 00 12 0D 22 93 00 00 01 00 00 12 01 A5 0D 00 00 3A 34 
00 FF FF 00 12 0D 22 93 00 00 01 00 00 12 01 A6 0D 00 00 38 64 
00 FF FF 00 12 0D 22 93 00 00 01 00 00 12 01 A7 0D 00 00 2E D4 
00 FF FF 00 12 0D 22 93 00 00 01 00 00 12 01 A8 0D 00 00 36 A4 
00 FF FF 00 12 0D 22 93 00 00 01 00 00 12 01 A9 0D 00 00 36 A4 
00 FF FF 00 12 0D 22 93 00 00 01 00 00 12 01 AA 0D 00 00 2E D4 
00 FF FF 00 12 0D 22 93 00 00 01 00 00 12 01 AB 0D 00 00 37 82 
00 FF FF 00 12 0D 22 93 00 00 01 00 00 12 01 AC 0D 00 00 34 22 
00 FF FF 00 12 0D 22 93 00 00 01 00 00 12 01 AD 0D 00 00 2D 74 
00 FF FF 00 12 0D 22 93 00 00 01 00 00 12 01 AE 0D 00 00 30 44 
00 FF FF 00 12 0D 22 93 00 00 01 00 00 12 01 AF 0D 00 00 32 8A 
00 FF FF 00 12 0D 22 93 00 00 01 00 00 12 01 B0 0D 00 00 31 02 
00 FF FF 00 12 0D 22 93 00 00 01 00 00 12 01 B1 0D 00 00 2D 74 
00 FF FF 00 12 0D 22 93 00 00 01 00 00 12 01 B3 0D 00 00 31 C4 
00 FF FF 00 12 0D 22 93 00 00 01 00 00 12 01 B4 0D 00 00 37 82 
00 FF FF 00 12 0D 22 93 00 00 01 00 00 12 01 B6 0D 00 00 3B 22 
00 FF FF 00 12 0D 22 93 00 00 01 00 00 12 01 B7 0D 00 00 31 C4 
00 FF FF 00 12 0D 22 93 00 00 01 00 00 12 01 B9 0D 00 00 37 82 
00 FF FF 00 12 0D 22 93 00 00 01 00 00 12 01 BA 0D 00 00 2E 22 
00 FF FF 00 12 0D 22 93 00 00 01 00 00 12 01 BB 0D 00 00 37 82 
00 FF FF 00 12 0D 22 93 00 00 01 00 00 12 01 BC 0D 00 00 30 44 
00 FF FF 00 12 0D 22 93 00 00 01 00 00 12 01 BD 0D 00 00 3B 22 
00 FF FF 00 12 0D 22 93 00 00 01 00 00 12 01 BF 0D 00 00 31 C4 
00 FF FF 00 12 0D 22 93 00 00 01 00 00 12 01 C0 0D 00 00 2E D4 
00 FF FF 00 12 0D 22 93 00 00 01 00 00 12 01 C2 0D 00 00 2E D4 
00 FF FF 00 12 0D 22 93 00 00 01 00 00 12 01 C3 0D 00 00 32 8A 
00 FF FF 00 12 0D 22 93 00 00 01 00 00 12 01 C4 0D 00 00 3B 22 
00 FF FF 00 12 0D 22 93 00 00 01 00 00 12 01 C5 0D 00 00 2D 74 
00 FF FF 00 12 0D 22 93 00 00 01 00 00 12 01 C6 0D 00 00 35 CA 
00 FF FF 00 12 0D 22 93 00 00 01 00 00 12 01 C7 0D 00 00 3A 34 
00 FF FF 00 12 0D 22 93 00 00 01 00 00 12 01 C8 0D 00 00 34 22 
00 FF FF 00 12 0D 22 93 00 00 01 00 00 12 01 C9 0D 00 00 31 C4 
00 FF FF 00 12 0D 22 93 00 00 01 00 00 12 01 CA 0D 00 00 34 F4 
00 FF FF 00 12 0D 22 93 00 00 01 00 00 12 01 CB 0D 00 00 3A 34 
00 FF FF 00 12 0D 22 93 00 00 01 00 00 12 01 CC 0D 00 00 30 44 
00 FF FF 00 12 0D 22 93 00 00 01 00 00 12 01 CD 0D 00 00 2E D4 
00 FF FF 00 12 0D 22 93 00 00 01 00 00 12 01 CE 0D 00 00 37 82 
00 FF FF 00 12 0D 22 93 00 00 01 00 00 12 01 CF 0D 00 00 31 02 
00 FF FF 00 12 0D 22 93 00 00 01 00 00 12 01 D1 0D 00 00 30 44 
00 FF FF 00 12 0D 22 93 00 00 01 00 00 12 01 D2 0D 00 00 31 C4 
00 FF FF 00 12 0D 22 93 00 00 01 00 00 12 01 D3 0D 00 00 32 8A 
00 FF FF 00 12 0D 22 93 00 00 01 00 00 12 01 D4 0D 00 00 39 4A 
00 FF FF 00 12 0D 22 93 00 00 01 00 00 12 01 D5 0D 00 00 39 4A 
00 FF FF 00 12 0D 22 93 00 00 01 00 00 12 01 D6 0D 00 00 34 22 
00 FF FF 00 12 0D 22 93 00 00 01 00 00 12 01 D7 0D 00 00 2E D4 
00 FF FF 00 12 0D 22 93 00 00 01 00 00 12 01 D8 0D 00 00 34 F4 
00 FF FF 00 12 0D 22 93 00 00 01 00 00 12 01 DA 0D 00 00 2F 8A 
00 FF FF 00 12 0D 22 93 00 00 01 00 00 12 01 DB 0D 00 00 30 44 
00 FF FF 00 12 0D 22 93 00 00 01 00 00 12 01 DC 0D 00 00 33 54 
00 FF FF 00 12 0D 22 93 00 00 01 00 00 12 01 DD 0D 00 00 39 4A 
00 FF FF 00 12 0D 22 93 00 00 01 00 00 12 01 DE 0D 00 00 35 CA 
00 FF FF 00 12 0D 22 93 00 00 01 00 00 12 01 E0 0D 00 00 38 64 
00 FF FF 00 12 0D 22 93 00 00 01 00 00 12 01 E1 0D 00 00 34 F4 
00 FF FF 00 12 0D 22 93 00 00 01 00 00 12 01 E2 0D 00 00 30 44 
00 FF FF 00 12 0D 22 93 00 00 01 00 00 12 01 E3 0D 00 00 38 64 
00 FF FF 00 12 0D 22 93 00 00 01 00 00 12 01 E4 0D 00 00 3D 0A 
00 FF FF 00 12 0D 22 93 00 00 01 00 00 12 01 E5 0D 00 00 34 F4 
00 FF FF 00 12 0D 22 93 00 00 01 00 00 12 01 E6 0D 00 00 2F 8A 
00 FF FF 00 12 0D 22 93 00 00 01 00 00 12 01 E7 0D 00 00 33 54 
00 FF FF 00 12 0D 22 93 00 00 01 00 00 12 01 E8 0D 00 00 34 22 
00 FF FF 00 12 0D 22 93 00 00 01 00 00 12 01 E9 0D 00 00 2F 8A 
00 FF FF 00 12 0D 22 93 00 00 01 00 00 12 01 EA 0D 00 00 39 4A 
00 FF FF 00 12 0D 22 93 00 00 01 00 00 12 01 EC 0D 00 00 3C 14 
00 FF FF 00 12 0D 22 93 00 00 01 00 00 12 01 EE 0D 00 00 34 22 
00 FF FF 00 12 0D 22 93 00 00 01 00 00 12 01 EF 0D 00 00 34 22 
00 FF FF 00 12 0D 22 93 00 00 01 00 00 12 01 F0 0D 00 00 38 64 
00 FF FF 00 12 0D 22 93 00 00 01 00 00 12 01 F1 0D 00 00 32 8A 
00 FF FF 00 12 0D 22 93 00 00 01 00 00 12 01 F2 0D 00 00 39 4A 
00 FF FF 00 12 0D 22 93 00 00 01 00 00 12 01 F3 0D 00 00 30 44 
00 FF FF 00 12 0D 22 93 00 00 01 00 00 12 01 F5 0D 00 00 31 02 
00 FF FF 00 12 0D 22 93 00 00 01 00 00 12 01 F6 0D 00 00 2E 22 
00 FF FF 00 12 0D 22 93 00 00 01 00 00 12 01 F7 0D 00 00 39 4A 
00 FF FF 00 12 0D 22 93 00 00 01 00 00 12 01 F9 0D 00 00 36 A4 
00 FF FF 00 12 0D 22 93 00 00 01 00 00 12 01 FA 0D 00 00 2D 74 
00 FF FF 00 12 0D 22 93 00 00 01 00 00 12 01 FC 0D 00 00 38 64 
00 FF FF 00 12 0D 22 93 00 00 01 00 00 12 01 FD 0D 00 00 3D 0A 
00 FF FF 00 12 0D 22 93 00 00 01 00 00 12 01 FE 0D 00 00 35 CA 
00 FF FF 00 12 0D 22 93 00 00 01 00 00 12 01 FF 0D 00 00 39 4A 
00 FF FF 00 12 0D 22 93 00 00 01 00 00 12 02 00 0D 00 00 3C 14 
00 FF FF 00 12 0D 22 93 00 00 01 00 00 12 02 01 0D 00 00 30 44 
00 FF FF 00 12 0D 22 93 00 00 01 00 00 12 02 02 0D 00 00 31 02 
00 FF FF 00 12 0D 22 93 00 00 01 00 00 12 02 03 0D 00 00 37 82 
00 FF FF 00 12 0D 22 93 00 00 01 00 00 12 02 05 0D 00 00 33 54 
00 FF FF 00 12 0D 22 93 00 00 01 00 00 12 02 06 0D 00 00 35 CA 
00 FF FF 00 12 0D 22 93 00 00 01 00 00 12 02 07 0D 00 00 34 22 
00 FF FF 00 12 0D 22 93 00 00 01 00 00 12 02 08 0D 00 00 2D 74 
00 FF FF 00 12 0D 22 93 00 00 01 00 00 12 02 09 0D 00 00 37 82 
00 FF FF 00 12 0D 22 93 00 00 01 00 00 12 02 0A 0D 00 00 33 54 
00 FF FF 00 12 0D 22 93 00 00 01 00 00 12 02 0B 0D 00 00 30 44 
00 FF FF 00 12 0D 22 93 00 00 01 00 00 12 02 0C 0D 00 00 38 64 
00 FF FF 00 12 0D 22 93 00 00 01 00 00 12 02 0E 0D 00 00 2D 74 
00 FF FF 00 12 0D 22 93 00 00 01 00 00 12 02 0F 0D 00 00 3B 22 
00 FF FF 00 12 0D 22 93 00 00 01 00 00 12 02 10 0D 00 00 33 54 
00 FF FF 00 12 0D 22 93 00 00 01 00 00 12 02 11 0D 00 00 37 82 
00 FF FF 00 12 0D 22 93 00 00 01 00 00 12 02 12 0D 00 00 32 8A 
00 FF FF 00 12 0D 22 93 00 00 01 00 00 12 02 13 0D 00 00 2E 22 
00 FF FF 00 12 0D 22 93 00 00 01 00 00 12 02 14 0D 00 00 3C 14 
00 FF FF 00 12 0D 22 93 00 00 01 00 00 12 02 15 0D 00 00 37 82 
00 FF FF 00 12 0D 22 93 00 00 01 00 00 12 02 16 0D 00 00 32 8A 
00 FF FF 00 12 0D 22 93 00 00 01 00 00 12 02 18 0D 00 00 2D 74 
00 FF FF 00 12 0D 22 93 00 00 01 00 00 12 02 19 0D 00 00 33 54 
00 FF FF 00 12 0D 22 93 00 00 01 00 00 12 02 1A 0D 00 00 34 F4 
00 FF FF 00 12 0D 22 93 00 00 01 00 00 12 02 1B 0D 00 00 36 A4 
00 FF FF 00 12 0D 22 93 00 00 01 00 00 12 02 1C 0D 00 00 32 8A 
00 FF FF 00 12 0D 22 93 00 00 01 00 00 12 02 1D 0D 00 00 2F 8A 
00 FF FF 00 12 0D 22 93 00 00 01 00 00 12 02 1E 0D 00 00 36 A4 
00 FF FF 00 12 0D 22 93 00 00 01 00 00 12 02 1F 0D 00 00 39 4A 
00 FF FF 00 12 0D 22 93 00 00 01 00 00 12 02 20 0D 00 00 32 8A 
00 FF FF 00 12 0D 22 93 00 00 01 00 00 12 02 21 0D 00 00 2D 74 
00 FF FF 00 12 0D 22 93 00 00 01 00 00 12 02 22 0D 00 00 31 C4 
00 FF FF 00 12 0D 22 93 00 00 01 00 00 12 02 23 0D 00 00 3A 34 
00 FF FF 00 12 0D 22 93 00 00 01 00 00 12 02 24 0D 00 00 2F 8A 
00 FF FF 00 12 0D 22 93 00 00 01 00 00 12 02 25 0D 00 00 3C 14 
00 FF FF 00 12 0D 22 93 00 00 01 00 00 12 02 27 0D 00 00 3B 22 
00 FF FF 00 12 0D 22 93 00 00 01 00 00 12 02 29 0D 00 00 39 4A 
00 FF FF 00 12 0D 22 93 00 00 01 00 00 12 02 2A 0D 00 00 3A 34 
00 FF FF 00 12 0D 22 93 00 00 01 00 00 12 02 2B 0D 00 00 2D 74 
00 FF FF 00 12 0D 22 93 00 00 01 00 00 12 02 2C 0D 00 00 30 44 
00 FF FF 00 12 0D 22 93 00 00 01 00 00 12 02 2D 0D 00 00 2D 74 
00 FF FF 00 12 0D 22 93 00 00 01 00 00 12 02 2E 0D 00 00 2E D4 
00 FF FF 00 12 0D 22 93 00 00 01 00 00 12 02 2F 0D 00 00 30 44 
00 FF FF 00 12 0D 22 93 00 00 01 00 00 12 02 30 0D 00 00 31 02 
00 FF FF 00 12 0D 22 93 00 00 01 00 00 12 02 31 0D 00 00 39 4A 
00 FF FF 00 12 0D 22 93 00 00 01 00 00 12 02 32 0D 00 00 35 CA 
00 FF FF 00 12 0D 22 93 00 00 01 00 00 12 02 33 0D 00 00 31 C4 
00 FF FF 00 12 0D 22 93 00 00 01 00 00 12 02 34 0D 00 00 3C 14 
00 FF FF 00 12 0D 22 93 00 00 01 00 00 12 02 35 0D 00 00 2E 22 
00 FF FF 00 12 0D 22 93 00 00 01 00 00 12 02 36 0D 00 00 30 44 
00 FF FF 00 12 0D 22 93 00 00 01 00 00 12 02 37 0D 00 00 2C CA 
00 FF FF 00 12 0D 22 93 00 00 01 00 00 12 02 38 0D 00 00 33 54 
00 FF FF 00 12 0D 22 93 00 00 01 00 00 12 02 39 0D 00 00 31 C4 
00 FF FF 00 12 0D 22 93 00 00 01 00 00 12 02 3A 0D 00 00 36 A4 
00 FF FF 00 12 0D 22 93 00 00 01 00 00 12 02 3B 0D 00 00 35 CA 
00 FF FF 00 12 0D 22 93 00 00 01 00 00 12 02 3C 0D 00 00 37 82 
00 FF FF 00 12 0D 22 93 00 00 01 00 00 12 02 3D 0D 00 00 3C 14 
00 FF FF 00 12 0D 22 93 00 00 01 00 00 12 02 3E 0D 00 00 35 CA 
00 FF FF 00 12 0D 22 93 00 00 01 00 00 12 02 3F 0D 00 00 3A 34 
00 FF FF 00 12 0D 22 93 00 00 01 00 00 12 02 40 0D 00 00 35 CA 
00 FF FF 00 12 0D 22 93 00 00 01 00 00 12 02 41 0D 00 00 3C 14 
00 FF FF 00 12 0D 22 93 00 00 01 00 00 12 02 42 0D 00 00 3A 34 
00 FF FF 00 12 0D 22 93 00 00 01 00 00 12 02 43 0D 00 00 2D 74 
00 FF FF 00 12 0D 22 93 00 00 01 00 00 12 02 44 0D 00 00 2E D4 
00 FF FF 00 12 0D 22 93 00 00 01 00 00 12 02 45 0D 00 00 31 02 
00 FF FF 00 12 0D 22 93 00 00 01 00 00 12 02 46 0D 00 00 38 64 
00 FF FF 00 12 0D 22 93 00 00 01 00 00 12 02 47 0D 00 00 34 F4 
00 FF FF 00 12 0D 22 93 00 00 01 00 00 12 02 48 0D 00 00 36 A4 
00 FF FF 00 12 0D 22 93 00 00 01 00 00 12 02 49 0D 00 00 34 22 
00 FF FF 00 12 0D 22 93 00 00 01 00 00 12 02 4B 0D 00 00 31 C4 
00 FF FF 00 12 0D 22 93 00 00 01 00 00 12 02 4C 0D 00 00 3C 14 
00 FF FF 00 12 0D 22 93 00 00 01 00 00 12 02 4D 0D 00 00 2E D4 
00 FF FF 00 12 0D 22 93 00 00 01 00 00 12 02 4E 0D 00 00 33 54 
00 FF FF 00 12 0D 22 93 00 00 01 00 00 12 02 4F 0D 00 00 2E D4 
00 FF FF 00 12 0D 22 93 00 00 01 00 00 12 02 50 0D 00 00 3C 14 
00 FF FF 00 12 0D 22 93 00 00 01 00 00 12 02 51 0D 00 00 37 82 
00 FF FF 00 12 0D 22 93 00 00 01 00 00 12 02 52 0D 00 00 36 A4 
00 FF FF 00 12 0D 22 93 00 00 01 00 00 12 02 54 0D 00 00 31 02 
00 FF FF 00 12 0D 22 93 00 00 01 00 00 12 02 55 0D 00 00 34 22 
00 FF FF 00 12 0D 22 93 00 00 01 00 00 12 02 56 0D 00 00 33 54 
00 FF FF 00 12 0D 22 93 00 00 01 00 00 12 02 57 0D 00 00 32 8A 
00 FF FF 00 12 0D 22 93 00 00 01 00 00 12 02 58 0D 00 00 31 C4 
00 FF FF 00 12 0D 22 93 00 00 01 00 00 12 02 59 0D 00 00 32 8A 
00 FF FF 00 12 0D 22 93 00 00 01 00 00 12 02 5A 0D 00 00 31 02 
00 FF FF 00 12 0D 22 93 00 00 01 00 00 12 02 5B 0D 00 00 36 A4 
00 FF FF 00 12 0D 22 93 00 00 01 00 00 12 02 5D 0D 00 00 2F 8A 
00 FF FF 00 12 0D 22 93 00 00 01 00 00 12 02 5E 0D 00 00 34 22 
00 FF FF 00 12 0D 22 93 00 00 01 00 00 12 02 5F 0D 00 00 32 8A 
00 FF FF 00 12 0D 22 93 00 00 01 00 00 12 02 60 0D 00 00 2E 22 
00 FF FF 00 12 0D 22 93 00 00 01 00 00 12 02 61 0D 00 00 34 F4 
00 FF FF 00 12 0D 22 93 00 00 01 00 00 12 02 62 0D 00 00 31 C4 
00 FF FF 00 12 0D 22 93 00 00 01 00 00 12 02 63 0D 00 00 37 82 
00 FF FF 00 12 0D 22 93 00 00 01 00 00 12 02 64 0D 00 00 35 CA 
00 FF FF 00 12 0D 22 93 00 00 01 00 00 12 02 65 0D 00 00 34 F4 
00 FF FF 00 12 0D 22 93 00 00 01 00 00 12 02 66 0D 00 00 2D 74 
00 FF FF 00 12 0D 22 93 00 00 01 00 00 12 02 67 0D 00 00 34 22 
00 FF FF 00 12 0D 22 93 00 00 01 00 00 12 02 68 0D 00 00 34 22 
00 FF FF 00 12 0D 22 93 00 00 01 00 00 12 02 69 0D 00 00 2D 74 
00 FF FF 00 12 0D 22 93 00 00 01 00 00 12 02 6A 0D 00 00 35 CA 
00 FF FF 00 12 0D 22 93 00 00 01 00 00 12 02 6B 0D 00 00 2F 8A 
00 FF FF 00 12 0D 22 93 00 00 01 00 00 12 02 6C 0D 00 00 2F 8A 
00 FF FF 00 12 0D 22 93 00 00 01 00 00 12 02 6D 0D 00 00 34 F4 
00 FF FF 00 12 0D 22 93 00 00 01 00 00 12 02 6E 0D 00 00 2D 74 
00 FF FF 00 12 0D 22 93 00 00 01 00 00 12 02 6F 0D 00 00 30 44 
00 FF FF 00 12 0D 22 93 00 00 01 00 00 12 02 70 0D 00 00 31 C4 
00 FF FF 00 12 0D 22 93 00 00 01 00 00 12 02 71 0D 00 00 37 82 
00 FF FF 00 12 0D 22 93 00 00 01 00 00 12 02 72 0D 00 00 36 A4 
00 FF FF 00 12 0D 22 93 00 00 01 00 00 12 02 74 0D 00 00 37 82 
00 FF FF 00 12 0D 22 93 00 00 01 00 00 12 02 76 0D 00 00 34 22 
00 FF FF 00 12 0D 22 93 00 00 01 00 00 12 02 77 0D 00 00 37 82 
00 FF FF 00 12 0D 22 93 00 00 01 00 00 12 02 78 0D 00 00 31 C4 
00 FF FF 00 12 0D 22 93 00 00 01 00 00 12 02 79 0D 00 00 3A 34 
00 FF FF 00 12 0D 22 93 00 00 01 00 00 12 02 7A 0D 00 00 2F 8A 
00 FF FF 00 12 0D 22 93 00 00 01 00 00 12 02 7B 0D 00 00 35 CA 
00 FF FF 00 12 0D 22 93 00 00 01 00 00 12 02 7C 0D 00 00 34 22 
00 FF FF 00 12 0D 22 93 00 00 01 00 00 12 02 7D 0D 00 00 37 82 
00 FF FF 00 12 0D 22 93 00 00 01 00 00 12 02 7E 0D 00 00 31 02 
00 FF FF 00 12 0D 22 93 00 00 01 00 00 12 02 7F 0D 00 00 36 A4 
00 FF FF 00 12 0D 22 93 00 00 01 00 00 12 02 80 0D 00 00 37 82 
00 FF FF 00 12 0D 22 93 00 00 01 00 00 12 02 81 0D 00 00 2F 8A 
00 FF FF 00 12 0D 22 93 00 00 01 00 00 12 02 82 0D 00 00 2E 22 
00 FF FF 00 12 0D 22 93 00 00 01 00 00 12 02 83 0D 00 00 3C 14 
00 FF FF 00 12 0D 22 93 00 00 01 00 00 12 02 84 0D 00 00 31 02 
00 FF FF 00 12 0D 22 93 00 00 01 00 00 12 02 85 0D 00 00 34 22 
00 FF FF 00 12 0D 22 93 00 00 01 00 00 12 02 86 0D 00 00 33 54 
00 FF FF 00 12 0D 22 93 00 00 01 00 00 12 02 87 0D 00 00 34 22 
00 FF FF 00 12 0D 22 93 00 00 01 00 00 12 02 88 0D 00 00 34 22 
00 FF FF 00 12 0D 22 93 00 00 01 00 00 12 02 89 0D 00 00 34 F4 
00 FF FF 00 12 0D 22 93 00 00 01 00 00 12 02 8A 0D 00 00 2C 24 
00 FF FF 00 12 0D 22 93 00 00 01 00 00 12 02 8B 0D 00 00 3B 22 
00 FF FF 00 12 0D 22 93 00 00 01 00 00 12 02 8C 0D 00 00 39 4A 
00 FF FF 00 12 0D 22 93 00 00 01 00 00 12 02 8D 0D 00 00 39 4A 
00 FF FF 00 12 0D 22 93 00 00 01 00 00 12 02 8F 0D 00 00 3D 0A 
00 FF FF 00 12 0D 22 93 00 00 01 00 00 12 02 90 0D 00 00 36 A4 
00 FF FF 00 12 0D 22 93 00 00 01 00 00 12 02 91 0D 00 00 36 A4 
00 FF FF 00 12 0D 22 93 00 00 01 00 00 12 02 92 0D 00 00 33 54 
00 FF FF 00 12 0D 22 93 00 00 01 00 00 12 02 93 0D 00 00 34 F4 
00 FF FF 00 12 0D 22 93 00 00 01 00 00 12 02 94 0D 00 00 2D 74 
00 FF FF 00 12 0D 22 93 00 00 01 00 00 12 02 95 0D 00 00 38 64 
00 FF FF 00 12 0D 22 93 00 00 01 00 00 12 02 96 0D 00 00 2E 22 
00 FF FF 00 12 0D 22 93 00 00 01 00 00 12 02 97 0D 00 00 2D 74 
00 FF FF 00 12 0D 22 93 00 00 01 00 00 12 02 98 0D 00 00 2E 22 
00 FF FF 00 12 0D 22 93 00 00 01 00 00 12 02 99 0D 00 00 3B 22 
00 FF FF 00 12 0D 22 93 00 00 01 00 00 12 02 9A 0D 00 00 3C 14 
00 FF FF 00 12 0D 22 93 00 00 01 00 00 12 02 9B 0D 00 00 31 C4 
00 FF FF 00 12 0D 22 93 00 00 01 00 00 12 02 9C 0D 00 00 34 F4 
00 FF FF 00 12 0D 22 93 00 00 01 00 00 12 02 9D 0D 00 00 37 82 
00 FF FF 00 12 0D 22 93 00 00 01 00 00 12 02 9E 0D 00 00 34 22 
00 FF FF 00 12 0D 22 93 00 00 01 00 00 12 02 9F 0D 00 00 3A 34 
00 FF FF 00 12 0D 22 93 00 00 01 00 00 12 02 A0 0D 00 00 35 09 
00 FF FF 00 12 0D 22 93 00 00 01 00 00 12 02 A1 0D 00 00 33 54 
00 FF FF 00 12 0D 22 93 00 00 01 00 00 12 02 A2 0D 00 00 3C 14 
00 FF FF 00 12 0D 22 93 00 00 01 00 00 12 02 A3 0D 00 00 2E D4 
00 FF FF 00 12 0D 22 93 00 00 01 00 00 12 02 A4 0D 00 00 33 54 
00 FF FF 00 12 0D 22 93 00 00 01 00 00 12 02 A5 0D 00 00 39 4A 
00 FF FF 00 12 0D 22 93 00 00 01 00 00 12 02 A6 0D 00 00 3C 14 
00 FF FF 00 12 0D 22 93 00 00 01 00 00 12 02 A7 0D 00 00 2E D4 
00 FF FF 00 12 0D 22 93 00 00 01 00 00 12 02 A8 0D 00 00 37 82 
00 FF FF 00 12 0D 22 93 00 00 01 00 00 12 02 A9 0D 00 00 3A 34 
00 FF FF 00 12 0D 22 93 00 00 01 00 00 12 02 AA 0D 00 00 32 8A 
00 FF FF 00 12 0D 22 93 00 00 01 00 00 12 02 AB 0D 00 00 2F 8A 
00 FF FF 00 12 0D 22 93 00 00 01 00 00 12 02 AC 0D 00 00 30 44 
00 FF FF 00 12 0D 22 93 00 00 01 00 00 12 02 AD 0D 00 00 37 82 
00 FF FF 00 12 0D 22 93 00 00 01 00 00 12 02 AE 0D 00 00 31 02 
00 FF FF 00 12 0D 22 93 00 00 01 00 00 12 02 AF 0D 00 00 30 44 
00 FF FF 00 12 0D 22 93 00 00 01 00 00 12 02 B0 0D 00 00 34 F4 
00 FF FF 00 12 0D 22 93 00 00 01 00 00 12 02 B1 0D 00 00 3C 14 
00 FF FF 00 12 0D 22 93 00 00 01 00 00 12 02 B3 0D 00 00 34 F4 
00 FF FF 00 12 0D 22 93 00 00 01 00 00 12 02 B4 0D 00 00 30 44 
00 FF FF 00 12 0D 22 93 00 00 01 00 00 12 02 B5 0D 00 00 38 64 
00 FF FF 00 12 0D 22 93 00 00 01 00 00 12 02 B6 0D 00 00 3B 22 
00 FF FF 00 12 0D 22 93 00 00 01 00 00 12 02 B7 0D 00 00 31 02 
00 FF FF 00 12 0D 22 93 00 00 01 00 00 12 02 B8 0D 00 00 34 F4 
00 FF FF 00 12 0D 22 93 00 00 01 00 00 12 02 B9 0D 00 00 33 54 
00 FF FF 00 12 0D 22 93 00 00 01 00 00 12 02 BA 0D 00 00 38 64 
00 FF FF 00 12 0D 22 93 00 00 01 00 00 12 02 BC 0D 00 00 2E 22 
00 FF FF 00 12 0D 22 93 00 00 01 00 00 12 02 BE 0D 00 00 35 CA 
00 FF FF 00 12 0D 22 93 00 00 01 00 00 12 02 BF 0D 00 00 31 C4 
00 FF FF 00 12 0D 22 93 00 00 01 00 00 12 02 C0 0D 00 00 3C 14 
00 FF FF 00 12 0D 22 93 00 00 01 00 00 12 02 C1 0D 00 00 33 54 
00 FF FF 00 12 0D 22 93 00 00 01 00 00 12 02 C2 0D 00 00 2E D4 
00 FF FF 00 12 0D 22 93 00 00 01 00 00 12 02 C3 0D 00 00 31 C4 
00 FF FF 00 12 0D 22 93 00 00 01 00 00 12 02 C4 0D 00 00 31 02 
00 FF FF 00 12 0D 22 93 00 00 01 00 00 12 02 C5 0D 00 00 32 8A 
00 FF FF 00 12 0D 22 93 00 00 01 00 00 12 02 C6 0D 00 00 31 C4 
00 FF FF 00 12 0D 22 93 00 00 01 00 00 12 02 C7 0D 00 00 2D 74 
00 FF FF 00 12 0D 22 93 00 00 01 00 00 12 02 C8 0D 00 00 37 82 
00 FF FF 00 12 0D 22 93 00 00 01 00 00 12 02 C9 0D 00 00 35 CA 
00 FF FF 00 12 0D 22 93 00 00 01 00 00 12 02 CA 0D 00 00 34 F4 
00 FF FF 00 12 0D 22 93 00 00 01 00 00 12 02 CB 0D 00 00 2E D4 
00 FF FF 00 12 0D 22 93 00 00 01 00 00 12 02 CC 0D 00 00 31 C4 
00 FF FF 00 12 0D 22 93 00 00 01 00 00 12 02 CD 0D 00 00 34 F4 
00 FF FF 00 12 0D 22 93 00 00 01 00 00 12 02 CE 0D 00 00 3B 22 
00 FF FF 00 12 0D 22 93 00 00 01 00 00 12 02 CF 0D 00 00 2E 22 
00 FF FF 00 12 0D 22 93 00 00 01 00 00 12 02 D0 0D 00 00 2E D4 
00 FF FF 00 12 0D 22 93 00 00 01 00 00 12 02 D2 0D 00 00 34 22 
00 FF FF 00 12 0D 22 93 00 00 01 00 00 12 02 D3 0D 00 00 3B 22 
00 FF FF 00 12 0D 22 93 00 00 01 00 00 12 02 D4 0D 00 00 30 44 
00 FF FF 00 12 0D 22 93 00 00 01 00 00 12 02 D5 0D 00 00 3A 34 
00 FF FF 00 12 0D 22 93 00 00 01 00 00 12 02 D6 0D 00 00 34 F4 
00 FF FF 00 12 0D 22 93 00 00 01 00 00 12 02 D7 0D 00 00 34 F4 
00 FF FF 00 12 0D 22 93 00 00 01 00 00 12 02 D8 0D 00 00 35 CA 
00 FF FF 00 12 0D 22 93 00 00 01 00 00 12 02 D9 0D 00 00 2F 8A 
00 FF FF 00 12 0D 22 93 00 00 01 00 00 12 02 DA 0D 00 00 38 64 
00 FF FF 00 12 0D 22 93 00 00 01 00 00 12 02 DB 0D 00 00 37 82 
00 FF FF 00 12 0D 22 93 00 00 01 00 00 12 02 DC 0D 00 00 32 8A 
00 FF FF 00 12 0D 22 93 00 00 01 00 00 12 02 DD 0D 00 00 34 22 
00 FF FF 00 12 0D 22 93 00 00 01 00 00 12 02 DE 0D 00 00 3C 14 
00 FF FF 00 12 0D 22 93 00 00 01 00 00 12 02 DF 0D 00 00 39 4A 
00 FF FF 00 12 0D 22 93 00 00 01 00 00 12 02 E0 0D 00 00 30 44 
00 FF FF 00 12 0D 22 93 00 00 01 00 00 12 02 E1 0D 00 00 36 A4 
00 FF FF 00 12 0D 22 93 00 00 01 00 00 12 02 E2 0D 00 00 2E D4 
00 FF FF 00 12 0D 22 93 00 00 01 00 00 12 02 E3 0D 00 00 35 CA 
00 FF FF 00 12 0D 22 93 00 00 01 00 00 12 02 E4 0D 00 00 3B 22 
00 FF FF 00 12 0D 22 93 00 00 01 00 00 12 02 E5 0D 00 00 3B 22 
00 FF FF 00 12 0D 22 93 00 00 01 00 00 12 02 E6 0D 00 00 35 CA 
00 FF FF 00 12 0D 22 93 00 00 01 00 00 12 02 E7 0D 00 00 2F 8A 
00 FF FF 00 12 0D 22 93 00 00 01 00 00 12 02 E9 0D 00 00 34 F4 
00 FF FF 00 12 0D 22 93 00 00 01 00 00 12 02 EA 0D 00 00 32 8A 
00 FF FF 00 12 0D 22 93 00 00 01 00 00 12 02 EC 0D 00 00 36 A4 
00 FF FF 00 12 0D 22 93 00 00 01 00 00 12 02 ED 0D 00 00 3B 22 
00 FF FF 00 12 0D 22 93 00 00 01 00 00 12 02 EE 0D 00 00 37 82 
00 FF FF 00 12 0D 22 93 00 00 01 00 00 12 02 F0 0D 00 00 30 44 
00 FF FF 00 12 0D 22 93 00 00 01 00 00 12 02 F1 0D 00 00 34 F4 
00 FF FF 00 12 0D 22 93 00 00 01 00 00 12 02 F2 0D 00 00 3A 34 
00 FF FF 00 12 0D 22 93 00 00 01 00 00 12 02 F3 0D 00 00 32 8A 
