00 FF FF 00 10 0D 22 93 00 00 02 00 00 10 11 2E 0C 00 00 1C AC 
00 FF FF 00 10 0D 22 93 00 00 02 00 00 10 11 2F 0C 00 00 2B 01 
00 FF FF 00 10 0D 22 93 00 00 02 00 00 10 11 30 0C 00 00 34 F4 
00 FF FF 00 10 0D 22 93 00 00 02 00 00 10 11 31 0C 00 00 31 C4 
00 FF FF 00 10 0D 22 93 00 00 02 00 00 10 11 32 0C 00 00 2F 8A 
00 FF FF 00 10 0D 22 93 00 00 02 00 00 10 11 33 0C 00 00 33 D2 
00 FF FF 00 10 0D 22 93 00 00 02 00 00 10 11 34 0C 00 00 23 A5 
00 FF FF 00 10 0D 22 93 00 00 02 00 00 10 11 35 0C 00 00 1E D8 
00 FF FF 00 10 0D 22 93 00 00 02 00 00 10 11 36 0C 00 00 18 05 
00 FF FF 00 10 0D 22 93 00 00 02 00 00 10 11 37 0C 00 00 23 79 
00 FF FF 00 10 0D 22 93 00 00 02 00 00 10 11 38 0C 00 00 2A AB 
00 FF FF 00 10 0D 22 93 00 00 02 00 00 10 11 39 0C 00 00 30 44 
00 FF FF 00 10 0D 22 93 00 00 02 00 00 10 11 3A 0C 00 00 30 44 
00 FF FF 00 10 0D 22 93 00 00 02 00 00 10 11 3B 0C 00 00 31 02 
00 FF FF 00 10 0D 22 93 00 00 02 00 00 10 11 3C 0C 00 00 2E B3 
00 FF FF 00 10 0D 22 93 00 00 02 00 00 10 11 3D 0C 00 00 23 CD 
00 FF FF 00 10 0D 22 93 00 00 02 00 00 10 11 3E 0C 00 00 1A 5E 
00 FF FF 00 10 0D 22 93 00 00 02 00 00 10 11 3F 0C 00 00 1B 4D 
00 FF FF 00 10 0D 22 93 00 00 02 00 00 10 11 40 0C 00 00 24 11 
00 FF FF 00 10 0D 22 93 00 00 02 00 00 10 11 41 0C 00 00 34 D0 
00 FF FF 00 10 0D 22 93 00 00 02 00 00 10 11 42 0C 00 00 35 CA 
00 FF FF 00 10 0D 22 93 00 00 02 00 00 10 11 43 0C 00 00 3A 34 
00 FF FF 00 10 0D 22 93 00 00 02 00 00 10 11 44 0C 00 00 25 22 
00 FF FF 00 10 0D 22 93 00 00 02 00 00 10 11 45 0C 00 00 2E 90 
00 FF FF 00 10 0D 22 93 00 00 02 00 00 10 11 46 0C 00 00 1F B6 
00 FF FF 00 10 0D 22 93 00 00 02 00 00 10 11 47 0C 00 00 18 29 
00 FF FF 00 10 0D 22 93 00 00 02 00 00 10 11 48 0C 00 00 1A DA 
00 FF FF 00 10 0D 22 93 00 00 02 00 00 10 11 49 0C 00 00 28 2A 
00 FF FF 00 10 0D 22 93 00 00 02 00 00 10 11 4A 0C 00 00 31 C4 
00 FF FF 00 10 0D 22 93 00 00 02 00 00 10 11 4B 0C 00 00 23 3D 
00 FF FF 00 10 0D 22 93 00 00 02 00 00 10 11 4C 0C 00 00 32 8A 
00 FF FF 00 10 0D 22 93 00 00 02 00 00 10 11 4D 0C 00 00 2E 72 
00 FF FF 00 10 0D 22 93 00 00 02 00 00 10 11 4E 0C 00 00 2A 41 
00 FF FF 00 10 0D 22 93 00 00 02 00 00 10 11 4F 0C 00 00 1D 92 
00 FF FF 00 10 0D 22 93 00 00 02 00 00 10 11 50 0C 00 00 19 CE 
00 FF FF 00 10 0D 22 93 00 00 02 00 00 10 11 51 0C 00 00 19 5B 
00 FF FF 00 10 0D 22 93 00 00 02 00 00 10 11 52 0C 00 00 25 22 
00 FF FF 00 10 0D 22 93 00 00 02 00 00 10 11 53 0C 00 00 32 8A 
00 FF FF 00 10 0D 22 93 00 00 02 00 00 10 11 54 0C 00 00 34 F4 
00 FF FF 00 10 0D 22 93 00 00 02 00 00 10 11 55 0C 00 00 32 8A 
00 FF FF 00 10 0D 22 93 00 00 02 00 00 10 11 56 0C 00 00 37 59 
00 FF FF 00 10 0D 22 93 00 00 02 00 00 10 11 57 0C 00 00 25 71 
00 FF FF 00 10 0D 22 93 00 00 02 00 00 10 11 58 0C 00 00 1D 22 
00 FF FF 00 10 0D 22 93 00 00 02 00 00 10 11 59 0C 00 00 16 B6 
00 FF FF 00 10 0D 22 93 00 00 02 00 00 10 11 5A 0C 00 00 1F E5 
00 FF FF 00 10 0D 22 93 00 00 02 00 00 10 11 5B 0C 00 00 18 AB 
00 FF FF 00 10 0D 22 93 00 00 02 00 00 10 11 5C 0C 00 00 32 8A 
00 FF FF 00 10 0D 22 93 00 00 02 00 00 10 11 5D 0C 00 00 36 A4 
00 FF FF 00 10 0D 22 93 00 00 02 00 00 10 11 5E 0C 00 00 34 B5 
00 FF FF 00 10 0D 22 93 00 00 02 00 00 10 11 5F 0C 00 00 2F D8 
00 FF FF 00 10 0D 22 93 00 00 02 00 00 10 11 60 0C 00 00 22 5B 
00 FF FF 00 10 0D 22 93 00 00 02 00 00 10 11 61 0C 00 00 18 71 
00 FF FF 00 10 0D 22 93 00 00 02 00 00 10 11 62 0C 00 00 18 11 
00 FF FF 00 10 0D 22 93 00 00 02 00 00 10 11 63 0C 00 00 23 30 
00 FF FF 00 10 0D 22 93 00 00 02 00 00 10 11 64 0C 00 00 2E D4 
00 FF FF 00 10 0D 22 93 00 00 02 00 00 10 11 65 0C 00 00 3E 05 
00 FF FF 00 10 0D 22 93 00 00 02 00 00 10 11 66 0C 00 00 35 CA 
00 FF FF 00 10 0D 22 93 00 00 02 00 00 10 11 67 0C 00 00 33 3D 
00 FF FF 00 10 0D 22 93 00 00 02 00 00 10 11 68 0C 00 00 2D 59 
00 FF FF 00 10 0D 22 93 00 00 02 00 00 10 11 69 0C 00 00 1F 19 
00 FF FF 00 10 0D 22 93 00 00 02 00 00 10 11 6A 0C 00 00 17 3D 
00 FF FF 00 10 0D 22 93 00 00 02 00 00 10 11 6B 0C 00 00 1A D3 
00 FF FF 00 10 0D 22 93 00 00 02 00 00 10 11 6C 0C 00 00 2E 3D 
00 FF FF 00 10 0D 22 93 00 00 02 00 00 10 11 6D 0C 00 00 2D A3 
00 FF FF 00 10 0D 22 93 00 00 02 00 00 10 11 6E 0C 00 00 3B 22 
00 FF FF 00 10 0D 22 93 00 00 02 00 00 10 11 6F 0C 00 00 38 64 
00 FF FF 00 10 0D 22 93 00 00 02 00 00 10 11 70 0C 00 00 37 59 
00 FF FF 00 10 0D 22 93 00 00 02 00 00 10 11 71 0C 00 00 29 99 
00 FF FF 00 10 0D 22 93 00 00 02 00 00 10 11 72 0C 00 00 1C 66 
00 FF FF 00 10 0D 22 93 00 00 02 00 00 10 11 73 0C 00 00 1C 5B 
00 FF FF 00 10 0D 22 93 00 00 02 00 00 10 11 74 0C 00 00 1B AD 
00 FF FF 00 10 0D 22 93 00 00 02 00 00 10 11 75 0C 00 00 2C 79 
00 FF FF 00 10 0D 22 93 00 00 02 00 00 10 11 76 0C 00 00 06 56 
00 FF FF 00 10 0D 22 93 00 00 02 00 00 10 11 77 0C 00 00 20 3D 
00 FF FF 00 10 0D 22 93 00 00 02 00 00 10 11 78 0C 00 00 13 DD 
00 FF FF 00 10 0D 22 93 00 00 02 00 00 10 11 79 0C 00 00 35 8A 
00 FF FF 00 10 0D 22 93 00 00 02 00 00 10 11 7A 0C 00 00 23 CD 
00 FF FF 00 10 0D 22 93 00 00 02 00 00 10 11 7B 0C 00 00 19 EA 
00 FF FF 00 10 0D 22 93 00 00 02 00 00 10 11 7C 0C 00 00 19 2A 
00 FF FF 00 10 0D 22 93 00 00 02 00 00 10 11 7D 0C 00 00 15 35 
00 FF FF 00 10 0D 22 93 00 00 02 00 00 10 11 7E 0C 00 00 30 9B 
00 FF FF 00 10 0D 22 93 00 00 02 00 00 10 11 7F 0C 00 00 19 11 
00 FF FF 00 10 0D 22 93 00 00 02 00 00 10 11 80 0C 00 00 3A 34 
00 FF FF 00 10 0D 22 93 00 00 02 00 00 10 11 81 0C 00 00 33 54 
00 FF FF 00 10 0D 22 93 00 00 02 00 00 10 11 82 0C 00 00 27 B1 
00 FF FF 00 10 0D 22 93 00 00 02 00 00 10 11 83 0C 00 00 21 3E 
00 FF FF 00 10 0D 22 93 00 00 02 00 00 10 11 85 0C 00 00 1E B8 
00 FF FF 00 10 0D 22 93 00 00 02 00 00 10 11 86 0C 00 00 20 A5 
00 FF FF 00 10 0D 22 93 00 00 02 00 00 10 11 87 0C 00 00 3A 34 
00 FF FF 00 10 0D 22 93 00 00 02 00 00 10 11 88 0C 00 00 34 22 
00 FF FF 00 10 0D 22 93 00 00 02 00 00 10 11 89 0C 00 00 34 F4 
00 FF FF 00 10 0D 22 93 00 00 02 00 00 10 11 8A 0C 00 00 35 CA 
00 FF FF 00 10 0D 22 93 00 00 02 00 00 10 11 8B 0C 00 00 17 29 
00 FF FF 00 10 0D 22 93 00 00 02 00 00 10 11 8C 0C 00 00 1E 33 
00 FF FF 00 10 0D 22 93 00 00 02 00 00 10 11 8D 0C 00 00 19 B5 
00 FF FF 00 10 0D 22 93 00 00 02 00 00 10 11 8E 0C 00 00 1C 6B 
00 FF FF 00 10 0D 22 93 00 00 02 00 00 10 11 8F 0C 00 00 2C 88 
00 FF FF 00 10 0D 22 93 00 00 02 00 00 10 11 90 0C 00 00 20 12 
00 FF FF 00 10 0D 22 93 00 00 02 00 00 10 11 91 0C 00 00 38 64 
00 FF FF 00 10 0D 22 93 00 00 02 00 00 10 11 92 0C 00 00 38 64 
00 FF FF 00 10 0D 22 93 00 00 02 00 00 10 11 93 0C 00 00 32 ED 
00 FF FF 00 10 0D 22 93 00 00 02 00 00 10 11 94 0C 00 00 27 89 
00 FF FF 00 10 0D 22 93 00 00 02 00 00 10 11 95 0C 00 00 1D 8D 
00 FF FF 00 10 0D 22 93 00 00 02 00 00 10 11 96 0C 00 00 17 D0 
00 FF FF 00 10 0D 22 93 00 00 02 00 00 10 11 97 0C 00 00 1D 0D 
00 FF FF 00 10 0D 22 93 00 00 02 00 00 10 11 98 0C 00 00 18 45 
00 FF FF 00 10 0D 22 93 00 00 02 00 00 10 11 99 0C 00 00 1D 85 
00 FF FF 00 10 0D 22 93 00 00 02 00 00 10 11 9A 0C 00 00 33 54 
00 FF FF 00 10 0D 22 93 00 00 02 00 00 10 11 9B 0C 00 00 26 5B 
00 FF FF 00 10 0D 22 93 00 00 02 00 00 10 11 9C 0C 00 00 2C 15 
00 FF FF 00 10 0D 22 93 00 00 02 00 00 10 11 9D 0C 00 00 23 90 
00 FF FF 00 10 0D 22 93 00 00 02 00 00 10 11 9F 0C 00 00 18 ED 
00 FF FF 00 10 0D 22 93 00 00 02 00 00 10 11 A0 0C 00 00 28 36 
00 FF FF 00 10 0D 22 93 00 00 02 00 00 10 11 A1 0C 00 00 30 E5 
00 FF FF 00 10 0D 22 93 00 00 02 00 00 10 11 A2 0C 00 00 21 59 
00 FF FF 00 10 0D 22 93 00 00 02 00 00 10 11 A3 0C 00 00 2F 8A 
00 FF FF 00 10 0D 22 93 00 00 02 00 00 10 11 A4 0C 00 00 35 AB 
00 FF FF 00 10 0D 22 93 00 00 02 00 00 10 11 A5 0C 00 00 06 97 
00 FF FF 00 10 0D 22 93 00 00 02 00 00 10 11 A6 0C 00 00 07 4D 
00 FF FF 00 10 0D 22 93 00 00 02 00 00 10 11 A7 0C 00 00 0B D5 
00 FF FF 00 10 0D 22 93 00 00 02 00 00 10 11 A8 0C 00 00 1D 4B 
00 FF FF 00 10 0D 22 93 00 00 02 00 00 10 11 A9 0C 00 00 07 0C 
00 FF FF 00 10 0D 22 93 00 00 02 00 00 10 11 AA 0C 00 00 17 FA 
00 FF FF 00 10 0D 22 93 00 00 02 00 00 10 11 AB 0C 00 00 39 4A 
00 FF FF 00 10 0D 22 93 00 00 02 00 00 10 11 AC 0C 00 00 01 A6 
00 FF FF 00 10 0D 22 93 00 00 02 00 00 10 11 AD 0C 00 00 1A 8A 
00 FF FF 00 10 0D 22 93 00 00 02 00 00 10 11 AE 0C 00 00 02 AB 
00 FF FF 00 10 0D 22 93 00 00 02 00 00 10 11 AF 0C 00 00 1D 0D 
00 FF FF 00 10 0D 22 93 00 00 02 00 00 10 11 B0 0C 00 00 12 C6 
00 FF FF 00 10 0D 22 93 00 00 02 00 00 10 11 B1 0C 00 00 1F 3A 
00 FF FF 00 10 0D 22 93 00 00 02 00 00 10 11 B2 0C 00 00 28 41 
00 FF FF 00 10 0D 22 93 00 00 02 00 00 10 11 B3 0C 00 00 1E C2 
00 FF FF 00 10 0D 22 93 00 00 02 00 00 10 11 B4 0C 00 00 31 C4 
00 FF FF 00 10 0D 22 93 00 00 02 00 00 10 11 B5 0C 00 00 3A 34 
00 FF FF 00 10 0D 22 93 00 00 02 00 00 10 11 B6 0C 00 00 2F C6 
00 FF FF 00 10 0D 22 93 00 00 02 00 00 10 11 B7 0C 00 00 27 9E 
00 FF FF 00 10 0D 22 93 00 00 02 00 00 10 11 B8 0C 00 00 1B 5E 
00 FF FF 00 10 0D 22 93 00 00 02 00 00 10 11 B9 0C 00 00 11 7E 
00 FF FF 00 10 0D 22 93 00 00 02 00 00 10 11 BA 0C 00 00 1E D0 
00 FF FF 00 10 0D 22 93 00 00 02 00 00 10 11 BB 0C 00 00 37 82 
00 FF FF 00 10 0D 22 93 00 00 02 00 00 10 11 BC 0C 00 00 30 44 
00 FF FF 00 10 0D 22 93 00 00 02 00 00 10 11 BD 0C 00 00 31 C4 
00 FF FF 00 10 0D 22 93 00 00 02 00 00 10 11 BE 0C 00 00 26 DC 
00 FF FF 00 10 0D 22 93 00 00 02 00 00 10 11 BF 0C 00 00 34 39 
00 FF FF 00 10 0D 22 93 00 00 02 00 00 10 11 C0 0C 00 00 3C 19 
00 FF FF 00 10 0D 22 93 00 00 02 00 00 10 11 C1 0C 00 00 39 4A 
00 FF FF 00 10 0D 22 93 00 00 02 00 00 10 11 C2 0C 00 00 2E F9 
00 FF FF 00 10 0D 22 93 00 00 02 00 00 10 11 C3 0C 00 00 24 7D 
00 FF FF 00 10 0D 22 93 00 00 02 00 00 10 11 C4 0C 00 00 36 A4 
00 FF FF 00 10 0D 22 93 00 00 02 00 00 10 11 C5 0C 00 00 34 39 
00 FF FF 00 10 0D 22 93 00 00 02 00 00 10 11 C6 0C 00 00 2D 74 
00 FF FF 00 10 0D 22 93 00 00 02 00 00 10 11 C7 0C 00 00 3B 22 
00 FF FF 00 10 0D 22 93 00 00 02 00 00 10 11 C8 0C 00 00 2D 4B 
00 FF FF 00 10 0D 22 93 00 00 02 00 00 10 11 C9 0C 00 00 20 79 
00 FF FF 00 10 0D 22 93 00 00 02 00 00 10 11 CA 0C 00 00 18 48 
00 FF FF 00 10 0D 22 93 00 00 02 00 00 10 11 CB 0C 00 00 1A 19 
00 FF FF 00 10 0D 22 93 00 00 02 00 00 10 11 CC 0C 00 00 22 6B 
00 FF FF 00 10 0D 22 93 00 00 02 00 00 10 11 CD 0C 00 00 16 3D 
00 FF FF 00 10 0D 22 93 00 00 02 00 00 10 11 CE 0C 00 00 2F 8A 
00 FF FF 00 10 0D 22 93 00 00 02 00 00 10 11 CF 0C 00 00 39 4A 
00 FF FF 00 10 0D 22 93 00 00 02 00 00 10 11 D0 0C 00 00 2F C6 
00 FF FF 00 10 0D 22 93 00 00 02 00 00 10 11 D1 0C 00 00 29 98 
00 FF FF 00 10 0D 22 93 00 00 02 00 00 10 11 D2 0C 00 00 1A 4E 
00 FF FF 00 10 0D 22 93 00 00 02 00 00 10 11 D3 0C 00 00 1A 32 
00 FF FF 00 10 0D 22 93 00 00 02 00 00 10 11 D4 0C 00 00 14 D9 
00 FF FF 00 10 0D 22 93 00 00 02 00 00 10 11 D5 0C 00 00 29 BD 
00 FF FF 00 10 0D 22 93 00 00 02 00 00 10 11 D6 0C 00 00 35 09 
00 FF FF 00 10 0D 22 93 00 00 02 00 00 10 11 D7 0C 00 00 21 15 
00 FF FF 00 10 0D 22 93 00 00 02 00 00 10 11 D8 0C 00 00 36 A4 
00 FF FF 00 10 0D 22 93 00 00 02 00 00 10 11 D9 0C 00 00 2A E5 
00 FF FF 00 10 0D 22 93 00 00 02 00 00 10 11 DA 0C 00 00 12 B8 
00 FF FF 00 10 0D 22 93 00 00 02 00 00 10 11 DB 0C 00 00 26 F6 
00 FF FF 00 10 0D 22 93 00 00 02 00 00 10 11 DC 0C 00 00 1E 6B 
00 FF FF 00 10 0D 22 93 00 00 02 00 00 10 11 DD 0C 00 00 2A A2 
00 FF FF 00 10 0D 22 93 00 00 02 00 00 10 11 DE 0C 00 00 1E D4 
00 FF FF 00 10 0D 22 93 00 00 02 00 00 10 11 DF 0C 00 00 39 4A 
00 FF FF 00 10 0D 22 93 00 00 02 00 00 10 11 E0 0C 00 00 2E 22 
00 FF FF 00 10 0D 22 93 00 00 02 00 00 10 11 E1 0C 00 00 3A 29 
00 FF FF 00 10 0D 22 93 00 00 02 00 00 10 11 E2 0C 00 00 2A 4E 
00 FF FF 00 10 0D 22 93 00 00 02 00 00 10 11 E3 0C 00 00 22 32 
00 FF FF 00 10 0D 22 93 00 00 02 00 00 10 11 E4 0C 00 00 17 82 
00 FF FF 00 10 0D 22 93 00 00 02 00 00 10 11 E5 0C 00 00 13 2E 
00 FF FF 00 10 0D 22 93 00 00 02 00 00 10 11 E6 0C 00 00 25 BA 
00 FF FF 00 10 0D 22 93 00 00 02 00 00 10 11 E7 0C 00 00 3C 14 
00 FF FF 00 10 0D 22 93 00 00 02 00 00 10 11 E8 0C 00 00 37 82 
00 FF FF 00 10 0D 22 93 00 00 02 00 00 10 11 E9 0C 00 00 3B 22 
00 FF FF 00 10 0D 22 93 00 00 02 00 00 10 11 EA 0C 00 00 2F 13 
00 FF FF 00 10 0D 22 93 00 00 02 00 00 10 11 EB 0C 00 00 2A 52 
00 FF FF 00 10 0D 22 93 00 00 02 00 00 10 11 EC 0C 00 00 1D A5 
00 FF FF 00 10 0D 22 93 00 00 02 00 00 10 11 ED 0C 00 00 17 DA 
00 FF FF 00 10 0D 22 93 00 00 02 00 00 10 11 EE 0C 00 00 1A 09 
00 FF FF 00 10 0D 22 93 00 00 02 00 00 10 11 EF 0C 00 00 0E 63 
00 FF FF 00 10 0D 22 93 00 00 02 00 00 10 11 F0 0C 00 00 32 8A 
00 FF FF 00 10 0D 22 93 00 00 02 00 00 10 11 F1 0C 00 00 36 A4 
00 FF FF 00 10 0D 22 93 00 00 02 00 00 10 11 F2 0C 00 00 0F 3F 
00 FF FF 00 10 0D 22 93 00 00 02 00 00 10 11 F3 0C 00 00 3A 28 
00 FF FF 00 10 0D 22 93 00 00 02 00 00 10 11 F4 0C 00 00 27 99 
00 FF FF 00 10 0D 22 93 00 00 02 00 00 10 11 F5 0C 00 00 1B 1D 
00 FF FF 00 10 0D 22 93 00 00 02 00 00 10 11 F6 0C 00 00 1D 12 
00 FF FF 00 10 0D 22 93 00 00 02 00 00 10 11 F7 0C 00 00 20 0E 
00 FF FF 00 10 0D 22 93 00 00 02 00 00 10 11 F8 0C 00 00 34 AD 
00 FF FF 00 10 0D 22 93 00 00 02 00 00 10 11 F9 0C 00 00 36 B5 
00 FF FF 00 10 0D 22 93 00 00 02 00 00 10 11 FA 0C 00 00 32 8A 
00 FF FF 00 10 0D 22 93 00 00 02 00 00 10 11 FB 0C 00 00 31 C4 
00 FF FF 00 10 0D 22 93 00 00 02 00 00 10 11 FC 0C 00 00 2E FB 
00 FF FF 00 10 0D 22 93 00 00 02 00 00 10 11 FD 0C 00 00 24 B9 
00 FF FF 00 10 0D 22 93 00 00 02 00 00 10 11 FE 0C 00 00 18 D7 
00 FF FF 00 10 0D 22 93 00 00 02 00 00 10 11 FF 0C 00 00 1D 2E 
00 FF FF 00 10 0D 22 93 00 00 02 00 00 10 12 00 0C 00 00 28 D2 
00 FF FF 00 10 0D 22 93 00 00 02 00 00 10 12 01 0C 00 00 35 AA 
00 FF FF 00 10 0D 22 93 00 00 02 00 00 10 12 02 0C 00 00 32 8A 
00 FF FF 00 10 0D 22 93 00 00 02 00 00 10 12 03 0C 00 00 17 56 
00 FF FF 00 10 0D 22 93 00 00 02 00 00 10 12 04 0C 00 00 2D 74 
00 FF FF 00 10 0D 22 93 00 00 02 00 00 10 12 05 0C 00 00 22 C5 
00 FF FF 00 10 0D 22 93 00 00 02 00 00 10 12 06 0C 00 00 1D 56 
00 FF FF 00 10 0D 22 93 00 00 02 00 00 10 12 07 0C 00 00 1A ED 
00 FF FF 00 10 0D 22 93 00 00 02 00 00 10 12 08 0C 00 00 18 2A 
00 FF FF 00 10 0D 22 93 00 00 02 00 00 10 12 09 0C 00 00 20 9F 
00 FF FF 00 10 0D 22 93 00 00 02 00 00 10 12 0A 0C 00 00 3D 0D 
00 FF FF 00 10 0D 22 93 00 00 02 00 00 10 12 0B 0C 00 00 36 B5 
00 FF FF 00 10 0D 22 93 00 00 02 00 00 10 12 0C 0C 00 00 3C 14 
00 FF FF 00 10 0D 22 93 00 00 02 00 00 10 12 0E 0C 00 00 27 2D 
00 FF FF 00 10 0D 22 93 00 00 02 00 00 10 12 0F 0C 00 00 1C 16 
00 FF FF 00 10 0D 22 93 00 00 02 00 00 10 12 10 0C 00 00 18 22 
00 FF FF 00 10 0D 22 93 00 00 02 00 00 10 12 11 0C 00 00 1F 53 
00 FF FF 00 10 0D 22 93 00 00 02 00 00 10 12 12 0C 00 00 2B 65 
00 FF FF 00 10 0D 22 93 00 00 02 00 00 10 12 13 0C 00 00 2E 18 
00 FF FF 00 10 0D 22 93 00 00 02 00 00 10 12 14 0C 00 00 37 82 
00 FF FF 00 10 0D 22 93 00 00 02 00 00 10 12 15 0C 00 00 2E D4 
00 FF FF 00 10 0D 22 93 00 00 02 00 00 10 12 16 0C 00 00 2D 36 
00 FF FF 00 10 0D 22 93 00 00 02 00 00 10 12 17 0C 00 00 17 F7 
00 FF FF 00 10 0D 22 93 00 00 02 00 00 10 12 18 0C 00 00 1E 9E 
00 FF FF 00 10 0D 22 93 00 00 02 00 00 10 12 19 0C 00 00 1C D2 
00 FF FF 00 10 0D 22 93 00 00 02 00 00 10 12 1A 0C 00 00 17 36 
00 FF FF 00 10 0D 22 93 00 00 02 00 00 10 12 1B 0C 00 00 2B 50 
00 FF FF 00 10 0D 22 93 00 00 02 00 00 10 12 1C 0C 00 00 1A 88 
00 FF FF 00 10 0D 22 93 00 00 02 00 00 10 12 1D 0C 00 00 3B 22 
00 FF FF 00 10 0D 22 93 00 00 02 00 00 10 12 1F 0C 00 00 34 22 
00 FF FF 00 10 0D 22 93 00 00 02 00 00 10 12 20 0C 00 00 22 CE 
00 FF FF 00 10 0D 22 93 00 00 02 00 00 10 12 21 0C 00 00 15 1E 
00 FF FF 00 10 0D 22 93 00 00 02 00 00 10 12 22 0C 00 00 1A D2 
00 FF FF 00 10 0D 22 93 00 00 02 00 00 10 12 23 0C 00 00 22 79 
00 FF FF 00 10 0D 22 93 00 00 02 00 00 10 12 24 0C 00 00 38 71 
00 FF FF 00 10 0D 22 93 00 00 02 00 00 10 12 25 0C 00 00 24 CA 
00 FF FF 00 10 0D 22 93 00 00 02 00 00 10 12 26 0C 00 00 34 F4 
00 FF FF 00 10 0D 22 93 00 00 02 00 00 10 12 27 0C 00 00 3B 22 
00 FF FF 00 10 0D 22 93 00 00 02 00 00 10 12 28 0C 00 00 2E 3D 
00 FF FF 00 10 0D 22 93 00 00 02 00 00 10 12 29 0C 00 00 1F 8B 
00 FF FF 00 10 0D 22 93 00 00 02 00 00 10 12 2A 0C 00 00 18 4D 
00 FF FF 00 10 0D 22 93 00 00 02 00 00 10 12 2B 0C 00 00 19 5E 
00 FF FF 00 10 0D 22 93 00 00 02 00 00 10 12 2C 0C 00 00 23 AE 
00 FF FF 00 10 0D 22 93 00 00 02 00 00 10 12 2D 0C 00 00 2E 39 
00 FF FF 00 10 0D 22 93 00 00 02 00 00 10 12 2E 0C 00 00 20 C6 
00 FF FF 00 10 0D 22 93 00 00 02 00 00 10 12 2F 0C 00 00 39 4A 
00 FF FF 00 10 0D 22 93 00 00 02 00 00 10 12 30 0C 00 00 36 75 
00 FF FF 00 10 0D 22 93 00 00 02 00 00 10 12 31 0C 00 00 29 D5 
00 FF FF 00 10 0D 22 93 00 00 02 00 00 10 12 32 0C 00 00 1D 38 
00 FF FF 00 10 0D 22 93 00 00 02 00 00 10 12 33 0C 00 00 18 16 
00 FF FF 00 10 0D 22 93 00 00 02 00 00 10 12 34 0C 00 00 23 75 
00 FF FF 00 10 0D 22 93 00 00 02 00 00 10 12 35 0C 00 00 2D 39 
00 FF FF 00 10 0D 22 93 00 00 02 00 00 10 12 36 0C 00 00 30 44 
00 FF FF 00 10 0D 22 93 00 00 02 00 00 10 12 37 0C 00 00 38 71 
00 FF FF 00 10 0D 22 93 00 00 02 00 00 10 12 38 0C 00 00 36 B5 
00 FF FF 00 10 0D 22 93 00 00 02 00 00 10 12 39 0C 00 00 37 6A 
00 FF FF 00 10 0D 22 93 00 00 02 00 00 10 12 3A 0C 00 00 25 BA 
00 FF FF 00 10 0D 22 93 00 00 02 00 00 10 12 3B 0C 00 00 15 1D 
00 FF FF 00 10 0D 22 93 00 00 02 00 00 10 12 3C 0C 00 00 17 FA 
00 FF FF 00 10 0D 22 93 00 00 02 00 00 10 12 3D 0C 00 00 22 D9 
00 FF FF 00 10 0D 22 93 00 00 02 00 00 10 12 3E 0C 00 00 2E 22 
00 FF FF 00 10 0D 22 93 00 00 02 00 00 10 12 3F 0C 00 00 2F 8A 
00 FF FF 00 10 0D 22 93 00 00 02 00 00 10 12 40 0C 00 00 36 A4 
00 FF FF 00 10 0D 22 93 00 00 02 00 00 10 12 41 0C 00 00 2E 22 
00 FF FF 00 10 0D 22 93 00 00 02 00 00 10 12 42 0C 00 00 2D 81 
00 FF FF 00 10 0D 22 93 00 00 02 00 00 10 12 43 0C 00 00 21 B3 
00 FF FF 00 10 0D 22 93 00 00 02 00 00 10 12 44 0C 00 00 19 D8 
00 FF FF 00 10 0D 22 93 00 00 02 00 00 10 12 45 0C 00 00 1D 7E 
00 FF FF 00 10 0D 22 93 00 00 02 00 00 10 12 46 0C 00 00 22 61 
00 FF FF 00 10 0D 22 93 00 00 02 00 00 10 12 47 0C 00 00 3C 14 
00 FF FF 00 10 0D 22 93 00 00 02 00 00 10 12 48 0C 00 00 30 44 
00 FF FF 00 10 0D 22 93 00 00 02 00 00 10 12 49 0C 00 00 39 4A 
00 FF FF 00 10 0D 22 93 00 00 02 00 00 10 12 4A 0C 00 00 38 64 
00 FF FF 00 10 0D 22 93 00 00 02 00 00 10 12 4B 0C 00 00 2D A3 
00 FF FF 00 10 0D 22 93 00 00 02 00 00 10 12 4C 0C 00 00 1E 89 
00 FF FF 00 10 0D 22 93 00 00 02 00 00 10 12 4D 0C 00 00 18 1B 
00 FF FF 00 10 0D 22 93 00 00 02 00 00 10 12 4E 0C 00 00 14 FF 
00 FF FF 00 10 0D 22 93 00 00 02 00 00 10 12 4F 0C 00 00 25 79 
00 FF FF 00 10 0D 22 93 00 00 02 00 00 10 12 50 0C 00 00 2E D4 
00 FF FF 00 10 0D 22 93 00 00 02 00 00 10 12 51 0C 00 00 3C 14 
00 FF FF 00 10 0D 22 93 00 00 02 00 00 10 12 52 0C 00 00 3C 14 
00 FF FF 00 10 0D 22 93 00 00 02 00 00 10 12 53 0C 00 00 25 B6 
00 FF FF 00 10 0D 22 93 00 00 02 00 00 10 12 54 0C 00 00 26 21 
00 FF FF 00 10 0D 22 93 00 00 02 00 00 10 12 55 0C 00 00 1A 3A 
00 FF FF 00 10 0D 22 93 00 00 02 00 00 10 12 56 0C 00 00 1B 1D 
00 FF FF 00 10 0D 22 93 00 00 02 00 00 10 12 57 0C 00 00 20 6D 
00 FF FF 00 10 0D 22 93 00 00 02 00 00 10 12 58 0C 00 00 16 63 
00 FF FF 00 10 0D 22 93 00 00 02 00 00 10 12 59 0C 00 00 37 82 
00 FF FF 00 10 0D 22 93 00 00 02 00 00 10 12 5A 0C 00 00 31 C4 
00 FF FF 00 10 0D 22 93 00 00 02 00 00 10 12 5B 0C 00 00 2F AD 
00 FF FF 00 10 0D 22 93 00 00 02 00 00 10 12 5C 0C 00 00 1E A8 
00 FF FF 00 10 0D 22 93 00 00 02 00 00 10 12 5D 0C 00 00 24 48 
00 FF FF 00 10 0D 22 93 00 00 02 00 00 10 12 5E 0C 00 00 1C F1 
00 FF FF 00 10 0D 22 93 00 00 02 00 00 10 12 5F 0C 00 00 1E 4D 
00 FF FF 00 10 0D 22 93 00 00 02 00 00 10 12 60 0C 00 00 17 8B 
00 FF FF 00 10 0D 22 93 00 00 02 00 00 10 12 61 0C 00 00 2F 8A 
00 FF FF 00 10 0D 22 93 00 00 02 00 00 10 12 63 0C 00 00 31 02 
00 FF FF 00 10 0D 22 93 00 00 02 00 00 10 12 64 0C 00 00 36 B5 
00 FF FF 00 10 0D 22 93 00 00 02 00 00 10 12 65 0C 00 00 2A 16 
00 FF FF 00 10 0D 22 93 00 00 02 00 00 10 12 66 0C 00 00 1F 0D 
00 FF FF 00 10 0D 22 93 00 00 02 00 00 10 12 67 0C 00 00 1D 8E 
00 FF FF 00 10 0D 22 93 00 00 02 00 00 10 12 68 0C 00 00 18 72 
00 FF FF 00 10 0D 22 93 00 00 02 00 00 10 12 69 0C 00 00 28 19 
00 FF FF 00 10 0D 22 93 00 00 02 00 00 10 12 6A 0C 00 00 1C 71 
00 FF FF 00 10 0D 22 93 00 00 02 00 00 10 12 6B 0C 00 00 32 8A 
00 FF FF 00 10 0D 22 93 00 00 02 00 00 10 12 6C 0C 00 00 30 44 
00 FF FF 00 10 0D 22 93 00 00 02 00 00 10 12 6D 0C 00 00 36 75 
00 FF FF 00 10 0D 22 93 00 00 02 00 00 10 12 6E 0C 00 00 16 71 
00 FF FF 00 10 0D 22 93 00 00 02 00 00 10 12 6F 0C 00 00 1D 33 
00 FF FF 00 10 0D 22 93 00 00 02 00 00 10 12 70 0C 00 00 16 54 
00 FF FF 00 10 0D 22 93 00 00 02 00 00 10 12 71 0C 00 00 1F 91 
00 FF FF 00 10 0D 22 93 00 00 02 00 00 10 12 72 0C 00 00 27 7B 
00 FF FF 00 10 0D 22 93 00 00 02 00 00 10 12 73 0C 00 00 19 86 
00 FF FF 00 10 0D 22 93 00 00 02 00 00 10 12 74 0C 00 00 22 46 
00 FF FF 00 10 0D 22 93 00 00 02 00 00 10 12 75 0C 00 00 23 E9 
00 FF FF 00 10 0D 22 93 00 00 02 00 00 10 12 76 0C 00 00 22 93 
00 FF FF 00 10 0D 22 93 00 00 02 00 00 10 12 77 0C 00 00 26 E1 
00 FF FF 00 10 0D 22 93 00 00 02 00 00 10 12 78 0C 00 00 1A 3D 
00 FF FF 00 10 0D 22 93 00 00 02 00 00 10 12 79 0C 00 00 1B 3F 
00 FF FF 00 10 0D 22 93 00 00 02 00 00 10 12 7A 0C 00 00 22 32 
00 FF FF 00 10 0D 22 93 00 00 02 00 00 10 12 7B 0C 00 00 15 22 
00 FF FF 00 10 0D 22 93 00 00 02 00 00 10 12 7C 0C 00 00 18 EE 
00 FF FF 00 10 0D 22 93 00 00 02 00 00 10 12 7E 0C 00 00 31 02 
00 FF FF 00 10 0D 22 93 00 00 02 00 00 10 12 7F 0C 00 00 2F 02 
00 FF FF 00 10 0D 22 93 00 00 02 00 00 10 12 80 0C 00 00 22 61 
00 FF FF 00 10 0D 22 93 00 00 02 00 00 10 12 81 0C 00 00 1D 0D 
00 FF FF 00 10 0D 22 93 00 00 02 00 00 10 12 82 0C 00 00 13 D7 
00 FF FF 00 10 0D 22 93 00 00 02 00 00 10 12 83 0C 00 00 25 3A 
00 FF FF 00 10 0D 22 93 00 00 02 00 00 10 12 84 0C 00 00 2F 8A 
00 FF FF 00 10 0D 22 93 00 00 02 00 00 10 12 86 0C 00 00 3D 0D 
00 FF FF 00 10 0D 22 93 00 00 02 00 00 10 12 87 0C 00 00 3E 05 
00 FF FF 00 10 0D 22 93 00 00 02 00 00 10 12 88 0C 00 00 2D BA 
00 FF FF 00 10 0D 22 93 00 00 02 00 00 10 12 89 0C 00 00 1F 3E 
