00 FF FF 00 10 0D 22 93 00 00 01 00 00 10 06 1D 0D 00 00 03 2A 
00 FF FF 00 10 0D 22 93 00 00 01 00 00 10 06 1E 0D 00 00 04 C4 
00 FF FF 00 10 0D 22 93 00 00 01 00 00 10 06 1F 0D 00 00 02 AF 
00 FF FF 00 10 0D 22 93 00 00 01 00 00 10 06 20 0D 00 00 02 F3 
00 FF FF 00 10 0D 22 93 00 00 01 00 00 10 06 21 0D 00 00 02 BB 
00 FF FF 00 10 0D 22 93 00 00 01 00 00 10 06 22 0D 00 00 03 41 
00 FF FF 00 10 0D 22 93 00 00 01 00 00 10 06 23 0D 00 00 02 FC 
00 FF FF 00 10 0D 22 93 00 00 01 00 00 10 06 24 0D 00 00 03 23 
00 FF FF 00 10 0D 22 93 00 00 01 00 00 10 06 25 0D 00 00 02 DD 
00 FF FF 00 10 0D 22 93 00 00 01 00 00 10 06 26 0D 00 00 02 BC 
00 FF FF 00 10 0D 22 93 00 00 01 00 00 10 06 27 0D 00 00 06 80 
00 FF FF 00 10 0D 22 93 00 00 01 00 00 10 06 28 0D 00 00 02 BD 
00 FF FF 00 10 0D 22 93 00 00 01 00 00 10 06 29 0D 00 00 02 B4 
00 FF FF 00 10 0D 22 93 00 00 01 00 00 10 06 2A 0D 00 00 02 FB 
00 FF FF 00 10 0D 22 93 00 00 01 00 00 10 06 2B 0D 00 00 02 B8 
00 FF FF 00 10 0D 22 93 00 00 01 00 00 10 06 2C 0D 00 00 03 24 
00 FF FF 00 10 0D 22 93 00 00 01 00 00 10 06 2D 0D 00 00 03 95 
00 FF FF 00 10 0D 22 93 00 00 01 00 00 10 06 2E 0D 00 00 04 32 
00 FF FF 00 10 0D 22 93 00 00 01 00 00 10 06 2F 0D 00 00 03 25 
00 FF FF 00 10 0D 22 93 00 00 01 00 00 10 06 30 0D 00 00 02 B0 
00 FF FF 00 10 0D 22 93 00 00 01 00 00 10 06 31 0D 00 00 02 EC 
00 FF FF 00 10 0D 22 93 00 00 01 00 00 10 06 32 0D 00 00 03 30 
00 FF FF 00 10 0D 22 93 00 00 01 00 00 10 06 33 0D 00 00 03 0D 
00 FF FF 00 10 0D 22 93 00 00 01 00 00 10 06 34 0D 00 00 02 BD 
00 FF FF 00 10 0D 22 93 00 00 01 00 00 10 06 35 0D 00 00 03 49 
00 FF FF 00 10 0D 22 93 00 00 01 00 00 10 06 36 0D 00 00 03 6E 
00 FF FF 00 10 0D 22 93 00 00 01 00 00 10 06 37 0D 00 00 02 DC 
00 FF FF 00 10 0D 22 93 00 00 01 00 00 10 06 38 0D 00 00 02 B7 
00 FF FF 00 10 0D 22 93 00 00 01 00 00 10 06 39 0D 00 00 02 EB 
00 FF FF 00 10 0D 22 93 00 00 01 00 00 10 06 3A 0D 00 00 03 09 
00 FF FF 00 10 0D 22 93 00 00 01 00 00 10 06 3B 0D 00 00 02 F6 
00 FF FF 00 10 0D 22 93 00 00 01 00 00 10 06 3C 0D 00 00 03 0A 
00 FF FF 00 10 0D 22 93 00 00 01 00 00 10 06 3D 0D 00 00 02 E9 
00 FF FF 00 10 0D 22 93 00 00 01 00 00 10 06 3E 0D 00 00 02 BB 
00 FF FF 00 10 0D 22 93 00 00 01 00 00 10 06 3F 0D 00 00 02 C8 
00 FF FF 00 10 0D 22 93 00 00 01 00 00 10 06 40 0D 00 00 02 F1 
00 FF FF 00 10 0D 22 93 00 00 01 00 00 10 06 41 0D 00 00 03 23 
00 FF FF 00 10 0D 22 93 00 00 01 00 00 10 06 42 0D 00 00 03 E1 
00 FF FF 00 10 0D 22 93 00 00 01 00 00 10 06 43 0D 00 00 02 B8 
00 FF FF 00 10 0D 22 93 00 00 01 00 00 10 06 44 0D 00 00 03 7E 
00 FF FF 00 10 0D 22 93 00 00 01 00 00 10 06 45 0D 00 00 02 E2 
00 FF FF 00 10 0D 22 93 00 00 01 00 00 10 06 46 0D 00 00 02 E0 
00 FF FF 00 10 0D 22 93 00 00 01 00 00 10 06 47 0D 00 00 02 D2 
00 FF FF 00 10 0D 22 93 00 00 01 00 00 10 06 48 0D 00 00 03 01 
00 FF FF 00 10 0D 22 93 00 00 01 00 00 10 06 49 0D 00 00 03 EE 
00 FF FF 00 10 0D 22 93 00 00 01 00 00 10 06 4A 0D 00 00 03 91 
00 FF FF 00 10 0D 22 93 00 00 01 00 00 10 06 4B 0D 00 00 02 F2 
00 FF FF 00 10 0D 22 93 00 00 01 00 00 10 06 4C 0D 00 00 02 B2 
00 FF FF 00 10 0D 22 93 00 00 01 00 00 10 06 4D 0D 00 00 03 10 
00 FF FF 00 10 0D 22 93 00 00 01 00 00 10 06 4E 0D 00 00 03 02 
00 FF FF 00 10 0D 22 93 00 00 01 00 00 10 06 4F 0D 00 00 03 1C 
00 FF FF 00 10 0D 22 93 00 00 01 00 00 10 06 50 0D 00 00 03 38 
00 FF FF 00 10 0D 22 93 00 00 01 00 00 10 06 51 0D 00 00 02 EC 
00 FF FF 00 10 0D 22 93 00 00 01 00 00 10 06 52 0D 00 00 02 E4 
00 FF FF 00 10 0D 22 93 00 00 01 00 00 10 06 53 0D 00 00 02 B7 
00 FF FF 00 10 0D 22 93 00 00 01 00 00 10 06 54 0D 00 00 02 D8 
00 FF FF 00 10 0D 22 93 00 00 01 00 00 10 06 55 0D 00 00 02 CC 
00 FF FF 00 10 0D 22 93 00 00 01 00 00 10 06 56 0D 00 00 03 43 
00 FF FF 00 10 0D 22 93 00 00 01 00 00 10 06 57 0D 00 00 03 1C 
00 FF FF 00 10 0D 22 93 00 00 01 00 00 10 06 58 0D 00 00 02 EF 
00 FF FF 00 10 0D 22 93 00 00 01 00 00 10 06 59 0D 00 00 02 B3 
00 FF FF 00 10 0D 22 93 00 00 01 00 00 10 06 5A 0D 00 00 04 85 
00 FF FF 00 10 0D 22 93 00 00 01 00 00 10 06 5B 0D 00 00 02 B6 
00 FF FF 00 10 0D 22 93 00 00 01 00 00 10 06 5C 0D 00 00 02 EF 
00 FF FF 00 10 0D 22 93 00 00 01 00 00 10 06 5D 0D 00 00 03 46 
00 FF FF 00 10 0D 22 93 00 00 01 00 00 10 06 5E 0D 00 00 04 37 
00 FF FF 00 10 0D 22 93 00 00 01 00 00 10 06 5F 0D 00 00 03 A0 
00 FF FF 00 10 0D 22 93 00 00 01 00 00 10 06 60 0D 00 00 02 FF 
00 FF FF 00 10 0D 22 93 00 00 01 00 00 10 06 61 0D 00 00 04 8A 
00 FF FF 00 10 0D 22 93 00 00 01 00 00 10 06 62 0D 00 00 02 C3 
00 FF FF 00 10 0D 22 93 00 00 01 00 00 10 06 63 0D 00 00 02 FB 
00 FF FF 00 10 0D 22 93 00 00 01 00 00 10 06 64 0D 00 00 03 5D 
00 FF FF 00 10 0D 22 93 00 00 01 00 00 10 06 65 0D 00 00 03 1E 
00 FF FF 00 10 0D 22 93 00 00 01 00 00 10 06 66 0D 00 00 03 73 
00 FF FF 00 10 0D 22 93 00 00 01 00 00 10 06 67 0D 00 00 03 6B 
00 FF FF 00 10 0D 22 93 00 00 01 00 00 10 06 68 0D 00 00 03 67 
00 FF FF 00 10 0D 22 93 00 00 01 00 00 10 06 69 0D 00 00 03 12 
00 FF FF 00 10 0D 22 93 00 00 01 00 00 10 06 6A 0D 00 00 02 AF 
00 FF FF 00 10 0D 22 93 00 00 01 00 00 10 06 6B 0D 00 00 03 62 
00 FF FF 00 10 0D 22 93 00 00 01 00 00 10 06 6C 0D 00 00 03 2A 
00 FF FF 00 10 0D 22 93 00 00 01 00 00 10 06 6D 0D 00 00 03 0B 
00 FF FF 00 10 0D 22 93 00 00 01 00 00 10 06 6E 0D 00 00 03 6E 
