00 FF FF 00 10 0D 22 93 00 00 02 00 00 10 14 D6 0C 00 00 1B CE 
00 FF FF 00 10 0D 22 93 00 00 02 00 00 10 14 D7 0C 00 00 06 3B 
00 FF FF 00 10 0D 22 93 00 00 02 00 00 10 14 D8 0C 00 00 14 78 
00 FF FF 00 10 0D 22 93 00 00 02 00 00 10 14 D9 0C 00 00 26 4F 
00 FF FF 00 10 0D 22 93 00 00 02 00 00 10 14 DA 0C 00 00 0E 3B 
00 FF FF 00 10 0D 22 93 00 00 02 00 00 10 14 DB 0C 00 00 19 5B 
00 FF FF 00 10 0D 22 93 00 00 02 00 00 10 14 DC 0C 00 00 1A 7A 
00 FF FF 00 10 0D 22 93 00 00 02 00 00 10 14 DD 0C 00 00 0B 2B 
00 FF FF 00 10 0D 22 93 00 00 02 00 00 10 14 DE 0C 00 00 31 49 
00 FF FF 00 10 0D 22 93 00 00 02 00 00 10 14 DF 0C 00 00 18 76 
00 FF FF 00 10 0D 22 93 00 00 02 00 00 10 14 E1 0C 00 00 25 A8 
00 FF FF 00 10 0D 22 93 00 00 02 00 00 10 14 E2 0C 00 00 14 38 
00 FF FF 00 10 0D 22 93 00 00 02 00 00 10 14 E3 0C 00 00 08 01 
00 FF FF 00 10 0D 22 93 00 00 02 00 00 10 14 E4 0C 00 00 1D 93 
00 FF FF 00 10 0D 22 93 00 00 02 00 00 10 14 E5 0C 00 00 0D FA 
00 FF FF 00 10 0D 22 93 00 00 02 00 00 10 14 E6 0C 00 00 09 55 
00 FF FF 00 10 0D 22 93 00 00 02 00 00 10 14 E7 0C 00 00 20 E8 
00 FF FF 00 10 0D 22 93 00 00 02 00 00 10 14 E8 0C 00 00 10 AE 
00 FF FF 00 10 0D 22 93 00 00 02 00 00 10 14 E9 0C 00 00 19 72 
00 FF FF 00 10 0D 22 93 00 00 02 00 00 10 14 EA 0C 00 00 12 29 
00 FF FF 00 10 0D 22 93 00 00 02 00 00 10 14 EB 0C 00 00 0F 3A 
00 FF FF 00 10 0D 22 93 00 00 02 00 00 10 14 EC 0C 00 00 1C BE 
00 FF FF 00 10 0D 22 93 00 00 02 00 00 10 14 ED 0C 00 00 19 92 
00 FF FF 00 10 0D 22 93 00 00 02 00 00 10 14 EE 0C 00 00 11 0A 
00 FF FF 00 10 0D 22 93 00 00 02 00 00 10 14 EF 0C 00 00 0F 5E 
00 FF FF 00 10 0D 22 93 00 00 02 00 00 10 14 F0 0C 00 00 10 98 
00 FF FF 00 10 0D 22 93 00 00 02 00 00 10 14 F1 0C 00 00 0E C4 
00 FF FF 00 10 0D 22 93 00 00 02 00 00 10 14 F2 0C 00 00 11 47 
00 FF FF 00 10 0D 22 93 00 00 02 00 00 10 14 F3 0C 00 00 25 4A 
00 FF FF 00 10 0D 22 93 00 00 02 00 00 10 14 F4 0C 00 00 29 BD 
00 FF FF 00 10 0D 22 93 00 00 02 00 00 10 14 F5 0C 00 00 1B FA 
00 FF FF 00 10 0D 22 93 00 00 02 00 00 10 14 F6 0C 00 00 17 C6 
00 FF FF 00 10 0D 22 93 00 00 02 00 00 10 14 F7 0C 00 00 08 1A 
00 FF FF 00 10 0D 22 93 00 00 02 00 00 10 14 F8 0C 00 00 06 FE 
00 FF FF 00 10 0D 22 93 00 00 02 00 00 10 14 F9 0C 00 00 0E 9B 
00 FF FF 00 10 0D 22 93 00 00 02 00 00 10 14 FA 0C 00 00 0E CF 
00 FF FF 00 10 0D 22 93 00 00 02 00 00 10 14 FB 0C 00 00 07 00 
00 FF FF 00 10 0D 22 93 00 00 02 00 00 10 14 FD 0C 00 00 1D 87 
00 FF FF 00 10 0D 22 93 00 00 02 00 00 10 14 FE 0C 00 00 12 C1 
00 FF FF 00 10 0D 22 93 00 00 02 00 00 10 14 FF 0C 00 00 11 4C 
00 FF FF 00 10 0D 22 93 00 00 02 00 00 10 15 00 0C 00 00 11 FC 
00 FF FF 00 10 0D 22 93 00 00 02 00 00 10 15 01 0C 00 00 0E AA 
00 FF FF 00 10 0D 22 93 00 00 02 00 00 10 15 02 0C 00 00 2E D4 
00 FF FF 00 10 0D 22 93 00 00 02 00 00 10 15 03 0C 00 00 1C 2B 
00 FF FF 00 10 0D 22 93 00 00 02 00 00 10 15 04 0C 00 00 0A 09 
00 FF FF 00 10 0D 22 93 00 00 02 00 00 10 15 05 0C 00 00 32 33 
00 FF FF 00 10 0D 22 93 00 00 02 00 00 10 15 06 0C 00 00 05 36 
00 FF FF 00 10 0D 22 93 00 00 02 00 00 10 15 07 0C 00 00 15 37 
00 FF FF 00 10 0D 22 93 00 00 02 00 00 10 15 08 0C 00 00 12 FC 
00 FF FF 00 10 0D 22 93 00 00 02 00 00 10 15 09 0C 00 00 15 C1 
00 FF FF 00 10 0D 22 93 00 00 02 00 00 10 15 0A 0C 00 00 19 2B 
00 FF FF 00 10 0D 22 93 00 00 02 00 00 10 15 0B 0C 00 00 1B 94 
00 FF FF 00 10 0D 22 93 00 00 02 00 00 10 15 0C 0C 00 00 1A BE 
00 FF FF 00 10 0D 22 93 00 00 02 00 00 10 15 0D 0C 00 00 1D DC 
00 FF FF 00 10 0D 22 93 00 00 02 00 00 10 15 0E 0C 00 00 14 EA 
00 FF FF 00 10 0D 22 93 00 00 02 00 00 10 15 0F 0C 00 00 1D 5E 
00 FF FF 00 10 0D 22 93 00 00 02 00 00 10 15 10 0C 00 00 13 59 
00 FF FF 00 10 0D 22 93 00 00 02 00 00 10 15 11 0C 00 00 14 B9 
00 FF FF 00 10 0D 22 93 00 00 02 00 00 10 15 12 0C 00 00 13 73 
00 FF FF 00 10 0D 22 93 00 00 02 00 00 10 15 14 0C 00 00 1D A8 
00 FF FF 00 10 0D 22 93 00 00 02 00 00 10 15 15 0C 00 00 2B DB 
00 FF FF 00 10 0D 22 93 00 00 02 00 00 10 15 16 0C 00 00 13 81 
00 FF FF 00 10 0D 22 93 00 00 02 00 00 10 15 17 0C 00 00 18 4A 
00 FF FF 00 10 0D 22 93 00 00 02 00 00 10 15 18 0C 00 00 1B 1D 
00 FF FF 00 10 0D 22 93 00 00 02 00 00 10 15 19 0C 00 00 16 EB 
00 FF FF 00 10 0D 22 93 00 00 02 00 00 10 15 1A 0C 00 00 15 CC 
00 FF FF 00 10 0D 22 93 00 00 02 00 00 10 15 1B 0C 00 00 14 9F 
00 FF FF 00 10 0D 22 93 00 00 02 00 00 10 15 1C 0C 00 00 12 9A 
00 FF FF 00 10 0D 22 93 00 00 02 00 00 10 15 1E 0C 00 00 30 CA 
00 FF FF 00 10 0D 22 93 00 00 02 00 00 10 15 1F 0C 00 00 16 8D 
00 FF FF 00 10 0D 22 93 00 00 02 00 00 10 15 20 0C 00 00 07 5E 
00 FF FF 00 10 0D 22 93 00 00 02 00 00 10 15 21 0C 00 00 11 61 
00 FF FF 00 10 0D 22 93 00 00 02 00 00 10 15 22 0C 00 00 1A D6 
00 FF FF 00 10 0D 22 93 00 00 02 00 00 10 15 23 0C 00 00 05 11 
00 FF FF 00 10 0D 22 93 00 00 02 00 00 10 15 24 0C 00 00 15 5D 
00 FF FF 00 10 0D 22 93 00 00 02 00 00 10 15 25 0C 00 00 13 D8 
00 FF FF 00 10 0D 22 93 00 00 02 00 00 10 15 26 0C 00 00 28 EE 
00 FF FF 00 10 0D 22 93 00 00 02 00 00 10 15 27 0C 00 00 2B FB 
00 FF FF 00 10 0D 22 93 00 00 02 00 00 10 15 28 0C 00 00 0B E6 
00 FF FF 00 10 0D 22 93 00 00 02 00 00 10 15 29 0C 00 00 1C 4E 
00 FF FF 00 10 0D 22 93 00 00 02 00 00 10 15 2A 0C 00 00 13 51 
00 FF FF 00 10 0D 22 93 00 00 02 00 00 10 15 2B 0C 00 00 17 02 
00 FF FF 00 10 0D 22 93 00 00 02 00 00 10 15 2C 0C 00 00 1B 17 
00 FF FF 00 10 0D 22 93 00 00 02 00 00 10 15 2D 0C 00 00 1E 01 
00 FF FF 00 10 0D 22 93 00 00 02 00 00 10 15 2E 0C 00 00 18 3B 
00 FF FF 00 10 0D 22 93 00 00 02 00 00 10 15 2F 0C 00 00 0C 9F 
00 FF FF 00 10 0D 22 93 00 00 02 00 00 10 15 30 0C 00 00 16 DC 
00 FF FF 00 10 0D 22 93 00 00 02 00 00 10 15 31 0C 00 00 16 BE 
00 FF FF 00 10 0D 22 93 00 00 02 00 00 10 15 32 0C 00 00 1A 71 
00 FF FF 00 10 0D 22 93 00 00 02 00 00 10 15 33 0C 00 00 15 D3 
00 FF FF 00 10 0D 22 93 00 00 02 00 00 10 15 34 0C 00 00 1F DA 
00 FF FF 00 10 0D 22 93 00 00 02 00 00 10 15 35 0C 00 00 2D 41 
00 FF FF 00 10 0D 22 93 00 00 02 00 00 10 15 36 0C 00 00 09 4A 
00 FF FF 00 10 0D 22 93 00 00 02 00 00 10 15 38 0C 00 00 06 8A 
00 FF FF 00 10 0D 22 93 00 00 02 00 00 10 15 39 0C 00 00 05 08 
00 FF FF 00 10 0D 22 93 00 00 02 00 00 10 15 3A 0C 00 00 1E 26 
00 FF FF 00 10 0D 22 93 00 00 02 00 00 10 15 3B 0C 00 00 0F C7 
00 FF FF 00 10 0D 22 93 00 00 02 00 00 10 15 3C 0C 00 00 0C 59 
00 FF FF 00 10 0D 22 93 00 00 02 00 00 10 15 3D 0C 00 00 18 12 
00 FF FF 00 10 0D 22 93 00 00 02 00 00 10 15 3E 0C 00 00 0D 9C 
00 FF FF 00 10 0D 22 93 00 00 02 00 00 10 15 3F 0C 00 00 10 4E 
00 FF FF 00 10 0D 22 93 00 00 02 00 00 10 15 40 0C 00 00 31 C4 
00 FF FF 00 10 0D 22 93 00 00 02 00 00 10 15 41 0C 00 00 17 C2 
00 FF FF 00 10 0D 22 93 00 00 02 00 00 10 15 42 0C 00 00 2D E6 
00 FF FF 00 10 0D 22 93 00 00 02 00 00 10 15 43 0C 00 00 14 FF 
00 FF FF 00 10 0D 22 93 00 00 02 00 00 10 15 44 0C 00 00 0D 87 
00 FF FF 00 10 0D 22 93 00 00 02 00 00 10 15 45 0C 00 00 10 36 
00 FF FF 00 10 0D 22 93 00 00 02 00 00 10 15 46 0C 00 00 11 72 
00 FF FF 00 10 0D 22 93 00 00 02 00 00 10 15 47 0C 00 00 1E 98 
00 FF FF 00 10 0D 22 93 00 00 02 00 00 10 15 48 0C 00 00 34 F4 
00 FF FF 00 10 0D 22 93 00 00 02 00 00 10 15 49 0C 00 00 24 6B 
00 FF FF 00 10 0D 22 93 00 00 02 00 00 10 15 4A 0C 00 00 28 F9 
00 FF FF 00 10 0D 22 93 00 00 02 00 00 10 15 4B 0C 00 00 1A 10 
00 FF FF 00 10 0D 22 93 00 00 02 00 00 10 15 4C 0C 00 00 11 34 
00 FF FF 00 10 0D 22 93 00 00 02 00 00 10 15 4D 0C 00 00 0E 0D 
00 FF FF 00 10 0D 22 93 00 00 02 00 00 10 15 4E 0C 00 00 16 27 
00 FF FF 00 10 0D 22 93 00 00 02 00 00 10 15 4F 0C 00 00 16 31 
00 FF FF 00 10 0D 22 93 00 00 02 00 00 10 15 50 0C 00 00 06 19 
00 FF FF 00 10 0D 22 93 00 00 02 00 00 10 15 51 0C 00 00 2F F1 
00 FF FF 00 10 0D 22 93 00 00 02 00 00 10 15 52 0C 00 00 17 19 
00 FF FF 00 10 0D 22 93 00 00 02 00 00 10 15 55 0C 00 00 0A B3 
00 FF FF 00 10 0D 22 93 00 00 02 00 00 10 15 56 0C 00 00 13 8C 
00 FF FF 00 10 0D 22 93 00 00 02 00 00 10 15 57 0C 00 00 15 9C 
00 FF FF 00 10 0D 22 93 00 00 02 00 00 10 15 59 0C 00 00 23 CA 
00 FF FF 00 10 0D 22 93 00 00 02 00 00 10 15 5B 0C 00 00 1B 95 
00 FF FF 00 10 0D 22 93 00 00 02 00 00 10 15 5C 0C 00 00 14 F7 
00 FF FF 00 10 0D 22 93 00 00 02 00 00 10 15 5D 0C 00 00 12 E5 
00 FF FF 00 10 0D 22 93 00 00 02 00 00 10 15 5F 0C 00 00 16 55 
00 FF FF 00 10 0D 22 93 00 00 02 00 00 10 15 60 0C 00 00 1A 7A 
00 FF FF 00 10 0D 22 93 00 00 02 00 00 10 15 61 0C 00 00 0C 09 
00 FF FF 00 10 0D 22 93 00 00 02 00 00 10 15 64 0C 00 00 09 2F 
00 FF FF 00 10 0D 22 93 00 00 02 00 00 10 15 65 0C 00 00 11 7D 
00 FF FF 00 10 0D 22 93 00 00 02 00 00 10 15 66 0C 00 00 14 0A 
00 FF FF 00 10 0D 22 93 00 00 02 00 00 10 15 67 0C 00 00 0B B7 
00 FF FF 00 10 0D 22 93 00 00 02 00 00 10 15 68 0C 00 00 0A AF 
00 FF FF 00 10 0D 22 93 00 00 02 00 00 10 15 6A 0C 00 00 03 39 
00 FF FF 00 10 0D 22 93 00 00 02 00 00 10 15 6B 0C 00 00 0E 55 
00 FF FF 00 10 0D 22 93 00 00 02 00 00 10 15 6C 0C 00 00 16 B6 
00 FF FF 00 10 0D 22 93 00 00 02 00 00 10 15 6E 0C 00 00 0C 1B 
00 FF FF 00 10 0D 22 93 00 00 02 00 00 10 15 6F 0C 00 00 0B 0C 
00 FF FF 00 10 0D 22 93 00 00 02 00 00 10 15 70 0C 00 00 15 7E 
00 FF FF 00 10 0D 22 93 00 00 02 00 00 10 15 72 0C 00 00 0F 2F 
00 FF FF 00 10 0D 22 93 00 00 02 00 00 10 15 73 0C 00 00 1A 46 
00 FF FF 00 10 0D 22 93 00 00 02 00 00 10 15 76 0C 00 00 0C 60 
00 FF FF 00 10 0D 22 93 00 00 02 00 00 10 15 77 0C 00 00 1D 65 
00 FF FF 00 10 0D 22 93 00 00 02 00 00 10 15 79 0C 00 00 0E 5E 
00 FF FF 00 10 0D 22 93 00 00 02 00 00 10 15 7B 0C 00 00 05 99 
00 FF FF 00 10 0D 22 93 00 00 02 00 00 10 15 7C 0C 00 00 1A 37 
00 FF FF 00 10 0D 22 93 00 00 02 00 00 10 15 7E 0C 00 00 13 C1 
00 FF FF 00 10 0D 22 93 00 00 02 00 00 10 15 7F 0C 00 00 12 9B 
00 FF FF 00 10 0D 22 93 00 00 02 00 00 10 15 80 0C 00 00 15 2A 
00 FF FF 00 10 0D 22 93 00 00 02 00 00 10 15 81 0C 00 00 11 A0 
00 FF FF 00 10 0D 22 93 00 00 02 00 00 10 15 82 0C 00 00 0C 31 
00 FF FF 00 10 0D 22 93 00 00 02 00 00 10 15 83 0C 00 00 0A 81 
00 FF FF 00 10 0D 22 93 00 00 02 00 00 10 15 84 0C 00 00 10 D0 
00 FF FF 00 10 0D 22 93 00 00 02 00 00 10 15 85 0C 00 00 11 4B 
00 FF FF 00 10 0D 22 93 00 00 02 00 00 10 15 87 0C 00 00 2E D4 
00 FF FF 00 10 0D 22 93 00 00 02 00 00 10 15 88 0C 00 00 0E AA 
00 FF FF 00 10 0D 22 93 00 00 02 00 00 10 15 89 0C 00 00 10 38 
00 FF FF 00 10 0D 22 93 00 00 02 00 00 10 15 8A 0C 00 00 12 CB 
00 FF FF 00 10 0D 22 93 00 00 02 00 00 10 15 8B 0C 00 00 0D 51 
00 FF FF 00 10 0D 22 93 00 00 02 00 00 10 15 8C 0C 00 00 19 55 
00 FF FF 00 10 0D 22 93 00 00 02 00 00 10 15 8D 0C 00 00 0C 2A 
00 FF FF 00 10 0D 22 93 00 00 02 00 00 10 15 8E 0C 00 00 04 97 
00 FF FF 00 10 0D 22 93 00 00 02 00 00 10 15 8F 0C 00 00 0A C5 
00 FF FF 00 10 0D 22 93 00 00 02 00 00 10 15 90 0C 00 00 0D 1B 
00 FF FF 00 10 0D 22 93 00 00 02 00 00 10 15 91 0C 00 00 19 73 
00 FF FF 00 10 0D 22 93 00 00 02 00 00 10 15 92 0C 00 00 1E 9B 
00 FF FF 00 10 0D 22 93 00 00 02 00 00 10 15 93 0C 00 00 16 14 
00 FF FF 00 10 0D 22 93 00 00 02 00 00 10 15 94 0C 00 00 1B 90 
00 FF FF 00 10 0D 22 93 00 00 02 00 00 10 15 95 0C 00 00 13 5B 
00 FF FF 00 10 0D 22 93 00 00 02 00 00 10 15 96 0C 00 00 1A 76 
00 FF FF 00 10 0D 22 93 00 00 02 00 00 10 15 97 0C 00 00 1E 3E 
00 FF FF 00 10 0D 22 93 00 00 02 00 00 10 15 98 0C 00 00 2E D4 
00 FF FF 00 10 0D 22 93 00 00 02 00 00 10 15 99 0C 00 00 2D 41 
00 FF FF 00 10 0D 22 93 00 00 02 00 00 10 15 9B 0C 00 00 0E 5E 
00 FF FF 00 10 0D 22 93 00 00 02 00 00 10 15 9C 0C 00 00 16 29 
00 FF FF 00 10 0D 22 93 00 00 02 00 00 10 15 9D 0C 00 00 0C 30 
00 FF FF 00 10 0D 22 93 00 00 02 00 00 10 15 9E 0C 00 00 1D 00 
00 FF FF 00 10 0D 22 93 00 00 02 00 00 10 15 9F 0C 00 00 16 BF 
00 FF FF 00 10 0D 22 93 00 00 02 00 00 10 15 A2 0C 00 00 0F C2 
00 FF FF 00 10 0D 22 93 00 00 02 00 00 10 15 A3 0C 00 00 20 FB 
00 FF FF 00 10 0D 22 93 00 00 02 00 00 10 15 A5 0C 00 00 14 7F 
00 FF FF 00 10 0D 22 93 00 00 02 00 00 10 15 A6 0C 00 00 03 42 
00 FF FF 00 10 0D 22 93 00 00 02 00 00 10 15 A8 0C 00 00 1D 32 
00 FF FF 00 10 0D 22 93 00 00 02 00 00 10 15 A9 0C 00 00 28 85 
00 FF FF 00 10 0D 22 93 00 00 02 00 00 10 15 AA 0C 00 00 1E 26 
00 FF FF 00 10 0D 22 93 00 00 02 00 00 10 15 AB 0C 00 00 16 F7 
00 FF FF 00 10 0D 22 93 00 00 02 00 00 10 15 AC 0C 00 00 1F F1 
00 FF FF 00 10 0D 22 93 00 00 02 00 00 10 15 AD 0C 00 00 11 31 
00 FF FF 00 10 0D 22 93 00 00 02 00 00 10 15 AE 0C 00 00 0A 0C 
00 FF FF 00 10 0D 22 93 00 00 02 00 00 10 15 AF 0C 00 00 0D 0F 
00 FF FF 00 10 0D 22 93 00 00 02 00 00 10 15 B0 0C 00 00 34 22 
00 FF FF 00 10 0D 22 93 00 00 02 00 00 10 15 B1 0C 00 00 1C B4 
00 FF FF 00 10 0D 22 93 00 00 02 00 00 10 15 B3 0C 00 00 15 93 
00 FF FF 00 10 0D 22 93 00 00 02 00 00 10 15 B4 0C 00 00 0E FD 
00 FF FF 00 10 0D 22 93 00 00 02 00 00 10 15 B5 0C 00 00 1C A2 
00 FF FF 00 10 0D 22 93 00 00 02 00 00 10 15 B6 0C 00 00 13 E7 
00 FF FF 00 10 0D 22 93 00 00 02 00 00 10 15 B7 0C 00 00 11 4E 
00 FF FF 00 10 0D 22 93 00 00 02 00 00 10 15 B8 0C 00 00 10 C3 
00 FF FF 00 10 0D 22 93 00 00 02 00 00 10 15 B9 0C 00 00 19 AF 
00 FF FF 00 10 0D 22 93 00 00 02 00 00 10 15 BA 0C 00 00 24 69 
00 FF FF 00 10 0D 22 93 00 00 02 00 00 10 15 BB 0C 00 00 3B 22 
00 FF FF 00 10 0D 22 93 00 00 02 00 00 10 15 BC 0C 00 00 12 1E 
00 FF FF 00 10 0D 22 93 00 00 02 00 00 10 15 BD 0C 00 00 0B EB 
00 FF FF 00 10 0D 22 93 00 00 02 00 00 10 15 BE 0C 00 00 13 DF 
00 FF FF 00 10 0D 22 93 00 00 02 00 00 10 15 BF 0C 00 00 07 E0 
00 FF FF 00 10 0D 22 93 00 00 02 00 00 10 15 C0 0C 00 00 0B BC 
00 FF FF 00 10 0D 22 93 00 00 02 00 00 10 15 C1 0C 00 00 0C 46 
00 FF FF 00 10 0D 22 93 00 00 02 00 00 10 15 C2 0C 00 00 18 CA 
00 FF FF 00 10 0D 22 93 00 00 02 00 00 10 15 C3 0C 00 00 10 A8 
00 FF FF 00 10 0D 22 93 00 00 02 00 00 10 15 C4 0C 00 00 05 58 
00 FF FF 00 10 0D 22 93 00 00 02 00 00 10 15 C5 0C 00 00 18 B7 
00 FF FF 00 10 0D 22 93 00 00 02 00 00 10 15 C6 0C 00 00 21 C7 
00 FF FF 00 10 0D 22 93 00 00 02 00 00 10 15 C7 0C 00 00 06 3E 
00 FF FF 00 10 0D 22 93 00 00 02 00 00 10 15 C8 0C 00 00 13 34 
00 FF FF 00 10 0D 22 93 00 00 02 00 00 10 15 C9 0C 00 00 22 BA 
00 FF FF 00 10 0D 22 93 00 00 02 00 00 10 15 CA 0C 00 00 0F F3 
00 FF FF 00 10 0D 22 93 00 00 02 00 00 10 15 CB 0C 00 00 14 7B 
00 FF FF 00 10 0D 22 93 00 00 02 00 00 10 15 CC 0C 00 00 21 79 
00 FF FF 00 10 0D 22 93 00 00 02 00 00 10 15 CD 0C 00 00 29 3E 
00 FF FF 00 10 0D 22 93 00 00 02 00 00 10 15 CE 0C 00 00 14 B7 
00 FF FF 00 10 0D 22 93 00 00 02 00 00 10 15 CF 0C 00 00 10 D2 
00 FF FF 00 10 0D 22 93 00 00 02 00 00 10 15 D0 0C 00 00 13 52 
00 FF FF 00 10 0D 22 93 00 00 02 00 00 10 15 D1 0C 00 00 0D BF 
00 FF FF 00 10 0D 22 93 00 00 02 00 00 10 15 D2 0C 00 00 27 D2 
00 FF FF 00 10 0D 22 93 00 00 02 00 00 10 15 D3 0C 00 00 0E 41 
00 FF FF 00 10 0D 22 93 00 00 02 00 00 10 15 D4 0C 00 00 3E 05 
00 FF FF 00 10 0D 22 93 00 00 02 00 00 10 15 D5 0C 00 00 28 49 
00 FF FF 00 10 0D 22 93 00 00 02 00 00 10 15 D6 0C 00 00 1F B6 
00 FF FF 00 10 0D 22 93 00 00 02 00 00 10 15 D7 0C 00 00 0C DB 
00 FF FF 00 10 0D 22 93 00 00 02 00 00 10 15 D9 0C 00 00 1F 6B 
00 FF FF 00 10 0D 22 93 00 00 02 00 00 10 15 DA 0C 00 00 13 FE 
00 FF FF 00 10 0D 22 93 00 00 02 00 00 10 15 DB 0C 00 00 2F 8A 
00 FF FF 00 10 0D 22 93 00 00 02 00 00 10 15 DC 0C 00 00 14 AF 
00 FF FF 00 10 0D 22 93 00 00 02 00 00 10 15 DD 0C 00 00 28 D5 
00 FF FF 00 10 0D 22 93 00 00 02 00 00 10 15 DE 0C 00 00 14 09 
00 FF FF 00 10 0D 22 93 00 00 02 00 00 10 15 DF 0C 00 00 0F 67 
00 FF FF 00 10 0D 22 93 00 00 02 00 00 10 15 E0 0C 00 00 0C DA 
00 FF FF 00 10 0D 22 93 00 00 02 00 00 10 15 E1 0C 00 00 18 2A 
00 FF FF 00 10 0D 22 93 00 00 02 00 00 10 15 E2 0C 00 00 34 22 
00 FF FF 00 10 0D 22 93 00 00 02 00 00 10 15 E3 0C 00 00 0E 0B 
00 FF FF 00 10 0D 22 93 00 00 02 00 00 10 15 E4 0C 00 00 0E 25 
00 FF FF 00 10 0D 22 93 00 00 02 00 00 10 15 E5 0C 00 00 1A 43 
00 FF FF 00 10 0D 22 93 00 00 02 00 00 10 15 E6 0C 00 00 12 76 
00 FF FF 00 10 0D 22 93 00 00 02 00 00 10 15 E7 0C 00 00 27 6E 
00 FF FF 00 10 0D 22 93 00 00 02 00 00 10 15 E8 0C 00 00 25 F2 
00 FF FF 00 10 0D 22 93 00 00 02 00 00 10 15 E9 0C 00 00 14 20 
00 FF FF 00 10 0D 22 93 00 00 02 00 00 10 15 EA 0C 00 00 05 7E 
00 FF FF 00 10 0D 22 93 00 00 02 00 00 10 15 EB 0C 00 00 1E BF 
00 FF FF 00 10 0D 22 93 00 00 02 00 00 10 15 EC 0C 00 00 08 DA 
00 FF FF 00 10 0D 22 93 00 00 02 00 00 10 15 ED 0C 00 00 08 AC 
00 FF FF 00 10 0D 22 93 00 00 02 00 00 10 15 EE 0C 00 00 26 15 
00 FF FF 00 10 0D 22 93 00 00 02 00 00 10 15 EF 0C 00 00 2D 74 
00 FF FF 00 10 0D 22 93 00 00 02 00 00 10 15 F0 0C 00 00 08 CC 
00 FF FF 00 10 0D 22 93 00 00 02 00 00 10 15 F2 0C 00 00 1D E3 
00 FF FF 00 10 0D 22 93 00 00 02 00 00 10 15 F3 0C 00 00 0E 5E 
00 FF FF 00 10 0D 22 93 00 00 02 00 00 10 15 F4 0C 00 00 0F 81 
00 FF FF 00 10 0D 22 93 00 00 02 00 00 10 15 F5 0C 00 00 0B D7 
00 FF FF 00 10 0D 22 93 00 00 02 00 00 10 15 F6 0C 00 00 27 4C 
00 FF FF 00 10 0D 22 93 00 00 02 00 00 10 15 F7 0C 00 00 3A 34 
00 FF FF 00 10 0D 22 93 00 00 02 00 00 10 15 F8 0C 00 00 0E 19 
00 FF FF 00 10 0D 22 93 00 00 02 00 00 10 15 F9 0C 00 00 0D 17 
00 FF FF 00 10 0D 22 93 00 00 02 00 00 10 15 FA 0C 00 00 27 B1 
00 FF FF 00 10 0D 22 93 00 00 02 00 00 10 15 FB 0C 00 00 0A 6C 
00 FF FF 00 10 0D 22 93 00 00 02 00 00 10 15 FC 0C 00 00 16 0A 
00 FF FF 00 10 0D 22 93 00 00 02 00 00 10 15 FD 0C 00 00 0C 18 
00 FF FF 00 10 0D 22 93 00 00 02 00 00 10 15 FE 0C 00 00 2D 11 
00 FF FF 00 10 0D 22 93 00 00 02 00 00 10 15 FF 0C 00 00 18 D5 
00 FF FF 00 10 0D 22 93 00 00 02 00 00 10 16 01 0C 00 00 33 6D 
00 FF FF 00 10 0D 22 93 00 00 02 00 00 10 16 02 0C 00 00 28 A4 
00 FF FF 00 10 0D 22 93 00 00 02 00 00 10 16 04 0C 00 00 0C 0E 
00 FF FF 00 10 0D 22 93 00 00 02 00 00 10 16 05 0C 00 00 18 A6 
00 FF FF 00 10 0D 22 93 00 00 02 00 00 10 16 06 0C 00 00 0C E9 
00 FF FF 00 10 0D 22 93 00 00 02 00 00 10 16 07 0C 00 00 23 58 
00 FF FF 00 10 0D 22 93 00 00 02 00 00 10 16 08 0C 00 00 16 31 
00 FF FF 00 10 0D 22 93 00 00 02 00 00 10 16 09 0C 00 00 35 99 
00 FF FF 00 10 0D 22 93 00 00 02 00 00 10 16 0A 0C 00 00 0A 68 
00 FF FF 00 10 0D 22 93 00 00 02 00 00 10 16 0B 0C 00 00 11 B1 
00 FF FF 00 10 0D 22 93 00 00 02 00 00 10 16 0C 0C 00 00 06 E4 
00 FF FF 00 10 0D 22 93 00 00 02 00 00 10 16 0D 0C 00 00 0C 53 
00 FF FF 00 10 0D 22 93 00 00 02 00 00 10 16 0E 0C 00 00 1B DE 
00 FF FF 00 10 0D 22 93 00 00 02 00 00 10 16 0F 0C 00 00 26 F1 
00 FF FF 00 10 0D 22 93 00 00 02 00 00 10 16 10 0C 00 00 2A 1E 
00 FF FF 00 10 0D 22 93 00 00 02 00 00 10 16 11 0C 00 00 0B 4B 
00 FF FF 00 10 0D 22 93 00 00 02 00 00 10 16 12 0C 00 00 16 32 
00 FF FF 00 10 0D 22 93 00 00 02 00 00 10 16 13 0C 00 00 06 FD 
00 FF FF 00 10 0D 22 93 00 00 02 00 00 10 16 14 0C 00 00 06 E7 
00 FF FF 00 10 0D 22 93 00 00 02 00 00 10 16 15 0C 00 00 02 F7 
00 FF FF 00 10 0D 22 93 00 00 02 00 00 10 16 16 0C 00 00 0F 2D 
00 FF FF 00 10 0D 22 93 00 00 02 00 00 10 16 17 0C 00 00 0B F7 
00 FF FF 00 10 0D 22 93 00 00 02 00 00 10 16 18 0C 00 00 30 89 
00 FF FF 00 10 0D 22 93 00 00 02 00 00 10 16 19 0C 00 00 2D 0B 
00 FF FF 00 10 0D 22 93 00 00 02 00 00 10 16 1A 0C 00 00 17 CF 
00 FF FF 00 10 0D 22 93 00 00 02 00 00 10 16 1B 0C 00 00 0F 17 
00 FF FF 00 10 0D 22 93 00 00 02 00 00 10 16 1C 0C 00 00 30 76 
00 FF FF 00 10 0D 22 93 00 00 02 00 00 10 16 1D 0C 00 00 0D 31 
00 FF FF 00 10 0D 22 93 00 00 02 00 00 10 16 1E 0C 00 00 14 34 
00 FF FF 00 10 0D 22 93 00 00 02 00 00 10 16 20 0C 00 00 1C 1C 
00 FF FF 00 10 0D 22 93 00 00 02 00 00 10 16 21 0C 00 00 2E D5 
00 FF FF 00 10 0D 22 93 00 00 02 00 00 10 16 22 0C 00 00 15 8E 
00 FF FF 00 10 0D 22 93 00 00 02 00 00 10 16 23 0C 00 00 10 63 
00 FF FF 00 10 0D 22 93 00 00 02 00 00 10 16 24 0C 00 00 0D 90 
00 FF FF 00 10 0D 22 93 00 00 02 00 00 10 16 25 0C 00 00 0C 94 
00 FF FF 00 10 0D 22 93 00 00 02 00 00 10 16 26 0C 00 00 10 84 
00 FF FF 00 10 0D 22 93 00 00 02 00 00 10 16 27 0C 00 00 09 F2 
00 FF FF 00 10 0D 22 93 00 00 02 00 00 10 16 28 0C 00 00 18 C4 
00 FF FF 00 10 0D 22 93 00 00 02 00 00 10 16 29 0C 00 00 2A 11 
00 FF FF 00 10 0D 22 93 00 00 02 00 00 10 16 2A 0C 00 00 12 27 
00 FF FF 00 10 0D 22 93 00 00 02 00 00 10 16 2B 0C 00 00 10 EC 
00 FF FF 00 10 0D 22 93 00 00 02 00 00 10 16 2C 0C 00 00 10 E3 
00 FF FF 00 10 0D 22 93 00 00 02 00 00 10 16 2E 0C 00 00 15 DF 
00 FF FF 00 10 0D 22 93 00 00 02 00 00 10 16 2F 0C 00 00 18 F9 
00 FF FF 00 10 0D 22 93 00 00 02 00 00 10 16 30 0C 00 00 11 CE 
00 FF FF 00 10 0D 22 93 00 00 02 00 00 10 16 31 0C 00 00 0C F0 
00 FF FF 00 10 0D 22 93 00 00 02 00 00 10 16 32 0C 00 00 16 52 
00 FF FF 00 10 0D 22 93 00 00 02 00 00 10 16 33 0C 00 00 3B 29 
00 FF FF 00 10 0D 22 93 00 00 02 00 00 10 16 34 0C 00 00 23 3D 
00 FF FF 00 10 0D 22 93 00 00 02 00 00 10 16 35 0C 00 00 10 DE 
00 FF FF 00 10 0D 22 93 00 00 02 00 00 10 16 36 0C 00 00 18 DC 
00 FF FF 00 10 0D 22 93 00 00 02 00 00 10 16 37 0C 00 00 09 B8 
00 FF FF 00 10 0D 22 93 00 00 02 00 00 10 16 38 0C 00 00 16 5E 
00 FF FF 00 10 0D 22 93 00 00 02 00 00 10 16 39 0C 00 00 17 33 
00 FF FF 00 10 0D 22 93 00 00 02 00 00 10 16 3A 0C 00 00 18 3A 
00 FF FF 00 10 0D 22 93 00 00 02 00 00 10 16 3B 0C 00 00 0F 5E 
00 FF FF 00 10 0D 22 93 00 00 02 00 00 10 16 3C 0C 00 00 05 AC 
00 FF FF 00 10 0D 22 93 00 00 02 00 00 10 16 3E 0C 00 00 26 C7 
00 FF FF 00 10 0D 22 93 00 00 02 00 00 10 16 3F 0C 00 00 08 09 
00 FF FF 00 10 0D 22 93 00 00 02 00 00 10 16 40 0C 00 00 0A 01 
00 FF FF 00 10 0D 22 93 00 00 02 00 00 10 16 42 0C 00 00 05 F8 
00 FF FF 00 10 0D 22 93 00 00 02 00 00 10 16 43 0C 00 00 1F 3D 
00 FF FF 00 10 0D 22 93 00 00 02 00 00 10 16 44 0C 00 00 36 88 
