00 FF FF 00 13 0D 22 93 00 00 01 00 00 13 00 2E 0D 00 00 09 35 
00 FF FF 00 13 0D 22 93 00 00 01 00 00 13 00 2F 0D 00 00 0B 7B 
00 FF FF 00 13 0D 22 93 00 00 01 00 00 13 00 30 0D 00 00 0A D0 
00 FF FF 00 13 0D 22 93 00 00 01 00 00 13 00 31 0D 00 00 08 DA 
00 FF FF 00 13 0D 22 93 00 00 01 00 00 13 00 32 0D 00 00 0D E5 
00 FF FF 00 13 0D 22 93 00 00 01 00 00 13 00 33 0D 00 00 0A 2F 
00 FF FF 00 13 0D 22 93 00 00 01 00 00 13 00 34 0D 00 00 08 D4 
00 FF FF 00 13 0D 22 93 00 00 01 00 00 13 00 35 0D 00 00 07 D4 
00 FF FF 00 13 0D 22 93 00 00 01 00 00 13 00 36 0D 00 00 08 DA 
00 FF FF 00 13 0D 22 93 00 00 01 00 00 13 00 37 0D 00 00 08 C8 
00 FF FF 00 13 0D 22 93 00 00 01 00 00 13 00 3A 0D 00 00 09 65 
00 FF FF 00 13 0D 22 93 00 00 01 00 00 13 00 3B 0D 00 00 07 FC 
00 FF FF 00 13 0D 22 93 00 00 01 00 00 13 00 3C 0D 00 00 08 4C 
00 FF FF 00 13 0D 22 93 00 00 01 00 00 13 00 3D 0D 00 00 09 1F 
00 FF FF 00 13 0D 22 93 00 00 01 00 00 13 00 3E 0D 00 00 07 F7 
00 FF FF 00 13 0D 22 93 00 00 01 00 00 13 00 3F 0D 00 00 08 89 
00 FF FF 00 13 0D 22 93 00 00 01 00 00 13 00 40 0D 00 00 0B 72 
00 FF FF 00 13 0D 22 93 00 00 01 00 00 13 00 41 0D 00 00 0A 30 
00 FF FF 00 13 0D 22 93 00 00 01 00 00 13 00 42 0D 00 00 08 D9 
00 FF FF 00 13 0D 22 93 00 00 01 00 00 13 00 43 0D 00 00 0C 51 
00 FF FF 00 13 0D 22 93 00 00 01 00 00 13 00 44 0D 00 00 0B 58 
00 FF FF 00 13 0D 22 93 00 00 01 00 00 13 00 45 0D 00 00 09 DA 
00 FF FF 00 13 0D 22 93 00 00 01 00 00 13 00 46 0D 00 00 09 26 
00 FF FF 00 13 0D 22 93 00 00 01 00 00 13 00 47 0D 00 00 07 F6 
00 FF FF 00 13 0D 22 93 00 00 01 00 00 13 00 48 0D 00 00 0B FC 
00 FF FF 00 13 0D 22 93 00 00 01 00 00 13 00 49 0D 00 00 0A 82 
00 FF FF 00 13 0D 22 93 00 00 01 00 00 13 00 4A 0D 00 00 08 35 
00 FF FF 00 13 0D 22 93 00 00 01 00 00 13 00 4B 0D 00 00 07 D1 
00 FF FF 00 13 0D 22 93 00 00 01 00 00 13 00 4C 0D 00 00 09 5B 
00 FF FF 00 13 0D 22 93 00 00 01 00 00 13 00 4D 0D 00 00 08 45 
00 FF FF 00 13 0D 22 93 00 00 01 00 00 13 00 4E 0D 00 00 09 2D 
00 FF FF 00 13 0D 22 93 00 00 01 00 00 13 00 4F 0D 00 00 09 B4 
00 FF FF 00 13 0D 22 93 00 00 01 00 00 13 00 50 0D 00 00 0A 34 
00 FF FF 00 13 0D 22 93 00 00 01 00 00 13 00 51 0D 00 00 08 0F 
00 FF FF 00 13 0D 22 93 00 00 01 00 00 13 00 52 0D 00 00 08 86 
00 FF FF 00 13 0D 22 93 00 00 01 00 00 13 00 53 0D 00 00 08 D1 
00 FF FF 00 13 0D 22 93 00 00 01 00 00 13 00 54 0D 00 00 09 33 
00 FF FF 00 13 0D 22 93 00 00 01 00 00 13 00 55 0D 00 00 08 62 
00 FF FF 00 13 0D 22 93 00 00 01 00 00 13 00 56 0D 00 00 0C 50 
00 FF FF 00 13 0D 22 93 00 00 01 00 00 13 00 57 0D 00 00 08 73 
00 FF FF 00 13 0D 22 93 00 00 01 00 00 13 00 58 0D 00 00 08 2E 
00 FF FF 00 13 0D 22 93 00 00 01 00 00 13 00 59 0D 00 00 09 A9 
00 FF FF 00 13 0D 22 93 00 00 01 00 00 13 00 5A 0D 00 00 08 BF 
00 FF FF 00 13 0D 22 93 00 00 01 00 00 13 00 5B 0D 00 00 08 0E 
00 FF FF 00 13 0D 22 93 00 00 01 00 00 13 00 5C 0D 00 00 0B 62 
00 FF FF 00 13 0D 22 93 00 00 01 00 00 13 00 5D 0D 00 00 08 79 
00 FF FF 00 13 0D 22 93 00 00 01 00 00 13 00 5E 0D 00 00 08 2E 
00 FF FF 00 13 0D 22 93 00 00 01 00 00 13 00 5F 0D 00 00 09 59 
00 FF FF 00 13 0D 22 93 00 00 01 00 00 13 00 60 0D 00 00 08 54 
00 FF FF 00 13 0D 22 93 00 00 01 00 00 13 00 61 0D 00 00 09 42 
00 FF FF 00 13 0D 22 93 00 00 01 00 00 13 00 62 0D 00 00 08 79 
00 FF FF 00 13 0D 22 93 00 00 01 00 00 13 00 63 0D 00 00 0F 4F 
00 FF FF 00 13 0D 22 93 00 00 01 00 00 13 00 64 0D 00 00 09 39 
00 FF FF 00 13 0D 22 93 00 00 01 00 00 13 00 65 0D 00 00 07 E4 
00 FF FF 00 13 0D 22 93 00 00 01 00 00 13 00 66 0D 00 00 08 E8 
00 FF FF 00 13 0D 22 93 00 00 01 00 00 13 00 67 0D 00 00 0C 03 
00 FF FF 00 13 0D 22 93 00 00 01 00 00 13 00 68 0D 00 00 09 49 
00 FF FF 00 13 0D 22 93 00 00 01 00 00 13 00 69 0D 00 00 0F 9E 
00 FF FF 00 13 0D 22 93 00 00 01 00 00 13 00 6A 0D 00 00 09 3E 
00 FF FF 00 13 0D 22 93 00 00 01 00 00 13 00 6B 0D 00 00 08 18 
00 FF FF 00 13 0D 22 93 00 00 01 00 00 13 00 6C 0D 00 00 08 A4 
00 FF FF 00 13 0D 22 93 00 00 01 00 00 13 00 6D 0D 00 00 08 EE 
00 FF FF 00 13 0D 22 93 00 00 01 00 00 13 00 6E 0D 00 00 08 9A 
00 FF FF 00 13 0D 22 93 00 00 01 00 00 13 00 6F 0D 00 00 0B 14 
00 FF FF 00 13 0D 22 93 00 00 01 00 00 13 00 70 0D 00 00 08 0B 
00 FF FF 00 13 0D 22 93 00 00 01 00 00 13 00 71 0D 00 00 0B 3F 
00 FF FF 00 13 0D 22 93 00 00 01 00 00 13 00 72 0D 00 00 07 F8 
00 FF FF 00 13 0D 22 93 00 00 01 00 00 13 00 73 0D 00 00 08 59 
00 FF FF 00 13 0D 22 93 00 00 01 00 00 13 00 74 0D 00 00 08 06 
00 FF FF 00 13 0D 22 93 00 00 01 00 00 13 00 75 0D 00 00 08 4E 
00 FF FF 00 13 0D 22 93 00 00 01 00 00 13 00 76 0D 00 00 0A 89 
00 FF FF 00 13 0D 22 93 00 00 01 00 00 13 00 77 0D 00 00 0C DE 
00 FF FF 00 13 0D 22 93 00 00 01 00 00 13 00 78 0D 00 00 0B 5A 
00 FF FF 00 13 0D 22 93 00 00 01 00 00 13 00 79 0D 00 00 08 93 
00 FF FF 00 13 0D 22 93 00 00 01 00 00 13 00 7A 0D 00 00 09 BF 
00 FF FF 00 13 0D 22 93 00 00 01 00 00 13 00 7B 0D 00 00 0A 60 
00 FF FF 00 13 0D 22 93 00 00 01 00 00 13 00 7C 0D 00 00 0A F1 
00 FF FF 00 13 0D 22 93 00 00 01 00 00 13 00 7D 0D 00 00 08 25 
00 FF FF 00 13 0D 22 93 00 00 01 00 00 13 00 7E 0D 00 00 08 A6 
00 FF FF 00 13 0D 22 93 00 00 01 00 00 13 00 7F 0D 00 00 08 1D 
00 FF FF 00 13 0D 22 93 00 00 01 00 00 13 00 80 0D 00 00 09 25 
00 FF FF 00 13 0D 22 93 00 00 01 00 00 13 00 81 0D 00 00 08 43 
00 FF FF 00 13 0D 22 93 00 00 01 00 00 13 00 82 0D 00 00 09 7A 
00 FF FF 00 13 0D 22 93 00 00 01 00 00 13 00 83 0D 00 00 09 EA 
00 FF FF 00 13 0D 22 93 00 00 01 00 00 13 00 84 0D 00 00 0D B9 
00 FF FF 00 13 0D 22 93 00 00 01 00 00 13 00 85 0D 00 00 11 62 
00 FF FF 00 13 0D 22 93 00 00 01 00 00 13 00 86 0D 00 00 08 D9 
00 FF FF 00 13 0D 22 93 00 00 01 00 00 13 00 87 0D 00 00 09 AA 
00 FF FF 00 13 0D 22 93 00 00 01 00 00 13 00 88 0D 00 00 08 9A 
00 FF FF 00 13 0D 22 93 00 00 01 00 00 13 00 89 0D 00 00 0C FC 
00 FF FF 00 13 0D 22 93 00 00 01 00 00 13 00 8A 0D 00 00 07 E7 
00 FF FF 00 13 0D 22 93 00 00 01 00 00 13 00 8B 0D 00 00 08 03 
00 FF FF 00 13 0D 22 93 00 00 01 00 00 13 00 8C 0D 00 00 08 A0 
00 FF FF 00 13 0D 22 93 00 00 01 00 00 13 00 8D 0D 00 00 0A 5D 
00 FF FF 00 13 0D 22 93 00 00 01 00 00 13 00 8E 0D 00 00 0A F5 
00 FF FF 00 13 0D 22 93 00 00 01 00 00 13 00 8F 0D 00 00 10 0B 
00 FF FF 00 13 0D 22 93 00 00 01 00 00 13 00 90 0D 00 00 08 89 
00 FF FF 00 13 0D 22 93 00 00 01 00 00 13 00 91 0D 00 00 08 2D 
00 FF FF 00 13 0D 22 93 00 00 01 00 00 13 00 92 0D 00 00 07 D5 
00 FF FF 00 13 0D 22 93 00 00 01 00 00 13 00 93 0D 00 00 09 27 
00 FF FF 00 13 0D 22 93 00 00 01 00 00 13 00 94 0D 00 00 08 EF 
00 FF FF 00 13 0D 22 93 00 00 01 00 00 13 00 95 0D 00 00 07 E9 
00 FF FF 00 13 0D 22 93 00 00 01 00 00 13 00 96 0D 00 00 0C 18 
00 FF FF 00 13 0D 22 93 00 00 01 00 00 13 00 97 0D 00 00 0B 3B 
00 FF FF 00 13 0D 22 93 00 00 01 00 00 13 00 98 0D 00 00 0C 7F 
00 FF FF 00 13 0D 22 93 00 00 01 00 00 13 00 99 0D 00 00 0A 03 
00 FF FF 00 13 0D 22 93 00 00 01 00 00 13 00 9A 0D 00 00 08 36 
00 FF FF 00 13 0D 22 93 00 00 01 00 00 13 00 9B 0D 00 00 09 EB 
00 FF FF 00 13 0D 22 93 00 00 01 00 00 13 00 9C 0D 00 00 09 2F 
00 FF FF 00 13 0D 22 93 00 00 01 00 00 13 00 9D 0D 00 00 08 8F 
00 FF FF 00 13 0D 22 93 00 00 01 00 00 13 00 9F 0D 00 00 0D 57 
00 FF FF 00 13 0D 22 93 00 00 01 00 00 13 00 A0 0D 00 00 0B 27 
00 FF FF 00 13 0D 22 93 00 00 01 00 00 13 00 A1 0D 00 00 13 71 
00 FF FF 00 13 0D 22 93 00 00 01 00 00 13 00 A2 0D 00 00 0A C1 
00 FF FF 00 13 0D 22 93 00 00 01 00 00 13 00 A3 0D 00 00 08 8E 
00 FF FF 00 13 0D 22 93 00 00 01 00 00 13 00 A4 0D 00 00 08 08 
00 FF FF 00 13 0D 22 93 00 00 01 00 00 13 00 A5 0D 00 00 0A F0 
00 FF FF 00 13 0D 22 93 00 00 01 00 00 13 00 A6 0D 00 00 07 EA 
00 FF FF 00 13 0D 22 93 00 00 01 00 00 13 00 A7 0D 00 00 0D 93 
00 FF FF 00 13 0D 22 93 00 00 01 00 00 13 00 A8 0D 00 00 0A BA 
00 FF FF 00 13 0D 22 93 00 00 01 00 00 13 00 A9 0D 00 00 0D 86 
00 FF FF 00 13 0D 22 93 00 00 01 00 00 13 00 AA 0D 00 00 0C 40 
00 FF FF 00 13 0D 22 93 00 00 01 00 00 13 00 AB 0D 00 00 08 99 
00 FF FF 00 13 0D 22 93 00 00 01 00 00 13 00 AC 0D 00 00 08 12 
00 FF FF 00 13 0D 22 93 00 00 01 00 00 13 00 AD 0D 00 00 07 D3 
00 FF FF 00 13 0D 22 93 00 00 01 00 00 13 00 AE 0D 00 00 1F DA 
00 FF FF 00 13 0D 22 93 00 00 01 00 00 13 00 AF 0D 00 00 0B A4 
00 FF FF 00 13 0D 22 93 00 00 01 00 00 13 00 B0 0D 00 00 0D 1D 
00 FF FF 00 13 0D 22 93 00 00 01 00 00 13 00 B1 0D 00 00 08 55 
00 FF FF 00 13 0D 22 93 00 00 01 00 00 13 00 B2 0D 00 00 08 14 
00 FF FF 00 13 0D 22 93 00 00 01 00 00 13 00 B3 0D 00 00 07 E5 
00 FF FF 00 13 0D 22 93 00 00 01 00 00 13 00 B4 0D 00 00 09 1F 
