00 FF FF 00 11 0D 22 93 00 00 01 00 00 11 00 66 0D 00 00 05 D4 
00 FF FF 00 11 0D 22 93 00 00 01 00 00 11 00 67 0D 00 00 0A 08 
00 FF FF 00 11 0D 22 93 00 00 01 00 00 11 00 68 0D 00 00 07 32 
00 FF FF 00 11 0D 22 93 00 00 01 00 00 11 00 69 0D 00 00 08 90 
00 FF FF 00 11 0D 22 93 00 00 01 00 00 11 00 6A 0D 00 00 06 DF 
00 FF FF 00 11 0D 22 93 00 00 01 00 00 11 00 6B 0D 00 00 07 70 
00 FF FF 00 11 0D 22 93 00 00 01 00 00 11 00 6C 0D 00 00 0A B1 
00 FF FF 00 11 0D 22 93 00 00 01 00 00 11 00 6D 0D 00 00 05 D2 
00 FF FF 00 11 0D 22 93 00 00 01 00 00 11 00 6E 0D 00 00 14 6E 
00 FF FF 00 11 0D 22 93 00 00 01 00 00 11 00 6F 0D 00 00 07 AF 
00 FF FF 00 11 0D 22 93 00 00 01 00 00 11 00 70 0D 00 00 08 F4 
00 FF FF 00 11 0D 22 93 00 00 01 00 00 11 00 71 0D 00 00 0C 50 
00 FF FF 00 11 0D 22 93 00 00 01 00 00 11 00 72 0D 00 00 07 E0 
00 FF FF 00 11 0D 22 93 00 00 01 00 00 11 00 73 0D 00 00 09 72 
00 FF FF 00 11 0D 22 93 00 00 01 00 00 11 00 74 0D 00 00 07 C5 
00 FF FF 00 11 0D 22 93 00 00 01 00 00 11 00 75 0D 00 00 0B 90 
00 FF FF 00 11 0D 22 93 00 00 01 00 00 11 00 76 0D 00 00 04 B0 
00 FF FF 00 11 0D 22 93 00 00 01 00 00 11 00 77 0D 00 00 0C 9B 
00 FF FF 00 11 0D 22 93 00 00 01 00 00 11 00 78 0D 00 00 06 08 
00 FF FF 00 11 0D 22 93 00 00 01 00 00 11 00 79 0D 00 00 0B 7E 
00 FF FF 00 11 0D 22 93 00 00 01 00 00 11 00 7A 0D 00 00 05 11 
00 FF FF 00 11 0D 22 93 00 00 01 00 00 11 00 7B 0D 00 00 07 B0 
00 FF FF 00 11 0D 22 93 00 00 01 00 00 11 00 7C 0D 00 00 0B 78 
00 FF FF 00 11 0D 22 93 00 00 01 00 00 11 00 7D 0D 00 00 07 6D 
00 FF FF 00 11 0D 22 93 00 00 01 00 00 11 00 7E 0D 00 00 0C 3C 
00 FF FF 00 11 0D 22 93 00 00 01 00 00 11 00 7F 0D 00 00 05 B0 
00 FF FF 00 11 0D 22 93 00 00 01 00 00 11 00 80 0D 00 00 0D 04 
00 FF FF 00 11 0D 22 93 00 00 01 00 00 11 00 81 0D 00 00 0B 65 
00 FF FF 00 11 0D 22 93 00 00 01 00 00 11 00 82 0D 00 00 0A 7D 
00 FF FF 00 11 0D 22 93 00 00 01 00 00 11 00 83 0D 00 00 07 1D 
00 FF FF 00 11 0D 22 93 00 00 01 00 00 11 00 84 0D 00 00 08 24 
00 FF FF 00 11 0D 22 93 00 00 01 00 00 11 00 85 0D 00 00 0C 8A 
00 FF FF 00 11 0D 22 93 00 00 01 00 00 11 00 86 0D 00 00 05 F5 
00 FF FF 00 11 0D 22 93 00 00 01 00 00 11 00 87 0D 00 00 09 23 
00 FF FF 00 11 0D 22 93 00 00 01 00 00 11 00 88 0D 00 00 0A F7 
00 FF FF 00 11 0D 22 93 00 00 01 00 00 11 00 89 0D 00 00 0B 00 
00 FF FF 00 11 0D 22 93 00 00 01 00 00 11 00 8A 0D 00 00 08 90 
00 FF FF 00 11 0D 22 93 00 00 01 00 00 11 00 8B 0D 00 00 0A 7A 
00 FF FF 00 11 0D 22 93 00 00 01 00 00 11 00 8C 0D 00 00 07 02 
00 FF FF 00 11 0D 22 93 00 00 01 00 00 11 00 8D 0D 00 00 0B 93 
00 FF FF 00 11 0D 22 93 00 00 01 00 00 11 00 8E 0D 00 00 06 CE 
00 FF FF 00 11 0D 22 93 00 00 01 00 00 11 00 8F 0D 00 00 0B AF 
00 FF FF 00 11 0D 22 93 00 00 01 00 00 11 00 90 0D 00 00 08 78 
00 FF FF 00 11 0D 22 93 00 00 01 00 00 11 00 91 0D 00 00 0C C9 
00 FF FF 00 11 0D 22 93 00 00 01 00 00 11 00 92 0D 00 00 0B 9F 
00 FF FF 00 11 0D 22 93 00 00 01 00 00 11 00 93 0D 00 00 06 E0 
00 FF FF 00 11 0D 22 93 00 00 01 00 00 11 00 94 0D 00 00 0B 9C 
00 FF FF 00 11 0D 22 93 00 00 01 00 00 11 00 95 0D 00 00 09 41 
00 FF FF 00 11 0D 22 93 00 00 01 00 00 11 00 96 0D 00 00 0A 9F 
00 FF FF 00 11 0D 22 93 00 00 01 00 00 11 00 97 0D 00 00 06 F5 
00 FF FF 00 11 0D 22 93 00 00 01 00 00 11 00 98 0D 00 00 0B D5 
00 FF FF 00 11 0D 22 93 00 00 01 00 00 11 00 99 0D 00 00 07 00 
00 FF FF 00 11 0D 22 93 00 00 01 00 00 11 00 9A 0D 00 00 0A E0 
00 FF FF 00 11 0D 22 93 00 00 01 00 00 11 00 9B 0D 00 00 0B 8F 
00 FF FF 00 11 0D 22 93 00 00 01 00 00 11 00 9C 0D 00 00 09 0C 
00 FF FF 00 11 0D 22 93 00 00 01 00 00 11 00 9D 0D 00 00 0E 0D 
00 FF FF 00 11 0D 22 93 00 00 01 00 00 11 00 9E 0D 00 00 08 07 
00 FF FF 00 11 0D 22 93 00 00 01 00 00 11 00 9F 0D 00 00 08 23 
00 FF FF 00 11 0D 22 93 00 00 01 00 00 11 00 A0 0D 00 00 06 BF 
00 FF FF 00 11 0D 22 93 00 00 01 00 00 11 00 A1 0D 00 00 0B 5A 
00 FF FF 00 11 0D 22 93 00 00 01 00 00 11 00 A2 0D 00 00 08 0B 
00 FF FF 00 11 0D 22 93 00 00 01 00 00 11 00 A3 0D 00 00 08 03 
00 FF FF 00 11 0D 22 93 00 00 01 00 00 11 00 A4 0D 00 00 0A 57 
00 FF FF 00 11 0D 22 93 00 00 01 00 00 11 00 A5 0D 00 00 09 50 
00 FF FF 00 11 0D 22 93 00 00 01 00 00 11 00 A6 0D 00 00 0D F4 
00 FF FF 00 11 0D 22 93 00 00 01 00 00 11 00 A7 0D 00 00 0A 7C 
00 FF FF 00 11 0D 22 93 00 00 01 00 00 11 00 A8 0D 00 00 09 70 
00 FF FF 00 11 0D 22 93 00 00 01 00 00 11 00 A9 0D 00 00 08 D1 
00 FF FF 00 11 0D 22 93 00 00 01 00 00 11 00 AA 0D 00 00 0D 0F 
00 FF FF 00 11 0D 22 93 00 00 01 00 00 11 00 AB 0D 00 00 0A 2E 
00 FF FF 00 11 0D 22 93 00 00 01 00 00 11 00 AC 0D 00 00 07 EC 
00 FF FF 00 11 0D 22 93 00 00 01 00 00 11 00 AD 0D 00 00 17 94 
00 FF FF 00 11 0D 22 93 00 00 01 00 00 11 00 AE 0D 00 00 07 B9 
00 FF FF 00 11 0D 22 93 00 00 01 00 00 11 00 AF 0D 00 00 0B D9 
00 FF FF 00 11 0D 22 93 00 00 01 00 00 11 00 B0 0D 00 00 07 70 
00 FF FF 00 11 0D 22 93 00 00 01 00 00 11 00 B1 0D 00 00 04 79 
00 FF FF 00 11 0D 22 93 00 00 01 00 00 11 00 B2 0D 00 00 0A 01 
00 FF FF 00 11 0D 22 93 00 00 01 00 00 11 00 B3 0D 00 00 0F 39 
00 FF FF 00 11 0D 22 93 00 00 01 00 00 11 00 B4 0D 00 00 08 1E 
00 FF FF 00 11 0D 22 93 00 00 01 00 00 11 00 B5 0D 00 00 0C 37 
00 FF FF 00 11 0D 22 93 00 00 01 00 00 11 00 B6 0D 00 00 07 AF 
00 FF FF 00 11 0D 22 93 00 00 01 00 00 11 00 B7 0D 00 00 0E 13 
00 FF FF 00 11 0D 22 93 00 00 01 00 00 11 00 B8 0D 00 00 06 72 
00 FF FF 00 11 0D 22 93 00 00 01 00 00 11 00 B9 0D 00 00 06 B0 
00 FF FF 00 11 0D 22 93 00 00 01 00 00 11 00 BA 0D 00 00 07 85 
00 FF FF 00 11 0D 22 93 00 00 01 00 00 11 00 BB 0D 00 00 09 5B 
00 FF FF 00 11 0D 22 93 00 00 01 00 00 11 00 BC 0D 00 00 09 56 
00 FF FF 00 11 0D 22 93 00 00 01 00 00 11 00 BD 0D 00 00 07 14 
00 FF FF 00 11 0D 22 93 00 00 01 00 00 11 00 BE 0D 00 00 0A 68 
00 FF FF 00 11 0D 22 93 00 00 01 00 00 11 00 BF 0D 00 00 07 53 
00 FF FF 00 11 0D 22 93 00 00 01 00 00 11 00 C0 0D 00 00 0B BE 
00 FF FF 00 11 0D 22 93 00 00 01 00 00 11 00 C1 0D 00 00 07 51 
00 FF FF 00 11 0D 22 93 00 00 01 00 00 11 00 C2 0D 00 00 07 8D 
00 FF FF 00 11 0D 22 93 00 00 01 00 00 11 00 C3 0D 00 00 08 02 
00 FF FF 00 11 0D 22 93 00 00 01 00 00 11 00 C4 0D 00 00 07 78 
00 FF FF 00 11 0D 22 93 00 00 01 00 00 11 00 C5 0D 00 00 0D 98 
00 FF FF 00 11 0D 22 93 00 00 01 00 00 11 00 C6 0D 00 00 15 E3 
00 FF FF 00 11 0D 22 93 00 00 01 00 00 11 00 C7 0D 00 00 04 F0 
00 FF FF 00 11 0D 22 93 00 00 01 00 00 11 00 C8 0D 00 00 16 B8 
00 FF FF 00 11 0D 22 93 00 00 01 00 00 11 00 C9 0D 00 00 06 F6 
00 FF FF 00 11 0D 22 93 00 00 01 00 00 11 00 CA 0D 00 00 08 74 
00 FF FF 00 11 0D 22 93 00 00 01 00 00 11 00 CB 0D 00 00 04 D5 
00 FF FF 00 11 0D 22 93 00 00 01 00 00 11 00 CC 0D 00 00 05 4F 
00 FF FF 00 11 0D 22 93 00 00 01 00 00 11 00 CD 0D 00 00 04 CB 
00 FF FF 00 11 0D 22 93 00 00 01 00 00 11 00 CE 0D 00 00 06 85 
00 FF FF 00 11 0D 22 93 00 00 01 00 00 11 00 CF 0D 00 00 05 2F 
00 FF FF 00 11 0D 22 93 00 00 01 00 00 11 00 D0 0D 00 00 08 E1 
00 FF FF 00 11 0D 22 93 00 00 01 00 00 11 00 D1 0D 00 00 04 D5 
00 FF FF 00 11 0D 22 93 00 00 01 00 00 11 00 D2 0D 00 00 04 D6 
00 FF FF 00 11 0D 22 93 00 00 01 00 00 11 00 D3 0D 00 00 05 46 
00 FF FF 00 11 0D 22 93 00 00 01 00 00 11 00 D4 0D 00 00 05 0A 
00 FF FF 00 11 0D 22 93 00 00 01 00 00 11 00 D5 0D 00 00 09 8D 
00 FF FF 00 11 0D 22 93 00 00 01 00 00 11 00 D6 0D 00 00 05 F5 
00 FF FF 00 11 0D 22 93 00 00 01 00 00 11 00 D7 0D 00 00 05 52 
00 FF FF 00 11 0D 22 93 00 00 01 00 00 11 00 D8 0D 00 00 05 3A 
00 FF FF 00 11 0D 22 93 00 00 01 00 00 11 00 D9 0D 00 00 05 01 
00 FF FF 00 11 0D 22 93 00 00 01 00 00 11 00 DA 0D 00 00 07 89 
00 FF FF 00 11 0D 22 93 00 00 01 00 00 11 00 DB 0D 00 00 05 D1 
00 FF FF 00 11 0D 22 93 00 00 01 00 00 11 00 DC 0D 00 00 05 36 
00 FF FF 00 11 0D 22 93 00 00 01 00 00 11 00 DD 0D 00 00 04 95 
00 FF FF 00 11 0D 22 93 00 00 01 00 00 11 00 DE 0D 00 00 04 7C 
00 FF FF 00 11 0D 22 93 00 00 01 00 00 11 00 DF 0D 00 00 04 C9 
00 FF FF 00 11 0D 22 93 00 00 01 00 00 11 00 E0 0D 00 00 0A 15 
00 FF FF 00 11 0D 22 93 00 00 01 00 00 11 00 E1 0D 00 00 04 B3 
00 FF FF 00 11 0D 22 93 00 00 01 00 00 11 00 E2 0D 00 00 06 9E 
00 FF FF 00 11 0D 22 93 00 00 01 00 00 11 00 E3 0D 00 00 05 28 
00 FF FF 00 11 0D 22 93 00 00 01 00 00 11 00 E4 0D 00 00 08 2E 
00 FF FF 00 11 0D 22 93 00 00 01 00 00 11 00 E5 0D 00 00 04 CC 
00 FF FF 00 11 0D 22 93 00 00 01 00 00 11 00 E6 0D 00 00 05 7A 
00 FF FF 00 11 0D 22 93 00 00 01 00 00 11 00 E7 0D 00 00 05 38 
00 FF FF 00 11 0D 22 93 00 00 01 00 00 11 00 E8 0D 00 00 06 B9 
00 FF FF 00 11 0D 22 93 00 00 01 00 00 11 00 E9 0D 00 00 06 1A 
00 FF FF 00 11 0D 22 93 00 00 01 00 00 11 00 EA 0D 00 00 04 8B 
00 FF FF 00 11 0D 22 93 00 00 01 00 00 11 00 EB 0D 00 00 04 C6 
00 FF FF 00 11 0D 22 93 00 00 01 00 00 11 00 EC 0D 00 00 05 C6 
00 FF FF 00 11 0D 22 93 00 00 01 00 00 11 00 ED 0D 00 00 05 5A 
00 FF FF 00 11 0D 22 93 00 00 01 00 00 11 00 EE 0D 00 00 04 D7 
00 FF FF 00 11 0D 22 93 00 00 01 00 00 11 00 EF 0D 00 00 05 99 
00 FF FF 00 11 0D 22 93 00 00 01 00 00 11 00 F0 0D 00 00 05 A0 
00 FF FF 00 11 0D 22 93 00 00 01 00 00 11 00 F1 0D 00 00 05 6A 
00 FF FF 00 11 0D 22 93 00 00 01 00 00 11 00 F2 0D 00 00 04 A7 
00 FF FF 00 11 0D 22 93 00 00 01 00 00 11 00 F3 0D 00 00 06 27 
00 FF FF 00 11 0D 22 93 00 00 01 00 00 11 00 F4 0D 00 00 09 6E 
00 FF FF 00 11 0D 22 93 00 00 01 00 00 11 00 F5 0D 00 00 04 A3 
00 FF FF 00 11 0D 22 93 00 00 01 00 00 11 00 F6 0D 00 00 05 09 
00 FF FF 00 11 0D 22 93 00 00 01 00 00 11 00 F7 0D 00 00 06 AE 
00 FF FF 00 11 0D 22 93 00 00 01 00 00 11 00 F8 0D 00 00 04 E1 
00 FF FF 00 11 0D 22 93 00 00 01 00 00 11 00 F9 0D 00 00 06 3D 
00 FF FF 00 11 0D 22 93 00 00 01 00 00 11 00 FA 0D 00 00 05 DB 
00 FF FF 00 11 0D 22 93 00 00 01 00 00 11 00 FB 0D 00 00 05 1B 
00 FF FF 00 11 0D 22 93 00 00 01 00 00 11 00 FC 0D 00 00 05 0B 
00 FF FF 00 11 0D 22 93 00 00 01 00 00 11 00 FD 0D 00 00 06 CF 
00 FF FF 00 11 0D 22 93 00 00 01 00 00 11 00 FE 0D 00 00 05 2D 
00 FF FF 00 11 0D 22 93 00 00 01 00 00 11 00 FF 0D 00 00 05 61 
00 FF FF 00 11 0D 22 93 00 00 01 00 00 11 01 00 0D 00 00 04 BE 
00 FF FF 00 11 0D 22 93 00 00 01 00 00 11 01 01 0D 00 00 06 1D 
00 FF FF 00 11 0D 22 93 00 00 01 00 00 11 01 02 0D 00 00 06 05 
00 FF FF 00 11 0D 22 93 00 00 01 00 00 11 01 03 0D 00 00 04 86 
00 FF FF 00 11 0D 22 93 00 00 01 00 00 11 01 04 0D 00 00 09 AA 
00 FF FF 00 11 0D 22 93 00 00 01 00 00 11 01 05 0D 00 00 06 19 
00 FF FF 00 11 0D 22 93 00 00 01 00 00 11 01 06 0D 00 00 08 02 
00 FF FF 00 11 0D 22 93 00 00 01 00 00 11 01 07 0D 00 00 04 E5 
00 FF FF 00 11 0D 22 93 00 00 01 00 00 11 01 08 0D 00 00 06 0A 
00 FF FF 00 11 0D 22 93 00 00 01 00 00 11 01 09 0D 00 00 06 FF 
00 FF FF 00 11 0D 22 93 00 00 01 00 00 11 01 0A 0D 00 00 04 BF 
00 FF FF 00 11 0D 22 93 00 00 01 00 00 11 01 0B 0D 00 00 06 DA 
00 FF FF 00 11 0D 22 93 00 00 01 00 00 11 01 0C 0D 00 00 09 9A 
00 FF FF 00 11 0D 22 93 00 00 01 00 00 11 01 0D 0D 00 00 0B A7 
00 FF FF 00 11 0D 22 93 00 00 01 00 00 11 01 0E 0D 00 00 05 B2 
00 FF FF 00 11 0D 22 93 00 00 01 00 00 11 01 0F 0D 00 00 04 8A 
00 FF FF 00 11 0D 22 93 00 00 01 00 00 11 01 10 0D 00 00 04 90 
00 FF FF 00 11 0D 22 93 00 00 01 00 00 11 01 11 0D 00 00 06 B4 
00 FF FF 00 11 0D 22 93 00 00 01 00 00 11 01 12 0D 00 00 05 09 
00 FF FF 00 11 0D 22 93 00 00 01 00 00 11 01 13 0D 00 00 05 7F 
00 FF FF 00 11 0D 22 93 00 00 01 00 00 11 01 14 0D 00 00 04 FF 
00 FF FF 00 11 0D 22 93 00 00 01 00 00 11 01 15 0D 00 00 06 BB 
00 FF FF 00 11 0D 22 93 00 00 01 00 00 11 01 16 0D 00 00 07 FE 
00 FF FF 00 11 0D 22 93 00 00 01 00 00 11 01 17 0D 00 00 07 32 
00 FF FF 00 11 0D 22 93 00 00 01 00 00 11 01 18 0D 00 00 06 70 
00 FF FF 00 11 0D 22 93 00 00 01 00 00 11 01 19 0D 00 00 07 9E 
00 FF FF 00 11 0D 22 93 00 00 01 00 00 11 01 1A 0D 00 00 04 EC 
00 FF FF 00 11 0D 22 93 00 00 01 00 00 11 01 1B 0D 00 00 04 92 
00 FF FF 00 11 0D 22 93 00 00 01 00 00 11 01 1C 0D 00 00 07 EC 
00 FF FF 00 11 0D 22 93 00 00 01 00 00 11 01 1D 0D 00 00 08 8C 
00 FF FF 00 11 0D 22 93 00 00 01 00 00 11 01 1E 0D 00 00 06 0B 
00 FF FF 00 11 0D 22 93 00 00 01 00 00 11 01 1F 0D 00 00 07 73 
00 FF FF 00 11 0D 22 93 00 00 01 00 00 11 01 20 0D 00 00 08 60 
00 FF FF 00 11 0D 22 93 00 00 01 00 00 11 01 21 0D 00 00 04 95 
00 FF FF 00 11 0D 22 93 00 00 01 00 00 11 01 22 0D 00 00 05 06 
00 FF FF 00 11 0D 22 93 00 00 01 00 00 11 01 23 0D 00 00 04 AB 
00 FF FF 00 11 0D 22 93 00 00 01 00 00 11 01 24 0D 00 00 08 72 
00 FF FF 00 11 0D 22 93 00 00 01 00 00 11 01 25 0D 00 00 06 72 
00 FF FF 00 11 0D 22 93 00 00 01 00 00 11 01 26 0D 00 00 07 76 
00 FF FF 00 11 0D 22 93 00 00 01 00 00 11 01 27 0D 00 00 04 81 
00 FF FF 00 11 0D 22 93 00 00 01 00 00 11 01 28 0D 00 00 05 17 
00 FF FF 00 11 0D 22 93 00 00 01 00 00 11 01 29 0D 00 00 04 80 
00 FF FF 00 11 0D 22 93 00 00 01 00 00 11 01 2A 0D 00 00 07 69 
00 FF FF 00 11 0D 22 93 00 00 01 00 00 11 01 2B 0D 00 00 04 C3 
00 FF FF 00 11 0D 22 93 00 00 01 00 00 11 01 2C 0D 00 00 04 C0 
00 FF FF 00 11 0D 22 93 00 00 01 00 00 11 01 2D 0D 00 00 07 15 
00 FF FF 00 11 0D 22 93 00 00 01 00 00 11 01 2E 0D 00 00 05 AD 
00 FF FF 00 11 0D 22 93 00 00 01 00 00 11 01 2F 0D 00 00 06 E2 
00 FF FF 00 11 0D 22 93 00 00 01 00 00 11 01 30 0D 00 00 09 90 
00 FF FF 00 11 0D 22 93 00 00 01 00 00 11 01 32 0D 00 00 0B 85 
00 FF FF 00 11 0D 22 93 00 00 01 00 00 11 01 33 0D 00 00 0A 56 
00 FF FF 00 11 0D 22 93 00 00 01 00 00 11 01 34 0D 00 00 08 C1 
00 FF FF 00 11 0D 22 93 00 00 01 00 00 11 01 35 0D 00 00 04 BA 
00 FF FF 00 11 0D 22 93 00 00 01 00 00 11 01 36 0D 00 00 0D 20 
00 FF FF 00 11 0D 22 93 00 00 01 00 00 11 01 37 0D 00 00 05 CD 
00 FF FF 00 11 0D 22 93 00 00 01 00 00 11 01 38 0D 00 00 04 B3 
00 FF FF 00 11 0D 22 93 00 00 01 00 00 11 01 39 0D 00 00 06 5B 
00 FF FF 00 11 0D 22 93 00 00 01 00 00 11 01 3A 0D 00 00 0B E8 
00 FF FF 00 11 0D 22 93 00 00 01 00 00 11 01 3B 0D 00 00 12 A2 
00 FF FF 00 11 0D 22 93 00 00 01 00 00 11 01 3D 0D 00 00 06 40 
00 FF FF 00 11 0D 22 93 00 00 01 00 00 11 01 3F 0D 00 00 07 0A 
00 FF FF 00 11 0D 22 93 00 00 01 00 00 11 01 42 0D 00 00 1E 08 
00 FF FF 00 11 0D 22 93 00 00 01 00 00 11 01 43 0D 00 00 05 8B 
00 FF FF 00 11 0D 22 93 00 00 01 00 00 11 01 44 0D 00 00 0A 0D 
00 FF FF 00 11 0D 22 93 00 00 01 00 00 11 01 45 0D 00 00 05 9E 
00 FF FF 00 11 0D 22 93 00 00 01 00 00 11 01 47 0D 00 00 0D 0E 
00 FF FF 00 11 0D 22 93 00 00 01 00 00 11 01 49 0D 00 00 18 68 
00 FF FF 00 11 0D 22 93 00 00 01 00 00 11 01 4B 0D 00 00 06 F4 
00 FF FF 00 11 0D 22 93 00 00 01 00 00 11 01 4F 0D 00 00 0A 40 
00 FF FF 00 11 0D 22 93 00 00 01 00 00 11 01 53 0D 00 00 18 F7 
00 FF FF 00 11 0D 22 93 00 00 01 00 00 11 01 54 0D 00 00 06 5B 
00 FF FF 00 11 0D 22 93 00 00 01 00 00 11 01 55 0D 00 00 0D 96 
00 FF FF 00 11 0D 22 93 00 00 01 00 00 11 01 58 0D 00 00 07 8F 
00 FF FF 00 11 0D 22 93 00 00 01 00 00 11 01 5A 0D 00 00 08 26 
00 FF FF 00 11 0D 22 93 00 00 01 00 00 11 01 5D 0D 00 00 07 57 
00 FF FF 00 11 0D 22 93 00 00 01 00 00 11 01 5E 0D 00 00 0B B5 
00 FF FF 00 11 0D 22 93 00 00 01 00 00 11 01 5F 0D 00 00 0E 0F 
00 FF FF 00 11 0D 22 93 00 00 01 00 00 11 01 60 0D 00 00 05 AE 
00 FF FF 00 11 0D 22 93 00 00 01 00 00 11 01 63 0D 00 00 09 F8 
00 FF FF 00 11 0D 22 93 00 00 01 00 00 11 01 64 0D 00 00 0C 5A 
00 FF FF 00 11 0D 22 93 00 00 01 00 00 11 01 66 0D 00 00 0A F3 
00 FF FF 00 11 0D 22 93 00 00 01 00 00 11 01 68 0D 00 00 09 C5 
00 FF FF 00 11 0D 22 93 00 00 01 00 00 11 01 6A 0D 00 00 0E A6 
00 FF FF 00 11 0D 22 93 00 00 01 00 00 11 01 6D 0D 00 00 1D E1 
00 FF FF 00 11 0D 22 93 00 00 01 00 00 11 01 70 0D 00 00 0B 89 
00 FF FF 00 11 0D 22 93 00 00 01 00 00 11 01 71 0D 00 00 0A 88 
00 FF FF 00 11 0D 22 93 00 00 01 00 00 11 01 75 0D 00 00 0F 83 
00 FF FF 00 11 0D 22 93 00 00 01 00 00 11 01 76 0D 00 00 0C 97 
00 FF FF 00 11 0D 22 93 00 00 01 00 00 11 01 78 0D 00 00 0E 0D 
00 FF FF 00 11 0D 22 93 00 00 01 00 00 11 01 7C 0D 00 00 08 51 
00 FF FF 00 11 0D 22 93 00 00 01 00 00 11 01 7D 0D 00 00 09 9F 
00 FF FF 00 11 0D 22 93 00 00 01 00 00 11 01 7E 0D 00 00 16 4B 
00 FF FF 00 11 0D 22 93 00 00 01 00 00 11 01 82 0D 00 00 0D 0A 
00 FF FF 00 11 0D 22 93 00 00 01 00 00 11 01 83 0D 00 00 13 C7 
00 FF FF 00 11 0D 22 93 00 00 01 00 00 11 01 85 0D 00 00 0D 42 
00 FF FF 00 11 0D 22 93 00 00 01 00 00 11 01 8A 0D 00 00 0C 17 
00 FF FF 00 11 0D 22 93 00 00 01 00 00 11 01 8C 0D 00 00 1B 4A 
00 FF FF 00 11 0D 22 93 00 00 01 00 00 11 01 91 0D 00 00 0A 1E 
00 FF FF 00 11 0D 22 93 00 00 01 00 00 11 01 93 0D 00 00 14 35 
00 FF FF 00 11 0D 22 93 00 00 01 00 00 11 01 9E 0D 00 00 14 99 
00 FF FF 00 11 0D 22 93 00 00 01 00 00 11 01 A1 0D 00 00 09 B7 
00 FF FF 00 11 0D 22 93 00 00 01 00 00 11 01 A5 0D 00 00 05 3D 
00 FF FF 00 11 0D 22 93 00 00 01 00 00 11 01 AA 0D 00 00 06 31 
00 FF FF 00 11 0D 22 93 00 00 01 00 00 11 01 AC 0D 00 00 0D A7 
00 FF FF 00 11 0D 22 93 00 00 01 00 00 11 01 AD 0D 00 00 17 25 
00 FF FF 00 11 0D 22 93 00 00 01 00 00 11 01 B1 0D 00 00 0D 00 
00 FF FF 00 11 0D 22 93 00 00 01 00 00 11 01 B3 0D 00 00 0B 0C 
00 FF FF 00 11 0D 22 93 00 00 01 00 00 11 01 B7 0D 00 00 05 5F 
00 FF FF 00 11 0D 22 93 00 00 01 00 00 11 01 BA 0D 00 00 0F 22 
00 FF FF 00 11 0D 22 93 00 00 01 00 00 11 01 C0 0D 00 00 05 A9 
00 FF FF 00 11 0D 22 93 00 00 01 00 00 11 01 C1 0D 00 00 0C 87 
00 FF FF 00 11 0D 22 93 00 00 01 00 00 11 01 C3 0D 00 00 0F C9 
00 FF FF 00 11 0D 22 93 00 00 01 00 00 11 01 C6 0D 00 00 06 6C 
00 FF FF 00 11 0D 22 93 00 00 01 00 00 11 01 C7 0D 00 00 08 DA 
00 FF FF 00 11 0D 22 93 00 00 01 00 00 11 01 CB 0D 00 00 0A 11 
00 FF FF 00 11 0D 22 93 00 00 01 00 00 11 01 CC 0D 00 00 0A 1D 
00 FF FF 00 11 0D 22 93 00 00 01 00 00 11 01 CE 0D 00 00 06 4F 
00 FF FF 00 11 0D 22 93 00 00 01 00 00 11 01 DA 0D 00 00 0E 4A 
00 FF FF 00 11 0D 22 93 00 00 01 00 00 11 01 DB 0D 00 00 09 9F 
00 FF FF 00 11 0D 22 93 00 00 01 00 00 11 01 DC 0D 00 00 09 62 
00 FF FF 00 11 0D 22 93 00 00 01 00 00 11 01 E8 0D 00 00 08 4B 
00 FF FF 00 11 0D 22 93 00 00 01 00 00 11 01 EC 0D 00 00 0B BB 
00 FF FF 00 11 0D 22 93 00 00 01 00 00 11 01 F0 0D 00 00 06 A4 
00 FF FF 00 11 0D 22 93 00 00 01 00 00 11 01 F4 0D 00 00 09 AF 
00 FF FF 00 11 0D 22 93 00 00 01 00 00 11 01 F9 0D 00 00 09 59 
00 FF FF 00 11 0D 22 93 00 00 01 00 00 11 01 FA 0D 00 00 15 FF 
00 FF FF 00 11 0D 22 93 00 00 01 00 00 11 01 FC 0D 00 00 09 5F 
00 FF FF 00 11 0D 22 93 00 00 01 00 00 11 02 07 0D 00 00 0E 92 
00 FF FF 00 11 0D 22 93 00 00 01 00 00 11 02 13 0D 00 00 0B 8D 
00 FF FF 00 11 0D 22 93 00 00 01 00 00 11 02 14 0D 00 00 11 2F 
00 FF FF 00 11 0D 22 93 00 00 01 00 00 11 02 1A 0D 00 00 09 C7 
00 FF FF 00 11 0D 22 93 00 00 01 00 00 11 02 1B 0D 00 00 12 0A 
00 FF FF 00 11 0D 22 93 00 00 01 00 00 11 02 1D 0D 00 00 09 BE 
00 FF FF 00 11 0D 22 93 00 00 01 00 00 11 02 20 0D 00 00 0B 7E 
00 FF FF 00 11 0D 22 93 00 00 01 00 00 11 02 27 0D 00 00 0C 55 
00 FF FF 00 11 0D 22 93 00 00 01 00 00 11 02 2E 0D 00 00 0A 45 
00 FF FF 00 11 0D 22 93 00 00 01 00 00 11 02 3E 0D 00 00 09 58 
00 FF FF 00 11 0D 22 93 00 00 01 00 00 11 02 3F 0D 00 00 11 A7 
00 FF FF 00 11 0D 22 93 00 00 01 00 00 11 02 40 0D 00 00 11 2C 
00 FF FF 00 11 0D 22 93 00 00 01 00 00 11 02 41 0D 00 00 08 DC 
00 FF FF 00 11 0D 22 93 00 00 01 00 00 11 02 44 0D 00 00 0A 60 
00 FF FF 00 11 0D 22 93 00 00 01 00 00 11 02 45 0D 00 00 13 4A 
00 FF FF 00 11 0D 22 93 00 00 01 00 00 11 02 46 0D 00 00 09 F2 
00 FF FF 00 11 0D 22 93 00 00 01 00 00 11 02 4D 0D 00 00 08 34 
00 FF FF 00 11 0D 22 93 00 00 01 00 00 11 02 4E 0D 00 00 14 B6 
00 FF FF 00 11 0D 22 93 00 00 01 00 00 11 02 52 0D 00 00 06 E9 
00 FF FF 00 11 0D 22 93 00 00 01 00 00 11 02 5D 0D 00 00 07 88 
00 FF FF 00 11 0D 22 93 00 00 01 00 00 11 02 61 0D 00 00 0C 24 
00 FF FF 00 11 0D 22 93 00 00 01 00 00 11 02 63 0D 00 00 0C 23 
00 FF FF 00 11 0D 22 93 00 00 01 00 00 11 02 64 0D 00 00 09 EE 
00 FF FF 00 11 0D 22 93 00 00 01 00 00 11 02 6A 0D 00 00 05 F2 
00 FF FF 00 11 0D 22 93 00 00 01 00 00 11 02 6D 0D 00 00 0C 7E 
00 FF FF 00 11 0D 22 93 00 00 01 00 00 11 02 6F 0D 00 00 08 EC 
00 FF FF 00 11 0D 22 93 00 00 01 00 00 11 02 73 0D 00 00 06 D1 
00 FF FF 00 11 0D 22 93 00 00 01 00 00 11 02 74 0D 00 00 14 6B 
00 FF FF 00 11 0D 22 93 00 00 01 00 00 11 02 76 0D 00 00 07 D1 
00 FF FF 00 11 0D 22 93 00 00 01 00 00 11 02 78 0D 00 00 0A DA 
00 FF FF 00 11 0D 22 93 00 00 01 00 00 11 02 7C 0D 00 00 0B 52 
00 FF FF 00 11 0D 22 93 00 00 01 00 00 11 02 83 0D 00 00 0A 9F 
00 FF FF 00 11 0D 22 93 00 00 01 00 00 11 02 87 0D 00 00 0E 8E 
00 FF FF 00 11 0D 22 93 00 00 01 00 00 11 02 8D 0D 00 00 12 E5 
00 FF FF 00 11 0D 22 93 00 00 01 00 00 11 02 92 0D 00 00 0B 53 
00 FF FF 00 11 0D 22 93 00 00 01 00 00 11 02 9C 0D 00 00 13 E4 
00 FF FF 00 11 0D 22 93 00 00 01 00 00 11 02 A2 0D 00 00 08 46 
00 FF FF 00 11 0D 22 93 00 00 01 00 00 11 02 A3 0D 00 00 06 8E 
00 FF FF 00 11 0D 22 93 00 00 01 00 00 11 02 A5 0D 00 00 09 C4 
00 FF FF 00 11 0D 22 93 00 00 01 00 00 11 02 A9 0D 00 00 09 A7 
00 FF FF 00 11 0D 22 93 00 00 01 00 00 11 02 AC 0D 00 00 08 49 
00 FF FF 00 11 0D 22 93 00 00 01 00 00 11 02 B0 0D 00 00 0B 2F 
00 FF FF 00 11 0D 22 93 00 00 01 00 00 11 02 B2 0D 00 00 0C D2 
00 FF FF 00 11 0D 22 93 00 00 01 00 00 11 02 CB 0D 00 00 0E 86 
00 FF FF 00 11 0D 22 93 00 00 01 00 00 11 02 CC 0D 00 00 0A 5C 
00 FF FF 00 11 0D 22 93 00 00 01 00 00 11 02 CE 0D 00 00 05 0A 
00 FF FF 00 11 0D 22 93 00 00 01 00 00 11 02 CF 0D 00 00 28 82 
00 FF FF 00 11 0D 22 93 00 00 01 00 00 11 02 D0 0D 00 00 0A 46 
00 FF FF 00 11 0D 22 93 00 00 01 00 00 11 02 D1 0D 00 00 10 03 
00 FF FF 00 11 0D 22 93 00 00 01 00 00 11 02 D6 0D 00 00 24 D2 
00 FF FF 00 11 0D 22 93 00 00 01 00 00 11 02 D7 0D 00 00 07 37 
00 FF FF 00 11 0D 22 93 00 00 01 00 00 11 02 D9 0D 00 00 09 F1 
00 FF FF 00 11 0D 22 93 00 00 01 00 00 11 02 DA 0D 00 00 15 0C 
00 FF FF 00 11 0D 22 93 00 00 01 00 00 11 02 DD 0D 00 00 19 41 
00 FF FF 00 11 0D 22 93 00 00 01 00 00 11 02 E1 0D 00 00 22 D3 
00 FF FF 00 11 0D 22 93 00 00 01 00 00 11 02 E3 0D 00 00 16 86 
00 FF FF 00 11 0D 22 93 00 00 01 00 00 11 02 E4 0D 00 00 10 80 
00 FF FF 00 11 0D 22 93 00 00 01 00 00 11 02 E6 0D 00 00 12 63 
00 FF FF 00 11 0D 22 93 00 00 01 00 00 11 02 E8 0D 00 00 29 31 
00 FF FF 00 11 0D 22 93 00 00 01 00 00 11 02 ED 0D 00 00 0F F7 
00 FF FF 00 11 0D 22 93 00 00 01 00 00 11 02 F1 0D 00 00 14 65 
00 FF FF 00 11 0D 22 93 00 00 01 00 00 11 02 F3 0D 00 00 14 FB 
00 FF FF 00 11 0D 22 93 00 00 01 00 00 11 03 03 0D 00 00 13 EF 
00 FF FF 00 11 0D 22 93 00 00 01 00 00 11 03 04 0D 00 00 0C 10 
00 FF FF 00 11 0D 22 93 00 00 01 00 00 11 03 07 0D 00 00 08 E9 
00 FF FF 00 11 0D 22 93 00 00 01 00 00 11 03 08 0D 00 00 0F E1 
00 FF FF 00 11 0D 22 93 00 00 01 00 00 11 03 0A 0D 00 00 1B 07 
00 FF FF 00 11 0D 22 93 00 00 01 00 00 11 03 0D 0D 00 00 0A A1 
00 FF FF 00 11 0D 22 93 00 00 01 00 00 11 03 0E 0D 00 00 1B 1A 
00 FF FF 00 11 0D 22 93 00 00 01 00 00 11 03 10 0D 00 00 0A EC 
00 FF FF 00 11 0D 22 93 00 00 01 00 00 11 03 13 0D 00 00 19 8F 
00 FF FF 00 11 0D 22 93 00 00 01 00 00 11 03 14 0D 00 00 0B 9D 
00 FF FF 00 11 0D 22 93 00 00 01 00 00 11 03 15 0D 00 00 22 2B 
00 FF FF 00 11 0D 22 93 00 00 01 00 00 11 03 16 0D 00 00 0A DA 
00 FF FF 00 11 0D 22 93 00 00 01 00 00 11 03 17 0D 00 00 19 AF 
00 FF FF 00 11 0D 22 93 00 00 01 00 00 11 03 19 0D 00 00 0D 61 
00 FF FF 00 11 0D 22 93 00 00 01 00 00 11 03 1B 0D 00 00 09 A0 
00 FF FF 00 11 0D 22 93 00 00 01 00 00 11 03 1C 0D 00 00 0B 1D 
00 FF FF 00 11 0D 22 93 00 00 01 00 00 11 03 1E 0D 00 00 13 EE 
00 FF FF 00 11 0D 22 93 00 00 01 00 00 11 03 20 0D 00 00 1C 65 
00 FF FF 00 11 0D 22 93 00 00 01 00 00 11 03 21 0D 00 00 0E 17 
00 FF FF 00 11 0D 22 93 00 00 01 00 00 11 03 22 0D 00 00 0B 9C 
00 FF FF 00 11 0D 22 93 00 00 01 00 00 11 03 24 0D 00 00 14 EF 
00 FF FF 00 11 0D 22 93 00 00 01 00 00 11 03 26 0D 00 00 18 35 
00 FF FF 00 11 0D 22 93 00 00 01 00 00 11 03 27 0D 00 00 17 BC 
00 FF FF 00 11 0D 22 93 00 00 01 00 00 11 03 28 0D 00 00 14 37 
00 FF FF 00 11 0D 22 93 00 00 01 00 00 11 03 2D 0D 00 00 10 A1 
00 FF FF 00 11 0D 22 93 00 00 01 00 00 11 03 38 0D 00 00 0E 85 
00 FF FF 00 11 0D 22 93 00 00 01 00 00 11 03 3E 0D 00 00 07 F1 
00 FF FF 00 11 0D 22 93 00 00 01 00 00 11 03 40 0D 00 00 0B E0 
00 FF FF 00 11 0D 22 93 00 00 01 00 00 11 03 45 0D 00 00 06 86 
00 FF FF 00 11 0D 22 93 00 00 01 00 00 11 03 48 0D 00 00 0F B5 
00 FF FF 00 11 0D 22 93 00 00 01 00 00 11 03 4B 0D 00 00 16 BF 
00 FF FF 00 11 0D 22 93 00 00 01 00 00 11 03 4C 0D 00 00 0B BF 
00 FF FF 00 11 0D 22 93 00 00 01 00 00 11 03 4D 0D 00 00 29 D5 
00 FF FF 00 11 0D 22 93 00 00 01 00 00 11 03 4E 0D 00 00 09 48 
00 FF FF 00 11 0D 22 93 00 00 01 00 00 11 03 50 0D 00 00 06 F7 
00 FF FF 00 11 0D 22 93 00 00 01 00 00 11 03 51 0D 00 00 24 D6 
00 FF FF 00 11 0D 22 93 00 00 01 00 00 11 03 55 0D 00 00 05 CD 
00 FF FF 00 11 0D 22 93 00 00 01 00 00 11 03 56 0D 00 00 28 BA 
00 FF FF 00 11 0D 22 93 00 00 01 00 00 11 03 57 0D 00 00 07 CA 
00 FF FF 00 11 0D 22 93 00 00 01 00 00 11 03 59 0D 00 00 08 96 
00 FF FF 00 11 0D 22 93 00 00 01 00 00 11 03 5B 0D 00 00 0E 41 
00 FF FF 00 11 0D 22 93 00 00 01 00 00 11 03 5E 0D 00 00 06 AD 
00 FF FF 00 11 0D 22 93 00 00 01 00 00 11 03 60 0D 00 00 09 26 
00 FF FF 00 11 0D 22 93 00 00 01 00 00 11 03 61 0D 00 00 32 F6 
00 FF FF 00 11 0D 22 93 00 00 01 00 00 11 03 62 0D 00 00 07 BA 
00 FF FF 00 11 0D 22 93 00 00 01 00 00 11 03 63 0D 00 00 22 C3 
00 FF FF 00 11 0D 22 93 00 00 01 00 00 11 03 64 0D 00 00 0F 82 
00 FF FF 00 11 0D 22 93 00 00 01 00 00 11 03 66 0D 00 00 0D DE 
00 FF FF 00 11 0D 22 93 00 00 01 00 00 11 03 68 0D 00 00 36 69 
00 FF FF 00 11 0D 22 93 00 00 01 00 00 11 03 6A 0D 00 00 28 3E 
00 FF FF 00 11 0D 22 93 00 00 01 00 00 11 03 6B 0D 00 00 0F 27 
00 FF FF 00 11 0D 22 93 00 00 01 00 00 11 03 6D 0D 00 00 0E 46 
00 FF FF 00 11 0D 22 93 00 00 01 00 00 11 03 6E 0D 00 00 12 B5 
00 FF FF 00 11 0D 22 93 00 00 01 00 00 11 03 6F 0D 00 00 0D 09 
00 FF FF 00 11 0D 22 93 00 00 01 00 00 11 03 71 0D 00 00 32 16 
00 FF FF 00 11 0D 22 93 00 00 01 00 00 11 03 73 0D 00 00 31 0D 
00 FF FF 00 11 0D 22 93 00 00 01 00 00 11 03 74 0D 00 00 15 BC 
00 FF FF 00 11 0D 22 93 00 00 01 00 00 11 03 75 0D 00 00 0C E8 
00 FF FF 00 11 0D 22 93 00 00 01 00 00 11 03 76 0D 00 00 10 69 
00 FF FF 00 11 0D 22 93 00 00 01 00 00 11 03 77 0D 00 00 12 9A 
00 FF FF 00 11 0D 22 93 00 00 01 00 00 11 03 78 0D 00 00 1B 56 
00 FF FF 00 11 0D 22 93 00 00 01 00 00 11 03 7B 0D 00 00 17 52 
00 FF FF 00 11 0D 22 93 00 00 01 00 00 11 03 7E 0D 00 00 0C 60 
00 FF FF 00 11 0D 22 93 00 00 01 00 00 11 03 80 0D 00 00 19 2D 
00 FF FF 00 11 0D 22 93 00 00 01 00 00 11 03 8B 0D 00 00 1C BD 
00 FF FF 00 11 0D 22 93 00 00 01 00 00 11 03 8D 0D 00 00 22 B3 
00 FF FF 00 11 0D 22 93 00 00 01 00 00 11 03 8E 0D 00 00 1A 10 
00 FF FF 00 11 0D 22 93 00 00 01 00 00 11 03 91 0D 00 00 0F 25 
00 FF FF 00 11 0D 22 93 00 00 01 00 00 11 03 94 0D 00 00 19 0D 
00 FF FF 00 11 0D 22 93 00 00 01 00 00 11 03 96 0D 00 00 2D 28 
00 FF FF 00 11 0D 22 93 00 00 01 00 00 11 03 97 0D 00 00 11 DF 
00 FF FF 00 11 0D 22 93 00 00 01 00 00 11 03 98 0D 00 00 08 15 
00 FF FF 00 11 0D 22 93 00 00 01 00 00 11 03 9B 0D 00 00 0C 6A 
00 FF FF 00 11 0D 22 93 00 00 01 00 00 11 03 9D 0D 00 00 17 37 
00 FF FF 00 11 0D 22 93 00 00 01 00 00 11 03 9E 0D 00 00 18 A1 
00 FF FF 00 11 0D 22 93 00 00 01 00 00 11 03 9F 0D 00 00 0D 34 
00 FF FF 00 11 0D 22 93 00 00 01 00 00 11 03 A0 0D 00 00 05 5A 
00 FF FF 00 11 0D 22 93 00 00 01 00 00 11 03 A1 0D 00 00 13 95 
00 FF FF 00 11 0D 22 93 00 00 01 00 00 11 03 A4 0D 00 00 0F D7 
00 FF FF 00 11 0D 22 93 00 00 01 00 00 11 03 A5 0D 00 00 0A 4B 
00 FF FF 00 11 0D 22 93 00 00 01 00 00 11 03 A6 0D 00 00 19 22 
00 FF FF 00 11 0D 22 93 00 00 01 00 00 11 03 A8 0D 00 00 27 B6 
00 FF FF 00 11 0D 22 93 00 00 01 00 00 11 03 A9 0D 00 00 0B 8A 
00 FF FF 00 11 0D 22 93 00 00 01 00 00 11 03 AC 0D 00 00 0A AA 
00 FF FF 00 11 0D 22 93 00 00 01 00 00 11 03 AE 0D 00 00 14 43 
00 FF FF 00 11 0D 22 93 00 00 01 00 00 11 03 B1 0D 00 00 21 BD 
00 FF FF 00 11 0D 22 93 00 00 01 00 00 11 03 B3 0D 00 00 36 A4 
00 FF FF 00 11 0D 22 93 00 00 01 00 00 11 03 B4 0D 00 00 08 E6 
00 FF FF 00 11 0D 22 93 00 00 01 00 00 11 03 B6 0D 00 00 0F F8 
00 FF FF 00 11 0D 22 93 00 00 01 00 00 11 03 B7 0D 00 00 0E 00 
00 FF FF 00 11 0D 22 93 00 00 01 00 00 11 03 B8 0D 00 00 25 05 
00 FF FF 00 11 0D 22 93 00 00 01 00 00 11 03 B9 0D 00 00 0C 2F 
00 FF FF 00 11 0D 22 93 00 00 01 00 00 11 03 BD 0D 00 00 1A E6 
00 FF FF 00 11 0D 22 93 00 00 01 00 00 11 03 BF 0D 00 00 15 26 
00 FF FF 00 11 0D 22 93 00 00 01 00 00 11 03 C2 0D 00 00 10 D6 
00 FF FF 00 11 0D 22 93 00 00 01 00 00 11 03 C3 0D 00 00 0C 01 
00 FF FF 00 11 0D 22 93 00 00 01 00 00 11 03 C5 0D 00 00 08 5F 
00 FF FF 00 11 0D 22 93 00 00 01 00 00 11 03 C6 0D 00 00 2C 5D 
00 FF FF 00 11 0D 22 93 00 00 01 00 00 11 03 CA 0D 00 00 08 F2 
00 FF FF 00 11 0D 22 93 00 00 01 00 00 11 03 CC 0D 00 00 05 04 
00 FF FF 00 11 0D 22 93 00 00 01 00 00 11 03 CF 0D 00 00 2A 62 
00 FF FF 00 11 0D 22 93 00 00 01 00 00 11 03 D2 0D 00 00 1E 86 
00 FF FF 00 11 0D 22 93 00 00 01 00 00 11 03 D5 0D 00 00 0F F1 
00 FF FF 00 11 0D 22 93 00 00 01 00 00 11 03 D9 0D 00 00 17 68 
