00 FF FF 00 10 0D 22 93 00 00 02 00 00 10 06 9D 0C 00 00 20 F2 
00 FF FF 00 10 0D 22 93 00 00 02 00 00 10 06 9F 0C 00 00 3E 05 
00 FF FF 00 10 0D 22 93 00 00 02 00 00 10 06 A0 0C 00 00 34 22 
00 FF FF 00 10 0D 22 93 00 00 02 00 00 10 06 A1 0C 00 00 19 6F 
00 FF FF 00 10 0D 22 93 00 00 02 00 00 10 06 A2 0C 00 00 33 E3 
00 FF FF 00 10 0D 22 93 00 00 02 00 00 10 06 A3 0C 00 00 26 9E 
00 FF FF 00 10 0D 22 93 00 00 02 00 00 10 06 A4 0C 00 00 1D 82 
00 FF FF 00 10 0D 22 93 00 00 02 00 00 10 06 A5 0C 00 00 1D 22 
00 FF FF 00 10 0D 22 93 00 00 02 00 00 10 06 A6 0C 00 00 26 59 
00 FF FF 00 10 0D 22 93 00 00 02 00 00 10 06 A7 0C 00 00 2C 7B 
00 FF FF 00 10 0D 22 93 00 00 02 00 00 10 06 A8 0C 00 00 34 22 
00 FF FF 00 10 0D 22 93 00 00 02 00 00 10 06 A9 0C 00 00 3A 34 
00 FF FF 00 10 0D 22 93 00 00 02 00 00 10 06 AA 0C 00 00 31 02 
00 FF FF 00 10 0D 22 93 00 00 02 00 00 10 06 AB 0C 00 00 2C 59 
00 FF FF 00 10 0D 22 93 00 00 02 00 00 10 06 AC 0C 00 00 20 4D 
00 FF FF 00 10 0D 22 93 00 00 02 00 00 10 06 AD 0C 00 00 1B 06 
00 FF FF 00 10 0D 22 93 00 00 02 00 00 10 06 AE 0C 00 00 1D 6E 
00 FF FF 00 10 0D 22 93 00 00 02 00 00 10 06 AF 0C 00 00 22 86 
00 FF FF 00 10 0D 22 93 00 00 02 00 00 10 06 B0 0C 00 00 30 44 
00 FF FF 00 10 0D 22 93 00 00 02 00 00 10 06 B1 0C 00 00 1B 0B 
00 FF FF 00 10 0D 22 93 00 00 02 00 00 10 06 B2 0C 00 00 3C 14 
00 FF FF 00 10 0D 22 93 00 00 02 00 00 10 06 B3 0C 00 00 32 F8 
00 FF FF 00 10 0D 22 93 00 00 02 00 00 10 06 B4 0C 00 00 26 F1 
00 FF FF 00 10 0D 22 93 00 00 02 00 00 10 06 B5 0C 00 00 1E 14 
00 FF FF 00 10 0D 22 93 00 00 02 00 00 10 06 B6 0C 00 00 18 98 
00 FF FF 00 10 0D 22 93 00 00 02 00 00 10 06 B7 0C 00 00 25 38 
00 FF FF 00 10 0D 22 93 00 00 02 00 00 10 06 B8 0C 00 00 2B AD 
00 FF FF 00 10 0D 22 93 00 00 02 00 00 10 06 B9 0C 00 00 3A 3D 
00 FF FF 00 10 0D 22 93 00 00 02 00 00 10 06 BA 0C 00 00 3A 34 
00 FF FF 00 10 0D 22 93 00 00 02 00 00 10 06 BB 0C 00 00 37 82 
00 FF FF 00 10 0D 22 93 00 00 02 00 00 10 06 BC 0C 00 00 30 8E 
00 FF FF 00 10 0D 22 93 00 00 02 00 00 10 06 BD 0C 00 00 20 65 
00 FF FF 00 10 0D 22 93 00 00 02 00 00 10 06 BE 0C 00 00 17 D8 
00 FF FF 00 10 0D 22 93 00 00 02 00 00 10 06 BF 0C 00 00 1E B4 
00 FF FF 00 10 0D 22 93 00 00 02 00 00 10 06 C0 0C 00 00 24 87 
00 FF FF 00 10 0D 22 93 00 00 02 00 00 10 06 C1 0C 00 00 2F AD 
00 FF FF 00 10 0D 22 93 00 00 02 00 00 10 06 C2 0C 00 00 34 F4 
00 FF FF 00 10 0D 22 93 00 00 02 00 00 10 06 C3 0C 00 00 1D 4D 
00 FF FF 00 10 0D 22 93 00 00 02 00 00 10 06 C4 0C 00 00 31 50 
00 FF FF 00 10 0D 22 93 00 00 02 00 00 10 06 C5 0C 00 00 25 88 
00 FF FF 00 10 0D 22 93 00 00 02 00 00 10 06 C6 0C 00 00 1A 76 
00 FF FF 00 10 0D 22 93 00 00 02 00 00 10 06 C7 0C 00 00 1C A9 
00 FF FF 00 10 0D 22 93 00 00 02 00 00 10 06 C8 0C 00 00 21 6A 
00 FF FF 00 10 0D 22 93 00 00 02 00 00 10 06 C9 0C 00 00 15 BA 
00 FF FF 00 10 0D 22 93 00 00 02 00 00 10 06 CA 0C 00 00 3B 22 
00 FF FF 00 10 0D 22 93 00 00 02 00 00 10 06 CB 0C 00 00 2E 22 
00 FF FF 00 10 0D 22 93 00 00 02 00 00 10 06 CC 0C 00 00 34 22 
00 FF FF 00 10 0D 22 93 00 00 02 00 00 10 06 CD 0C 00 00 2F D8 
00 FF FF 00 10 0D 22 93 00 00 02 00 00 10 06 CE 0C 00 00 20 42 
00 FF FF 00 10 0D 22 93 00 00 02 00 00 10 06 CF 0C 00 00 1A 62 
00 FF FF 00 10 0D 22 93 00 00 02 00 00 10 06 D0 0C 00 00 1E D5 
00 FF FF 00 10 0D 22 93 00 00 02 00 00 10 06 D1 0C 00 00 2C 02 
00 FF FF 00 10 0D 22 93 00 00 02 00 00 10 06 D2 0C 00 00 39 4A 
00 FF FF 00 10 0D 22 93 00 00 02 00 00 10 06 D3 0C 00 00 17 8F 
00 FF FF 00 10 0D 22 93 00 00 02 00 00 10 06 D4 0C 00 00 36 A4 
00 FF FF 00 10 0D 22 93 00 00 02 00 00 10 06 D5 0C 00 00 35 96 
00 FF FF 00 10 0D 22 93 00 00 02 00 00 10 06 D6 0C 00 00 28 4D 
00 FF FF 00 10 0D 22 93 00 00 02 00 00 10 06 D7 0C 00 00 1B B1 
00 FF FF 00 10 0D 22 93 00 00 02 00 00 10 06 D8 0C 00 00 1D 5A 
00 FF FF 00 10 0D 22 93 00 00 02 00 00 10 06 D9 0C 00 00 1B CE 
00 FF FF 00 10 0D 22 93 00 00 02 00 00 10 06 DA 0C 00 00 3A 2D 
00 FF FF 00 10 0D 22 93 00 00 02 00 00 10 06 DB 0C 00 00 35 09 
00 FF FF 00 10 0D 22 93 00 00 02 00 00 10 06 DC 0C 00 00 35 CA 
00 FF FF 00 10 0D 22 93 00 00 02 00 00 10 06 DD 0C 00 00 1A 8E 
00 FF FF 00 10 0D 22 93 00 00 02 00 00 10 06 DE 0C 00 00 30 9E 
00 FF FF 00 10 0D 22 93 00 00 02 00 00 10 06 DF 0C 00 00 1F B8 
00 FF FF 00 10 0D 22 93 00 00 02 00 00 10 06 E0 0C 00 00 1D 34 
00 FF FF 00 10 0D 22 93 00 00 02 00 00 10 06 E1 0C 00 00 21 F8 
00 FF FF 00 10 0D 22 93 00 00 02 00 00 10 06 E2 0C 00 00 24 48 
00 FF FF 00 10 0D 22 93 00 00 02 00 00 10 06 E3 0C 00 00 35 CA 
00 FF FF 00 10 0D 22 93 00 00 02 00 00 10 06 E4 0C 00 00 2E F9 
00 FF FF 00 10 0D 22 93 00 00 02 00 00 10 06 E5 0C 00 00 31 C4 
00 FF FF 00 10 0D 22 93 00 00 02 00 00 10 06 E6 0C 00 00 2E FB 
00 FF FF 00 10 0D 22 93 00 00 02 00 00 10 06 E7 0C 00 00 29 0A 
00 FF FF 00 10 0D 22 93 00 00 02 00 00 10 06 E8 0C 00 00 1B A2 
00 FF FF 00 10 0D 22 93 00 00 02 00 00 10 06 E9 0C 00 00 1C B9 
00 FF FF 00 10 0D 22 93 00 00 02 00 00 10 06 EA 0C 00 00 1C 51 
00 FF FF 00 10 0D 22 93 00 00 02 00 00 10 06 EB 0C 00 00 2C B8 
00 FF FF 00 10 0D 22 93 00 00 02 00 00 10 06 EC 0C 00 00 33 54 
00 FF FF 00 10 0D 22 93 00 00 02 00 00 10 06 ED 0C 00 00 31 E1 
00 FF FF 00 10 0D 22 93 00 00 02 00 00 10 06 EE 0C 00 00 2E F9 
00 FF FF 00 10 0D 22 93 00 00 02 00 00 10 06 EF 0C 00 00 32 5A 
00 FF FF 00 10 0D 22 93 00 00 02 00 00 10 06 F0 0C 00 00 21 7E 
00 FF FF 00 10 0D 22 93 00 00 02 00 00 10 06 F1 0C 00 00 0E F6 
00 FF FF 00 10 0D 22 93 00 00 02 00 00 10 06 F2 0C 00 00 20 36 
00 FF FF 00 10 0D 22 93 00 00 02 00 00 10 06 F3 0C 00 00 20 D0 
00 FF FF 00 10 0D 22 93 00 00 02 00 00 10 06 F4 0C 00 00 38 64 
00 FF FF 00 10 0D 22 93 00 00 02 00 00 10 06 F5 0C 00 00 36 A4 
00 FF FF 00 10 0D 22 93 00 00 02 00 00 10 06 F6 0C 00 00 2D 74 
00 FF FF 00 10 0D 22 93 00 00 02 00 00 10 06 F7 0C 00 00 36 7D 
00 FF FF 00 10 0D 22 93 00 00 02 00 00 10 06 F8 0C 00 00 29 1E 
00 FF FF 00 10 0D 22 93 00 00 02 00 00 10 06 F9 0C 00 00 1C 51 
00 FF FF 00 10 0D 22 93 00 00 02 00 00 10 06 FA 0C 00 00 18 1A 
00 FF FF 00 10 0D 22 93 00 00 02 00 00 10 06 FB 0C 00 00 1B B6 
00 FF FF 00 10 0D 22 93 00 00 02 00 00 10 06 FC 0C 00 00 2D 62 
00 FF FF 00 10 0D 22 93 00 00 02 00 00 10 06 FD 0C 00 00 31 E1 
00 FF FF 00 10 0D 22 93 00 00 02 00 00 10 06 FE 0C 00 00 37 82 
00 FF FF 00 10 0D 22 93 00 00 02 00 00 10 06 FF 0C 00 00 3C 14 
00 FF FF 00 10 0D 22 93 00 00 02 00 00 10 07 00 0C 00 00 20 3A 
00 FF FF 00 10 0D 22 93 00 00 02 00 00 10 07 01 0C 00 00 23 E9 
00 FF FF 00 10 0D 22 93 00 00 02 00 00 10 07 02 0C 00 00 19 B2 
00 FF FF 00 10 0D 22 93 00 00 02 00 00 10 07 03 0C 00 00 1C 88 
00 FF FF 00 10 0D 22 93 00 00 02 00 00 10 07 04 0C 00 00 20 CA 
00 FF FF 00 10 0D 22 93 00 00 02 00 00 10 07 05 0C 00 00 2E D4 
00 FF FF 00 10 0D 22 93 00 00 02 00 00 10 07 06 0C 00 00 35 CA 
00 FF FF 00 10 0D 22 93 00 00 02 00 00 10 07 07 0C 00 00 2E 22 
00 FF FF 00 10 0D 22 93 00 00 02 00 00 10 07 08 0C 00 00 2F 16 
00 FF FF 00 10 0D 22 93 00 00 02 00 00 10 07 09 0C 00 00 29 B6 
00 FF FF 00 10 0D 22 93 00 00 02 00 00 10 07 0A 0C 00 00 1D 38 
00 FF FF 00 10 0D 22 93 00 00 02 00 00 10 07 0B 0C 00 00 18 68 
00 FF FF 00 10 0D 22 93 00 00 02 00 00 10 07 0C 0C 00 00 1A 78 
00 FF FF 00 10 0D 22 93 00 00 02 00 00 10 07 0D 0C 00 00 2F B9 
00 FF FF 00 10 0D 22 93 00 00 02 00 00 10 07 0E 0C 00 00 2F 8A 
00 FF FF 00 10 0D 22 93 00 00 02 00 00 10 07 0F 0C 00 00 36 A4 
00 FF FF 00 10 0D 22 93 00 00 02 00 00 10 07 10 0C 00 00 3B 22 
00 FF FF 00 10 0D 22 93 00 00 02 00 00 10 07 11 0C 00 00 31 A9 
00 FF FF 00 10 0D 22 93 00 00 02 00 00 10 07 12 0C 00 00 20 AB 
00 FF FF 00 10 0D 22 93 00 00 02 00 00 10 07 13 0C 00 00 18 CA 
00 FF FF 00 10 0D 22 93 00 00 02 00 00 10 07 14 0C 00 00 1E D6 
00 FF FF 00 10 0D 22 93 00 00 02 00 00 10 07 15 0C 00 00 2C 02 
00 FF FF 00 10 0D 22 93 00 00 02 00 00 10 07 16 0C 00 00 33 54 
00 FF FF 00 10 0D 22 93 00 00 02 00 00 10 07 19 0C 00 00 39 3B 
00 FF FF 00 10 0D 22 93 00 00 02 00 00 10 07 1A 0C 00 00 2A 76 
00 FF FF 00 10 0D 22 93 00 00 02 00 00 10 07 1B 0C 00 00 18 2B 
00 FF FF 00 10 0D 22 93 00 00 02 00 00 10 07 1C 0C 00 00 17 CA 
00 FF FF 00 10 0D 22 93 00 00 02 00 00 10 07 1D 0C 00 00 1D 6A 
00 FF FF 00 10 0D 22 93 00 00 02 00 00 10 07 1E 0C 00 00 2E DA 
00 FF FF 00 10 0D 22 93 00 00 02 00 00 10 07 1F 0C 00 00 3C 14 
00 FF FF 00 10 0D 22 93 00 00 02 00 00 10 07 20 0C 00 00 2F 8A 
00 FF FF 00 10 0D 22 93 00 00 02 00 00 10 07 21 0C 00 00 2E D4 
00 FF FF 00 10 0D 22 93 00 00 02 00 00 10 07 22 0C 00 00 2D 8D 
00 FF FF 00 10 0D 22 93 00 00 02 00 00 10 07 23 0C 00 00 23 1B 
00 FF FF 00 10 0D 22 93 00 00 02 00 00 10 07 24 0C 00 00 1D 12 
00 FF FF 00 10 0D 22 93 00 00 02 00 00 10 07 25 0C 00 00 1B 2D 
00 FF FF 00 10 0D 22 93 00 00 02 00 00 10 07 26 0C 00 00 25 0E 
00 FF FF 00 10 0D 22 93 00 00 02 00 00 10 07 27 0C 00 00 12 2A 
00 FF FF 00 10 0D 22 93 00 00 02 00 00 10 07 28 0C 00 00 30 65 
00 FF FF 00 10 0D 22 93 00 00 02 00 00 10 07 29 0C 00 00 39 4A 
00 FF FF 00 10 0D 22 93 00 00 02 00 00 10 07 2A 0C 00 00 2D DA 
00 FF FF 00 10 0D 22 93 00 00 02 00 00 10 07 2B 0C 00 00 2B 08 
00 FF FF 00 10 0D 22 93 00 00 02 00 00 10 07 2C 0C 00 00 11 BD 
00 FF FF 00 10 0D 22 93 00 00 02 00 00 10 07 2D 0C 00 00 18 36 
00 FF FF 00 10 0D 22 93 00 00 02 00 00 10 07 2E 0C 00 00 1A A8 
00 FF FF 00 10 0D 22 93 00 00 02 00 00 10 07 2F 0C 00 00 28 50 
00 FF FF 00 10 0D 22 93 00 00 02 00 00 10 07 30 0C 00 00 35 CA 
00 FF FF 00 10 0D 22 93 00 00 02 00 00 10 07 31 0C 00 00 35 CA 
00 FF FF 00 10 0D 22 93 00 00 02 00 00 10 07 32 0C 00 00 2E F9 
00 FF FF 00 10 0D 22 93 00 00 02 00 00 10 07 33 0C 00 00 35 B9 
00 FF FF 00 10 0D 22 93 00 00 02 00 00 10 07 34 0C 00 00 1B A2 
00 FF FF 00 10 0D 22 93 00 00 02 00 00 10 07 35 0C 00 00 1A 30 
00 FF FF 00 10 0D 22 93 00 00 02 00 00 10 07 36 0C 00 00 17 82 
00 FF FF 00 10 0D 22 93 00 00 02 00 00 10 07 37 0C 00 00 2B 0A 
00 FF FF 00 10 0D 22 93 00 00 02 00 00 10 07 38 0C 00 00 38 64 
00 FF FF 00 10 0D 22 93 00 00 02 00 00 10 07 39 0C 00 00 3C 14 
00 FF FF 00 10 0D 22 93 00 00 02 00 00 10 07 3A 0C 00 00 2E 22 
00 FF FF 00 10 0D 22 93 00 00 02 00 00 10 07 3B 0C 00 00 33 28 
00 FF FF 00 10 0D 22 93 00 00 02 00 00 10 07 3C 0C 00 00 2B C6 
00 FF FF 00 10 0D 22 93 00 00 02 00 00 10 07 3D 0C 00 00 1F 2B 
00 FF FF 00 10 0D 22 93 00 00 02 00 00 10 07 3E 0C 00 00 18 BA 
00 FF FF 00 10 0D 22 93 00 00 02 00 00 10 07 3F 0C 00 00 21 08 
00 FF FF 00 10 0D 22 93 00 00 02 00 00 10 07 40 0C 00 00 32 31 
00 FF FF 00 10 0D 22 93 00 00 02 00 00 10 07 41 0C 00 00 3B 22 
00 FF FF 00 10 0D 22 93 00 00 02 00 00 10 07 42 0C 00 00 32 A5 
00 FF FF 00 10 0D 22 93 00 00 02 00 00 10 07 43 0C 00 00 2E D4 
00 FF FF 00 10 0D 22 93 00 00 02 00 00 10 07 44 0C 00 00 36 95 
00 FF FF 00 10 0D 22 93 00 00 02 00 00 10 07 45 0C 00 00 23 D2 
00 FF FF 00 10 0D 22 93 00 00 02 00 00 10 07 46 0C 00 00 1A 0B 
00 FF FF 00 10 0D 22 93 00 00 02 00 00 10 07 47 0C 00 00 1E 89 
00 FF FF 00 10 0D 22 93 00 00 02 00 00 10 07 48 0C 00 00 22 A2 
00 FF FF 00 10 0D 22 93 00 00 02 00 00 10 07 49 0C 00 00 2D 8D 
00 FF FF 00 10 0D 22 93 00 00 02 00 00 10 07 4A 0C 00 00 3A 3D 
00 FF FF 00 10 0D 22 93 00 00 02 00 00 10 07 4B 0C 00 00 0F EE 
00 FF FF 00 10 0D 22 93 00 00 02 00 00 10 07 4C 0C 00 00 36 A4 
00 FF FF 00 10 0D 22 93 00 00 02 00 00 10 07 4D 0C 00 00 2C 59 
00 FF FF 00 10 0D 22 93 00 00 02 00 00 10 07 4E 0C 00 00 1D E8 
00 FF FF 00 10 0D 22 93 00 00 02 00 00 10 07 4F 0C 00 00 1A 99 
00 FF FF 00 10 0D 22 93 00 00 02 00 00 10 07 50 0C 00 00 21 E8 
00 FF FF 00 10 0D 22 93 00 00 02 00 00 10 07 51 0C 00 00 25 BA 
00 FF FF 00 10 0D 22 93 00 00 02 00 00 10 07 52 0C 00 00 38 64 
00 FF FF 00 10 0D 22 93 00 00 02 00 00 10 07 53 0C 00 00 28 61 
00 FF FF 00 10 0D 22 93 00 00 02 00 00 10 07 54 0C 00 00 3B 22 
00 FF FF 00 10 0D 22 93 00 00 02 00 00 10 07 55 0C 00 00 17 F1 
00 FF FF 00 10 0D 22 93 00 00 02 00 00 10 07 56 0C 00 00 21 71 
00 FF FF 00 10 0D 22 93 00 00 02 00 00 10 07 57 0C 00 00 34 22 
00 FF FF 00 10 0D 22 93 00 00 02 00 00 10 07 58 0C 00 00 1D B8 
00 FF FF 00 10 0D 22 93 00 00 02 00 00 10 07 59 0C 00 00 37 82 
00 FF FF 00 10 0D 22 93 00 00 02 00 00 10 07 5A 0C 00 00 3A 34 
00 FF FF 00 10 0D 22 93 00 00 02 00 00 10 07 5B 0C 00 00 2E 22 
00 FF FF 00 10 0D 22 93 00 00 02 00 00 10 07 5C 0C 00 00 31 C4 
00 FF FF 00 10 0D 22 93 00 00 02 00 00 10 07 5D 0C 00 00 2F 8A 
00 FF FF 00 10 0D 22 93 00 00 02 00 00 10 07 5E 0C 00 00 2D BA 
00 FF FF 00 10 0D 22 93 00 00 02 00 00 10 07 5F 0C 00 00 1E 2F 
00 FF FF 00 10 0D 22 93 00 00 02 00 00 10 07 60 0C 00 00 1A 88 
00 FF FF 00 10 0D 22 93 00 00 02 00 00 10 07 61 0C 00 00 19 24 
00 FF FF 00 10 0D 22 93 00 00 02 00 00 10 07 62 0C 00 00 26 FD 
00 FF FF 00 10 0D 22 93 00 00 02 00 00 10 07 63 0C 00 00 32 8A 
00 FF FF 00 10 0D 22 93 00 00 02 00 00 10 07 64 0C 00 00 31 E1 
00 FF FF 00 10 0D 22 93 00 00 02 00 00 10 07 65 0C 00 00 35 CA 
00 FF FF 00 10 0D 22 93 00 00 02 00 00 10 07 66 0C 00 00 31 61 
00 FF FF 00 10 0D 22 93 00 00 02 00 00 10 07 67 0C 00 00 25 03 
00 FF FF 00 10 0D 22 93 00 00 02 00 00 10 07 68 0C 00 00 1C 35 
00 FF FF 00 10 0D 22 93 00 00 02 00 00 10 07 69 0C 00 00 1A 8E 
00 FF FF 00 10 0D 22 93 00 00 02 00 00 10 07 6A 0C 00 00 23 6D 
00 FF FF 00 10 0D 22 93 00 00 02 00 00 10 07 6B 0C 00 00 30 25 
00 FF FF 00 10 0D 22 93 00 00 02 00 00 10 07 6C 0C 00 00 2E D4 
00 FF FF 00 10 0D 22 93 00 00 02 00 00 10 07 6D 0C 00 00 36 A4 
00 FF FF 00 10 0D 22 93 00 00 02 00 00 10 07 6E 0C 00 00 34 22 
00 FF FF 00 10 0D 22 93 00 00 02 00 00 10 07 6F 0C 00 00 2E 18 
00 FF FF 00 10 0D 22 93 00 00 02 00 00 10 07 70 0C 00 00 20 45 
00 FF FF 00 10 0D 22 93 00 00 02 00 00 10 07 71 0C 00 00 1C 3B 
00 FF FF 00 10 0D 22 93 00 00 02 00 00 10 07 72 0C 00 00 22 63 
00 FF FF 00 10 0D 22 93 00 00 02 00 00 10 07 73 0C 00 00 2B EB 
00 FF FF 00 10 0D 22 93 00 00 02 00 00 10 07 74 0C 00 00 38 64 
00 FF FF 00 10 0D 22 93 00 00 02 00 00 10 07 75 0C 00 00 30 44 
00 FF FF 00 10 0D 22 93 00 00 02 00 00 10 07 76 0C 00 00 34 22 
00 FF FF 00 10 0D 22 93 00 00 02 00 00 10 07 77 0C 00 00 37 76 
00 FF FF 00 10 0D 22 93 00 00 02 00 00 10 07 78 0C 00 00 26 59 
00 FF FF 00 10 0D 22 93 00 00 02 00 00 10 07 79 0C 00 00 1E 08 
00 FF FF 00 10 0D 22 93 00 00 02 00 00 10 07 7A 0C 00 00 18 86 
00 FF FF 00 10 0D 22 93 00 00 02 00 00 10 07 7B 0C 00 00 22 EA 
00 FF FF 00 10 0D 22 93 00 00 02 00 00 10 07 7C 0C 00 00 35 B9 
00 FF FF 00 10 0D 22 93 00 00 02 00 00 10 07 7D 0C 00 00 38 71 
00 FF FF 00 10 0D 22 93 00 00 02 00 00 10 07 7E 0C 00 00 38 71 
00 FF FF 00 10 0D 22 93 00 00 02 00 00 10 07 7F 0C 00 00 2E 22 
00 FF FF 00 10 0D 22 93 00 00 02 00 00 10 07 80 0C 00 00 2F 4A 
00 FF FF 00 10 0D 22 93 00 00 02 00 00 10 07 81 0C 00 00 1F 79 
00 FF FF 00 10 0D 22 93 00 00 02 00 00 10 07 82 0C 00 00 17 BD 
00 FF FF 00 10 0D 22 93 00 00 02 00 00 10 07 83 0C 00 00 1A E1 
00 FF FF 00 10 0D 22 93 00 00 02 00 00 10 07 84 0C 00 00 24 58 
00 FF FF 00 10 0D 22 93 00 00 02 00 00 10 07 85 0C 00 00 30 44 
00 FF FF 00 10 0D 22 93 00 00 02 00 00 10 07 86 0C 00 00 3A 34 
00 FF FF 00 10 0D 22 93 00 00 02 00 00 10 07 87 0C 00 00 35 09 
00 FF FF 00 10 0D 22 93 00 00 02 00 00 10 07 88 0C 00 00 32 2B 
00 FF FF 00 10 0D 22 93 00 00 02 00 00 10 07 89 0C 00 00 26 51 
00 FF FF 00 10 0D 22 93 00 00 02 00 00 10 07 8A 0C 00 00 1C FA 
00 FF FF 00 10 0D 22 93 00 00 02 00 00 10 07 8B 0C 00 00 14 B9 
00 FF FF 00 10 0D 22 93 00 00 02 00 00 10 07 8C 0C 00 00 23 FB 
00 FF FF 00 10 0D 22 93 00 00 02 00 00 10 07 8D 0C 00 00 30 25 
00 FF FF 00 10 0D 22 93 00 00 02 00 00 10 07 8E 0C 00 00 35 09 
00 FF FF 00 10 0D 22 93 00 00 02 00 00 10 07 8F 0C 00 00 2E D4 
00 FF FF 00 10 0D 22 93 00 00 02 00 00 10 07 90 0C 00 00 37 82 
00 FF FF 00 10 0D 22 93 00 00 02 00 00 10 07 91 0C 00 00 2F AD 
00 FF FF 00 10 0D 22 93 00 00 02 00 00 10 07 92 0C 00 00 21 12 
00 FF FF 00 10 0D 22 93 00 00 02 00 00 10 07 93 0C 00 00 17 46 
00 FF FF 00 10 0D 22 93 00 00 02 00 00 10 07 94 0C 00 00 1E 8A 
00 FF FF 00 10 0D 22 93 00 00 02 00 00 10 07 95 0C 00 00 25 90 
00 FF FF 00 10 0D 22 93 00 00 02 00 00 10 07 96 0C 00 00 34 22 
00 FF FF 00 10 0D 22 93 00 00 02 00 00 10 07 97 0C 00 00 31 21 
00 FF FF 00 10 0D 22 93 00 00 02 00 00 10 07 98 0C 00 00 31 21 
00 FF FF 00 10 0D 22 93 00 00 02 00 00 10 07 99 0C 00 00 34 C2 
00 FF FF 00 10 0D 22 93 00 00 02 00 00 10 07 9A 0C 00 00 25 A5 
00 FF FF 00 10 0D 22 93 00 00 02 00 00 10 07 9B 0C 00 00 1A 3A 
00 FF FF 00 10 0D 22 93 00 00 02 00 00 10 07 9C 0C 00 00 1D AA 
00 FF FF 00 10 0D 22 93 00 00 02 00 00 10 07 9D 0C 00 00 27 3B 
00 FF FF 00 10 0D 22 93 00 00 02 00 00 10 07 9E 0C 00 00 36 96 
00 FF FF 00 10 0D 22 93 00 00 02 00 00 10 07 9F 0C 00 00 2F AD 
00 FF FF 00 10 0D 22 93 00 00 02 00 00 10 07 A0 0C 00 00 2F AD 
00 FF FF 00 10 0D 22 93 00 00 02 00 00 10 07 A1 0C 00 00 38 64 
00 FF FF 00 10 0D 22 93 00 00 02 00 00 10 07 A2 0C 00 00 2A 01 
00 FF FF 00 10 0D 22 93 00 00 02 00 00 10 07 A3 0C 00 00 21 B6 
00 FF FF 00 10 0D 22 93 00 00 02 00 00 10 07 A4 0C 00 00 1B D9 
00 FF FF 00 10 0D 22 93 00 00 02 00 00 10 07 A5 0C 00 00 1A 55 
00 FF FF 00 10 0D 22 93 00 00 02 00 00 10 07 A6 0C 00 00 26 2E 
00 FF FF 00 10 0D 22 93 00 00 02 00 00 10 07 A7 0C 00 00 19 03 
00 FF FF 00 10 0D 22 93 00 00 02 00 00 10 07 A8 0C 00 00 3B 22 
00 FF FF 00 10 0D 22 93 00 00 02 00 00 10 07 A9 0C 00 00 35 09 
00 FF FF 00 10 0D 22 93 00 00 02 00 00 10 07 AA 0C 00 00 33 01 
00 FF FF 00 10 0D 22 93 00 00 02 00 00 10 07 AB 0C 00 00 26 D6 
00 FF FF 00 10 0D 22 93 00 00 02 00 00 10 07 AC 0C 00 00 1C 2D 
00 FF FF 00 10 0D 22 93 00 00 02 00 00 10 07 AD 0C 00 00 1E 08 
00 FF FF 00 10 0D 22 93 00 00 02 00 00 10 07 AE 0C 00 00 25 41 
00 FF FF 00 10 0D 22 93 00 00 02 00 00 10 07 AF 0C 00 00 36 88 
00 FF FF 00 10 0D 22 93 00 00 02 00 00 10 07 B0 0C 00 00 38 64 
00 FF FF 00 10 0D 22 93 00 00 02 00 00 10 07 B1 0C 00 00 34 F4 
00 FF FF 00 10 0D 22 93 00 00 02 00 00 10 07 B2 0C 00 00 34 22 
00 FF FF 00 10 0D 22 93 00 00 02 00 00 10 07 B3 0C 00 00 30 08 
00 FF FF 00 10 0D 22 93 00 00 02 00 00 10 07 B4 0C 00 00 21 46 
00 FF FF 00 10 0D 22 93 00 00 02 00 00 10 07 B5 0C 00 00 1D 23 
00 FF FF 00 10 0D 22 93 00 00 02 00 00 10 07 B6 0C 00 00 1C 63 
00 FF FF 00 10 0D 22 93 00 00 02 00 00 10 07 B7 0C 00 00 1B 2F 
00 FF FF 00 10 0D 22 93 00 00 02 00 00 10 07 B9 0C 00 00 17 DD 
00 FF FF 00 10 0D 22 93 00 00 02 00 00 10 07 BA 0C 00 00 35 DD 
00 FF FF 00 10 0D 22 93 00 00 02 00 00 10 07 BB 0C 00 00 32 1E 
00 FF FF 00 10 0D 22 93 00 00 02 00 00 10 07 BC 0C 00 00 27 8E 
00 FF FF 00 10 0D 22 93 00 00 02 00 00 10 07 BD 0C 00 00 1D 56 
00 FF FF 00 10 0D 22 93 00 00 02 00 00 10 07 BE 0C 00 00 1C 76 
00 FF FF 00 10 0D 22 93 00 00 02 00 00 10 07 BF 0C 00 00 24 02 
00 FF FF 00 10 0D 22 93 00 00 02 00 00 10 07 C0 0C 00 00 15 69 
00 FF FF 00 10 0D 22 93 00 00 02 00 00 10 07 C1 0C 00 00 32 A5 
00 FF FF 00 10 0D 22 93 00 00 02 00 00 10 07 C2 0C 00 00 1F B1 
00 FF FF 00 10 0D 22 93 00 00 02 00 00 10 07 C3 0C 00 00 1D 56 
00 FF FF 00 10 0D 22 93 00 00 02 00 00 10 07 C4 0C 00 00 31 5A 
00 FF FF 00 10 0D 22 93 00 00 02 00 00 10 07 C5 0C 00 00 21 46 
00 FF FF 00 10 0D 22 93 00 00 02 00 00 10 07 C6 0C 00 00 15 2D 
00 FF FF 00 10 0D 22 93 00 00 02 00 00 10 07 C7 0C 00 00 1D 6B 
00 FF FF 00 10 0D 22 93 00 00 02 00 00 10 07 C8 0C 00 00 32 3B 
00 FF FF 00 10 0D 22 93 00 00 02 00 00 10 07 C9 0C 00 00 2E D4 
00 FF FF 00 10 0D 22 93 00 00 02 00 00 10 07 CA 0C 00 00 39 4A 
00 FF FF 00 10 0D 22 93 00 00 02 00 00 10 07 CB 0C 00 00 31 21 
00 FF FF 00 10 0D 22 93 00 00 02 00 00 10 07 CC 0C 00 00 31 50 
00 FF FF 00 10 0D 22 93 00 00 02 00 00 10 07 CD 0C 00 00 28 4D 
00 FF FF 00 10 0D 22 93 00 00 02 00 00 10 07 CE 0C 00 00 1C 4E 
00 FF FF 00 10 0D 22 93 00 00 02 00 00 10 07 CF 0C 00 00 1A 8A 
00 FF FF 00 10 0D 22 93 00 00 02 00 00 10 07 D0 0C 00 00 1D 92 
00 FF FF 00 10 0D 22 93 00 00 02 00 00 10 07 D1 0C 00 00 36 7D 
00 FF FF 00 10 0D 22 93 00 00 02 00 00 10 07 D2 0C 00 00 2F 8A 
00 FF FF 00 10 0D 22 93 00 00 02 00 00 10 07 D3 0C 00 00 28 9D 
00 FF FF 00 10 0D 22 93 00 00 02 00 00 10 07 D4 0C 00 00 31 C4 
00 FF FF 00 10 0D 22 93 00 00 02 00 00 10 07 D5 0C 00 00 2E 7A 
00 FF FF 00 10 0D 22 93 00 00 02 00 00 10 07 D6 0C 00 00 20 CA 
00 FF FF 00 10 0D 22 93 00 00 02 00 00 10 07 D7 0C 00 00 19 4A 
00 FF FF 00 10 0D 22 93 00 00 02 00 00 10 07 D8 0C 00 00 1B F2 
00 FF FF 00 10 0D 22 93 00 00 02 00 00 10 07 D9 0C 00 00 25 90 
00 FF FF 00 10 0D 22 93 00 00 02 00 00 10 07 DA 0C 00 00 36 A4 
00 FF FF 00 10 0D 22 93 00 00 02 00 00 10 07 DB 0C 00 00 35 CA 
00 FF FF 00 10 0D 22 93 00 00 02 00 00 10 07 DC 0C 00 00 2D 74 
00 FF FF 00 10 0D 22 93 00 00 02 00 00 10 07 DD 0C 00 00 3C 14 
00 FF FF 00 10 0D 22 93 00 00 02 00 00 10 07 DE 0C 00 00 28 42 
00 FF FF 00 10 0D 22 93 00 00 02 00 00 10 07 DF 0C 00 00 1C B2 
00 FF FF 00 10 0D 22 93 00 00 02 00 00 10 07 E0 0C 00 00 1A 2D 
00 FF FF 00 10 0D 22 93 00 00 02 00 00 10 07 E1 0C 00 00 23 B2 
00 FF FF 00 10 0D 22 93 00 00 02 00 00 10 07 E2 0C 00 00 30 7A 
00 FF FF 00 10 0D 22 93 00 00 02 00 00 10 07 E3 0C 00 00 3A 3D 
00 FF FF 00 10 0D 22 93 00 00 02 00 00 10 07 E4 0C 00 00 32 8A 
00 FF FF 00 10 0D 22 93 00 00 02 00 00 10 07 E5 0C 00 00 34 22 
00 FF FF 00 10 0D 22 93 00 00 02 00 00 10 07 E6 0C 00 00 2E 72 
00 FF FF 00 10 0D 22 93 00 00 02 00 00 10 07 E7 0C 00 00 23 11 
00 FF FF 00 10 0D 22 93 00 00 02 00 00 10 07 E8 0C 00 00 19 1E 
00 FF FF 00 10 0D 22 93 00 00 02 00 00 10 07 E9 0C 00 00 1C CA 
00 FF FF 00 10 0D 22 93 00 00 02 00 00 10 07 EA 0C 00 00 26 F6 
00 FF FF 00 10 0D 22 93 00 00 02 00 00 10 07 EB 0C 00 00 3B 22 
00 FF FF 00 10 0D 22 93 00 00 02 00 00 10 07 EC 0C 00 00 2A C5 
00 FF FF 00 10 0D 22 93 00 00 02 00 00 10 07 ED 0C 00 00 32 8A 
00 FF FF 00 10 0D 22 93 00 00 02 00 00 10 07 EE 0C 00 00 2D 9E 
00 FF FF 00 10 0D 22 93 00 00 02 00 00 10 07 EF 0C 00 00 29 72 
00 FF FF 00 10 0D 22 93 00 00 02 00 00 10 07 F0 0C 00 00 1C C9 
00 FF FF 00 10 0D 22 93 00 00 02 00 00 10 07 F1 0C 00 00 19 76 
00 FF FF 00 10 0D 22 93 00 00 02 00 00 10 07 F2 0C 00 00 1C C6 
00 FF FF 00 10 0D 22 93 00 00 02 00 00 10 07 F3 0C 00 00 30 7A 
00 FF FF 00 10 0D 22 93 00 00 02 00 00 10 07 F4 0C 00 00 30 44 
00 FF FF 00 10 0D 22 93 00 00 02 00 00 10 07 F5 0C 00 00 2F 8A 
00 FF FF 00 10 0D 22 93 00 00 02 00 00 10 07 F6 0C 00 00 37 91 
00 FF FF 00 10 0D 22 93 00 00 02 00 00 10 07 F7 0C 00 00 31 A9 
00 FF FF 00 10 0D 22 93 00 00 02 00 00 10 07 F8 0C 00 00 23 01 
00 FF FF 00 10 0D 22 93 00 00 02 00 00 10 07 F9 0C 00 00 19 09 
00 FF FF 00 10 0D 22 93 00 00 02 00 00 10 07 FA 0C 00 00 1A 26 
00 FF FF 00 10 0D 22 93 00 00 02 00 00 10 07 FB 0C 00 00 21 E8 
00 FF FF 00 10 0D 22 93 00 00 02 00 00 10 07 FC 0C 00 00 34 F4 
00 FF FF 00 10 0D 22 93 00 00 02 00 00 10 07 FD 0C 00 00 2D 74 
00 FF FF 00 10 0D 22 93 00 00 02 00 00 10 07 FE 0C 00 00 35 DD 
00 FF FF 00 10 0D 22 93 00 00 02 00 00 10 07 FF 0C 00 00 39 36 
00 FF FF 00 10 0D 22 93 00 00 02 00 00 10 08 00 0C 00 00 2A 16 
00 FF FF 00 10 0D 22 93 00 00 02 00 00 10 08 01 0C 00 00 1D C2 
00 FF FF 00 10 0D 22 93 00 00 02 00 00 10 08 02 0C 00 00 19 12 
00 FF FF 00 10 0D 22 93 00 00 02 00 00 10 08 03 0C 00 00 20 D6 
00 FF FF 00 10 0D 22 93 00 00 02 00 00 10 08 04 0C 00 00 31 5A 
00 FF FF 00 10 0D 22 93 00 00 02 00 00 10 08 05 0C 00 00 34 F4 
00 FF FF 00 10 0D 22 93 00 00 02 00 00 10 08 06 0C 00 00 2E D4 
00 FF FF 00 10 0D 22 93 00 00 02 00 00 10 08 07 0C 00 00 27 BE 
00 FF FF 00 10 0D 22 93 00 00 02 00 00 10 08 08 0C 00 00 2F F1 
00 FF FF 00 10 0D 22 93 00 00 02 00 00 10 08 09 0C 00 00 22 BB 
00 FF FF 00 10 0D 22 93 00 00 02 00 00 10 08 0A 0C 00 00 1C 92 
00 FF FF 00 10 0D 22 93 00 00 02 00 00 10 08 0B 0C 00 00 1B 63 
00 FF FF 00 10 0D 22 93 00 00 02 00 00 10 08 0C 0C 00 00 20 ED 
00 FF FF 00 10 0D 22 93 00 00 02 00 00 10 08 0D 0C 00 00 39 55 
00 FF FF 00 10 0D 22 93 00 00 02 00 00 10 08 0E 0C 00 00 2D 74 
00 FF FF 00 10 0D 22 93 00 00 02 00 00 10 08 0F 0C 00 00 3A 34 
00 FF FF 00 10 0D 22 93 00 00 02 00 00 10 08 10 0C 00 00 38 64 
00 FF FF 00 10 0D 22 93 00 00 02 00 00 10 08 11 0C 00 00 28 32 
00 FF FF 00 10 0D 22 93 00 00 02 00 00 10 08 12 0C 00 00 1E A3 
00 FF FF 00 10 0D 22 93 00 00 02 00 00 10 08 13 0C 00 00 1B 16 
00 FF FF 00 10 0D 22 93 00 00 02 00 00 10 08 14 0C 00 00 1F 23 
00 FF FF 00 10 0D 22 93 00 00 02 00 00 10 08 15 0C 00 00 2B F9 
00 FF FF 00 10 0D 22 93 00 00 02 00 00 10 08 16 0C 00 00 3A 34 
00 FF FF 00 10 0D 22 93 00 00 02 00 00 10 08 17 0C 00 00 38 59 
00 FF FF 00 10 0D 22 93 00 00 02 00 00 10 08 18 0C 00 00 33 54 
00 FF FF 00 10 0D 22 93 00 00 02 00 00 10 08 19 0C 00 00 2E 30 
00 FF FF 00 10 0D 22 93 00 00 02 00 00 10 08 1A 0C 00 00 21 FA 
00 FF FF 00 10 0D 22 93 00 00 02 00 00 10 08 1B 0C 00 00 18 D2 
00 FF FF 00 10 0D 22 93 00 00 02 00 00 10 08 1C 0C 00 00 18 4D 
00 FF FF 00 10 0D 22 93 00 00 02 00 00 10 08 1D 0C 00 00 21 5A 
00 FF FF 00 10 0D 22 93 00 00 02 00 00 10 08 1E 0C 00 00 39 4A 
00 FF FF 00 10 0D 22 93 00 00 02 00 00 10 08 1F 0C 00 00 31 C4 
00 FF FF 00 10 0D 22 93 00 00 02 00 00 10 08 20 0C 00 00 34 F4 
00 FF FF 00 10 0D 22 93 00 00 02 00 00 10 08 21 0C 00 00 33 FA 
00 FF FF 00 10 0D 22 93 00 00 02 00 00 10 08 22 0C 00 00 2E D4 
00 FF FF 00 10 0D 22 93 00 00 02 00 00 10 08 23 0C 00 00 21 F2 
00 FF FF 00 10 0D 22 93 00 00 02 00 00 10 08 24 0C 00 00 19 F8 
00 FF FF 00 10 0D 22 93 00 00 02 00 00 10 08 25 0C 00 00 20 0E 
00 FF FF 00 10 0D 22 93 00 00 02 00 00 10 08 26 0C 00 00 2E 12 
00 FF FF 00 10 0D 22 93 00 00 02 00 00 10 08 27 0C 00 00 2E 22 
00 FF FF 00 10 0D 22 93 00 00 02 00 00 10 08 28 0C 00 00 34 F4 
00 FF FF 00 10 0D 22 93 00 00 02 00 00 10 08 29 0C 00 00 3B 22 
00 FF FF 00 10 0D 22 93 00 00 02 00 00 10 08 2A 0C 00 00 35 96 
00 FF FF 00 10 0D 22 93 00 00 02 00 00 10 08 2B 0C 00 00 15 27 
00 FF FF 00 10 0D 22 93 00 00 02 00 00 10 08 2C 0C 00 00 1B A2 
00 FF FF 00 10 0D 22 93 00 00 02 00 00 10 08 2D 0C 00 00 18 90 
00 FF FF 00 10 0D 22 93 00 00 02 00 00 10 08 2E 0C 00 00 26 82 
00 FF FF 00 10 0D 22 93 00 00 02 00 00 10 08 2F 0C 00 00 31 C4 
00 FF FF 00 10 0D 22 93 00 00 02 00 00 10 08 30 0C 00 00 3A 34 
00 FF FF 00 10 0D 22 93 00 00 02 00 00 10 08 31 0C 00 00 1A 5B 
00 FF FF 00 10 0D 22 93 00 00 02 00 00 10 08 32 0C 00 00 3A 34 
00 FF FF 00 10 0D 22 93 00 00 02 00 00 10 08 33 0C 00 00 2C 1A 
00 FF FF 00 10 0D 22 93 00 00 02 00 00 10 08 34 0C 00 00 12 A9 
00 FF FF 00 10 0D 22 93 00 00 02 00 00 10 08 35 0C 00 00 19 C8 
00 FF FF 00 10 0D 22 93 00 00 02 00 00 10 08 36 0C 00 00 1A C6 
00 FF FF 00 10 0D 22 93 00 00 02 00 00 10 08 37 0C 00 00 27 45 
00 FF FF 00 10 0D 22 93 00 00 02 00 00 10 08 38 0C 00 00 34 F4 
00 FF FF 00 10 0D 22 93 00 00 02 00 00 10 08 39 0C 00 00 38 64 
00 FF FF 00 10 0D 22 93 00 00 02 00 00 10 08 3A 0C 00 00 39 4A 
00 FF FF 00 10 0D 22 93 00 00 02 00 00 10 08 3B 0C 00 00 18 72 
00 FF FF 00 10 0D 22 93 00 00 02 00 00 10 08 3C 0C 00 00 23 AE 
00 FF FF 00 10 0D 22 93 00 00 02 00 00 10 08 3D 0C 00 00 19 8A 
00 FF FF 00 10 0D 22 93 00 00 02 00 00 10 08 3E 0C 00 00 17 DB 
00 FF FF 00 10 0D 22 93 00 00 02 00 00 10 08 3F 0C 00 00 25 65 
00 FF FF 00 10 0D 22 93 00 00 02 00 00 10 08 40 0C 00 00 31 E1 
00 FF FF 00 10 0D 22 93 00 00 02 00 00 10 08 41 0C 00 00 3A 34 
00 FF FF 00 10 0D 22 93 00 00 02 00 00 10 08 42 0C 00 00 32 8A 
00 FF FF 00 10 0D 22 93 00 00 02 00 00 10 08 43 0C 00 00 19 1D 
00 FF FF 00 10 0D 22 93 00 00 02 00 00 10 08 45 0C 00 00 39 4A 
00 FF FF 00 10 0D 22 93 00 00 02 00 00 10 08 46 0C 00 00 1F E8 
00 FF FF 00 10 0D 22 93 00 00 02 00 00 10 08 47 0C 00 00 35 DD 
00 FF FF 00 10 0D 22 93 00 00 02 00 00 10 08 48 0C 00 00 2B 08 
00 FF FF 00 10 0D 22 93 00 00 02 00 00 10 08 49 0C 00 00 3C 14 
00 FF FF 00 10 0D 22 93 00 00 02 00 00 10 08 4A 0C 00 00 35 CA 
00 FF FF 00 10 0D 22 93 00 00 02 00 00 10 08 4B 0C 00 00 33 54 
00 FF FF 00 10 0D 22 93 00 00 02 00 00 10 08 4C 0C 00 00 2E 22 
00 FF FF 00 10 0D 22 93 00 00 02 00 00 10 08 4D 0C 00 00 25 22 
00 FF FF 00 10 0D 22 93 00 00 02 00 00 10 08 4E 0C 00 00 30 8B 
00 FF FF 00 10 0D 22 93 00 00 02 00 00 10 08 4F 0C 00 00 1B 41 
00 FF FF 00 10 0D 22 93 00 00 02 00 00 10 08 50 0C 00 00 24 11 
00 FF FF 00 10 0D 22 93 00 00 02 00 00 10 08 51 0C 00 00 31 02 
00 FF FF 00 10 0D 22 93 00 00 02 00 00 10 08 52 0C 00 00 35 DD 
00 FF FF 00 10 0D 22 93 00 00 02 00 00 10 08 53 0C 00 00 39 4A 
00 FF FF 00 10 0D 22 93 00 00 02 00 00 10 08 54 0C 00 00 31 C4 
00 FF FF 00 10 0D 22 93 00 00 02 00 00 10 08 55 0C 00 00 2D 62 
00 FF FF 00 10 0D 22 93 00 00 02 00 00 10 08 56 0C 00 00 1D B8 
00 FF FF 00 10 0D 22 93 00 00 02 00 00 10 08 57 0C 00 00 1C 32 
00 FF FF 00 10 0D 22 93 00 00 02 00 00 10 08 58 0C 00 00 1B 6A 
00 FF FF 00 10 0D 22 93 00 00 02 00 00 10 08 59 0C 00 00 24 78 
00 FF FF 00 10 0D 22 93 00 00 02 00 00 10 08 5A 0C 00 00 31 C4 
00 FF FF 00 10 0D 22 93 00 00 02 00 00 10 08 5B 0C 00 00 37 91 
00 FF FF 00 10 0D 22 93 00 00 02 00 00 10 08 5C 0C 00 00 3A 34 
00 FF FF 00 10 0D 22 93 00 00 02 00 00 10 08 5D 0C 00 00 38 59 
00 FF FF 00 10 0D 22 93 00 00 02 00 00 10 08 5E 0C 00 00 25 EA 
00 FF FF 00 10 0D 22 93 00 00 02 00 00 10 08 5F 0C 00 00 1B DA 
00 FF FF 00 10 0D 22 93 00 00 02 00 00 10 08 60 0C 00 00 18 86 
00 FF FF 00 10 0D 22 93 00 00 02 00 00 10 08 61 0C 00 00 17 84 
00 FF FF 00 10 0D 22 93 00 00 02 00 00 10 08 62 0C 00 00 34 F4 
00 FF FF 00 10 0D 22 93 00 00 02 00 00 10 08 63 0C 00 00 38 64 
00 FF FF 00 10 0D 22 93 00 00 02 00 00 10 08 64 0C 00 00 3B 22 
00 FF FF 00 10 0D 22 93 00 00 02 00 00 10 08 65 0C 00 00 30 44 
00 FF FF 00 10 0D 22 93 00 00 02 00 00 10 08 66 0C 00 00 29 79 
00 FF FF 00 10 0D 22 93 00 00 02 00 00 10 08 67 0C 00 00 1E F8 
00 FF FF 00 10 0D 22 93 00 00 02 00 00 10 08 68 0C 00 00 1B C2 
00 FF FF 00 10 0D 22 93 00 00 02 00 00 10 08 69 0C 00 00 1B 55 
00 FF FF 00 10 0D 22 93 00 00 02 00 00 10 08 6A 0C 00 00 27 D6 
00 FF FF 00 10 0D 22 93 00 00 02 00 00 10 08 6B 0C 00 00 35 CA 
00 FF FF 00 10 0D 22 93 00 00 02 00 00 10 08 6C 0C 00 00 3C 14 
00 FF FF 00 10 0D 22 93 00 00 02 00 00 10 08 6D 0C 00 00 30 44 
00 FF FF 00 10 0D 22 93 00 00 02 00 00 10 08 6E 0C 00 00 2F C6 
00 FF FF 00 10 0D 22 93 00 00 02 00 00 10 08 70 0C 00 00 1A 5E 
00 FF FF 00 10 0D 22 93 00 00 02 00 00 10 08 71 0C 00 00 17 98 
00 FF FF 00 10 0D 22 93 00 00 02 00 00 10 08 72 0C 00 00 28 5E 
00 FF FF 00 10 0D 22 93 00 00 02 00 00 10 08 73 0C 00 00 34 F4 
00 FF FF 00 10 0D 22 93 00 00 02 00 00 10 08 74 0C 00 00 2D 74 
00 FF FF 00 10 0D 22 93 00 00 02 00 00 10 08 75 0C 00 00 31 C4 
00 FF FF 00 10 0D 22 93 00 00 02 00 00 10 08 76 0C 00 00 30 44 
00 FF FF 00 10 0D 22 93 00 00 02 00 00 10 08 77 0C 00 00 2C ED 
00 FF FF 00 10 0D 22 93 00 00 02 00 00 10 08 78 0C 00 00 1F 4A 
00 FF FF 00 10 0D 22 93 00 00 02 00 00 10 08 79 0C 00 00 18 52 
00 FF FF 00 10 0D 22 93 00 00 02 00 00 10 08 7A 0C 00 00 21 F8 
00 FF FF 00 10 0D 22 93 00 00 02 00 00 10 08 7B 0C 00 00 2B D2 
