00 FF FF 00 13 0D 22 93 00 00 01 00 00 13 03 C1 0D 00 00 0F 51 
00 FF FF 00 13 0D 22 93 00 00 01 00 00 13 03 C2 0D 00 00 0E B5 
00 FF FF 00 13 0D 22 93 00 00 01 00 00 13 03 C3 0D 00 00 0C E8 
00 FF FF 00 13 0D 22 93 00 00 01 00 00 13 03 C4 0D 00 00 0E EE 
00 FF FF 00 13 0D 22 93 00 00 01 00 00 13 03 C5 0D 00 00 0A A7 
00 FF FF 00 13 0D 22 93 00 00 01 00 00 13 03 C6 0D 00 00 0E 2F 
00 FF FF 00 13 0D 22 93 00 00 01 00 00 13 03 C7 0D 00 00 0C 2E 
00 FF FF 00 13 0D 22 93 00 00 01 00 00 13 03 C8 0D 00 00 0B 80 
00 FF FF 00 13 0D 22 93 00 00 01 00 00 13 03 C9 0D 00 00 0C 01 
00 FF FF 00 13 0D 22 93 00 00 01 00 00 13 03 CA 0D 00 00 13 AC 
00 FF FF 00 13 0D 22 93 00 00 01 00 00 13 03 CB 0D 00 00 0F FD 
00 FF FF 00 13 0D 22 93 00 00 01 00 00 13 03 CC 0D 00 00 27 10 
00 FF FF 00 13 0D 22 93 00 00 01 00 00 13 03 CD 0D 00 00 08 19 
00 FF FF 00 13 0D 22 93 00 00 01 00 00 13 03 CE 0D 00 00 0E 03 
00 FF FF 00 13 0D 22 93 00 00 01 00 00 13 03 CF 0D 00 00 0E 64 
00 FF FF 00 13 0D 22 93 00 00 01 00 00 13 03 D0 0D 00 00 17 5D 
00 FF FF 00 13 0D 22 93 00 00 01 00 00 13 03 D1 0D 00 00 11 8B 
00 FF FF 00 13 0D 22 93 00 00 01 00 00 13 03 D2 0D 00 00 11 DB 
00 FF FF 00 13 0D 22 93 00 00 01 00 00 13 03 D3 0D 00 00 11 06 
00 FF FF 00 13 0D 22 93 00 00 01 00 00 13 03 D4 0D 00 00 08 19 
00 FF FF 00 13 0D 22 93 00 00 01 00 00 13 03 D5 0D 00 00 1C 92 
00 FF FF 00 13 0D 22 93 00 00 01 00 00 13 03 D6 0D 00 00 08 D2 
00 FF FF 00 13 0D 22 93 00 00 01 00 00 13 03 D7 0D 00 00 0B BB 
00 FF FF 00 13 0D 22 93 00 00 01 00 00 13 03 D8 0D 00 00 0F BB 
00 FF FF 00 13 0D 22 93 00 00 01 00 00 13 03 D9 0D 00 00 21 F6 
00 FF FF 00 13 0D 22 93 00 00 01 00 00 13 03 DA 0D 00 00 08 76 
00 FF FF 00 13 0D 22 93 00 00 01 00 00 13 03 DB 0D 00 00 2B BA 
00 FF FF 00 13 0D 22 93 00 00 01 00 00 13 03 DC 0D 00 00 09 19 
00 FF FF 00 13 0D 22 93 00 00 01 00 00 13 03 DD 0D 00 00 24 FE 
00 FF FF 00 13 0D 22 93 00 00 01 00 00 13 03 DE 0D 00 00 0B 1F 
00 FF FF 00 13 0D 22 93 00 00 01 00 00 13 03 DF 0D 00 00 0E 8A 
00 FF FF 00 13 0D 22 93 00 00 01 00 00 13 03 E0 0D 00 00 09 0C 
00 FF FF 00 13 0D 22 93 00 00 01 00 00 13 03 E1 0D 00 00 12 EF 
00 FF FF 00 13 0D 22 93 00 00 01 00 00 13 03 E2 0D 00 00 08 74 
00 FF FF 00 13 0D 22 93 00 00 01 00 00 13 03 E3 0D 00 00 26 C9 
00 FF FF 00 13 0D 22 93 00 00 01 00 00 13 03 E4 0D 00 00 11 26 
00 FF FF 00 13 0D 22 93 00 00 01 00 00 13 03 E5 0D 00 00 15 B6 
00 FF FF 00 13 0D 22 93 00 00 01 00 00 13 03 E6 0D 00 00 0F A7 
00 FF FF 00 13 0D 22 93 00 00 01 00 00 13 03 E7 0D 00 00 39 41 
00 FF FF 00 13 0D 22 93 00 00 01 00 00 13 03 E8 0D 00 00 0B 27 
00 FF FF 00 13 0D 22 93 00 00 01 00 00 13 03 E9 0D 00 00 1C C1 
00 FF FF 00 13 0D 22 93 00 00 01 00 00 13 03 EA 0D 00 00 08 17 
00 FF FF 00 13 0D 22 93 00 00 01 00 00 13 03 EB 0D 00 00 0E ED 
00 FF FF 00 13 0D 22 93 00 00 01 00 00 13 03 EC 0D 00 00 08 D0 
00 FF FF 00 13 0D 22 93 00 00 01 00 00 13 03 ED 0D 00 00 0A B4 
00 FF FF 00 13 0D 22 93 00 00 01 00 00 13 03 EE 0D 00 00 18 3C 
00 FF FF 00 13 0D 22 93 00 00 01 00 00 13 03 EF 0D 00 00 1E 6A 
00 FF FF 00 13 0D 22 93 00 00 01 00 00 13 03 F0 0D 00 00 09 B6 
00 FF FF 00 13 0D 22 93 00 00 01 00 00 13 03 F1 0D 00 00 0C 74 
00 FF FF 00 13 0D 22 93 00 00 01 00 00 13 03 F2 0D 00 00 07 F5 
00 FF FF 00 13 0D 22 93 00 00 01 00 00 13 03 F3 0D 00 00 15 A4 
00 FF FF 00 13 0D 22 93 00 00 01 00 00 13 03 F5 0D 00 00 0C 46 
00 FF FF 00 13 0D 22 93 00 00 01 00 00 13 03 F6 0D 00 00 0F 33 
00 FF FF 00 13 0D 22 93 00 00 01 00 00 13 03 F7 0D 00 00 0B 5A 
00 FF FF 00 13 0D 22 93 00 00 01 00 00 13 03 F8 0D 00 00 08 BA 
00 FF FF 00 13 0D 22 93 00 00 01 00 00 13 03 F9 0D 00 00 09 99 
00 FF FF 00 13 0D 22 93 00 00 01 00 00 13 03 FA 0D 00 00 08 09 
00 FF FF 00 13 0D 22 93 00 00 01 00 00 13 03 FB 0D 00 00 11 49 
00 FF FF 00 13 0D 22 93 00 00 01 00 00 13 03 FC 0D 00 00 15 C8 
00 FF FF 00 13 0D 22 93 00 00 01 00 00 13 03 FD 0D 00 00 08 A6 
00 FF FF 00 13 0D 22 93 00 00 01 00 00 13 03 FE 0D 00 00 0B B0 
00 FF FF 00 13 0D 22 93 00 00 01 00 00 13 03 FF 0D 00 00 13 C1 
00 FF FF 00 13 0D 22 93 00 00 01 00 00 13 04 00 0D 00 00 0A DB 
00 FF FF 00 13 0D 22 93 00 00 01 00 00 13 04 01 0D 00 00 21 AE 
00 FF FF 00 13 0D 22 93 00 00 01 00 00 13 04 02 0D 00 00 09 1B 
00 FF FF 00 13 0D 22 93 00 00 01 00 00 13 04 03 0D 00 00 32 F6 
00 FF FF 00 13 0D 22 93 00 00 01 00 00 13 04 04 0D 00 00 14 55 
00 FF FF 00 13 0D 22 93 00 00 01 00 00 13 04 05 0D 00 00 16 8C 
00 FF FF 00 13 0D 22 93 00 00 01 00 00 13 04 06 0D 00 00 13 85 
00 FF FF 00 13 0D 22 93 00 00 01 00 00 13 04 07 0D 00 00 09 F0 
00 FF FF 00 13 0D 22 93 00 00 01 00 00 13 04 08 0D 00 00 16 40 
00 FF FF 00 13 0D 22 93 00 00 01 00 00 13 04 09 0D 00 00 18 82 
00 FF FF 00 13 0D 22 93 00 00 01 00 00 13 04 0A 0D 00 00 0C 31 
00 FF FF 00 13 0D 22 93 00 00 01 00 00 13 04 0B 0D 00 00 0B 9B 
00 FF FF 00 13 0D 22 93 00 00 01 00 00 13 04 0D 0D 00 00 0A E3 
00 FF FF 00 13 0D 22 93 00 00 01 00 00 13 04 0E 0D 00 00 1D F5 
00 FF FF 00 13 0D 22 93 00 00 01 00 00 13 04 0F 0D 00 00 08 D5 
00 FF FF 00 13 0D 22 93 00 00 01 00 00 13 04 10 0D 00 00 08 A5 
00 FF FF 00 13 0D 22 93 00 00 01 00 00 13 04 12 0D 00 00 0B 0F 
00 FF FF 00 13 0D 22 93 00 00 01 00 00 13 04 13 0D 00 00 0B 41 
00 FF FF 00 13 0D 22 93 00 00 01 00 00 13 04 15 0D 00 00 0B 4A 
00 FF FF 00 13 0D 22 93 00 00 01 00 00 13 04 16 0D 00 00 15 6C 
00 FF FF 00 13 0D 22 93 00 00 01 00 00 13 04 17 0D 00 00 0F F7 
00 FF FF 00 13 0D 22 93 00 00 01 00 00 13 04 18 0D 00 00 0F 78 
00 FF FF 00 13 0D 22 93 00 00 01 00 00 13 04 19 0D 00 00 14 03 
00 FF FF 00 13 0D 22 93 00 00 01 00 00 13 04 1A 0D 00 00 0E E9 
00 FF FF 00 13 0D 22 93 00 00 01 00 00 13 04 1B 0D 00 00 0B C6 
00 FF FF 00 13 0D 22 93 00 00 01 00 00 13 04 1C 0D 00 00 21 D4 
00 FF FF 00 13 0D 22 93 00 00 01 00 00 13 04 1D 0D 00 00 0B 9B 
00 FF FF 00 13 0D 22 93 00 00 01 00 00 13 04 1E 0D 00 00 23 0E 
00 FF FF 00 13 0D 22 93 00 00 01 00 00 13 04 20 0D 00 00 18 DF 
00 FF FF 00 13 0D 22 93 00 00 01 00 00 13 04 21 0D 00 00 0C E6 
00 FF FF 00 13 0D 22 93 00 00 01 00 00 13 04 22 0D 00 00 17 D6 
00 FF FF 00 13 0D 22 93 00 00 01 00 00 13 04 23 0D 00 00 0B 2B 
00 FF FF 00 13 0D 22 93 00 00 01 00 00 13 04 24 0D 00 00 0E F9 
00 FF FF 00 13 0D 22 93 00 00 01 00 00 13 04 25 0D 00 00 0C F5 
00 FF FF 00 13 0D 22 93 00 00 01 00 00 13 04 26 0D 00 00 11 FE 
00 FF FF 00 13 0D 22 93 00 00 01 00 00 13 04 27 0D 00 00 0B 21 
00 FF FF 00 13 0D 22 93 00 00 01 00 00 13 04 28 0D 00 00 0C 8B 
00 FF FF 00 13 0D 22 93 00 00 01 00 00 13 04 29 0D 00 00 0B E8 
00 FF FF 00 13 0D 22 93 00 00 01 00 00 13 04 2A 0D 00 00 07 F3 
00 FF FF 00 13 0D 22 93 00 00 01 00 00 13 04 2B 0D 00 00 0D 00 
00 FF FF 00 13 0D 22 93 00 00 01 00 00 13 04 2C 0D 00 00 0D E5 
00 FF FF 00 13 0D 22 93 00 00 01 00 00 13 04 2D 0D 00 00 0E A9 
00 FF FF 00 13 0D 22 93 00 00 01 00 00 13 04 2E 0D 00 00 11 66 
00 FF FF 00 13 0D 22 93 00 00 01 00 00 13 04 2F 0D 00 00 0A 8F 
00 FF FF 00 13 0D 22 93 00 00 01 00 00 13 04 30 0D 00 00 0D 4A 
00 FF FF 00 13 0D 22 93 00 00 01 00 00 13 04 31 0D 00 00 0D 21 
00 FF FF 00 13 0D 22 93 00 00 01 00 00 13 04 32 0D 00 00 18 74 
00 FF FF 00 13 0D 22 93 00 00 01 00 00 13 04 34 0D 00 00 0B 76 
00 FF FF 00 13 0D 22 93 00 00 01 00 00 13 04 35 0D 00 00 1F 43 
00 FF FF 00 13 0D 22 93 00 00 01 00 00 13 04 36 0D 00 00 0A 41 
00 FF FF 00 13 0D 22 93 00 00 01 00 00 13 04 37 0D 00 00 0A 14 
00 FF FF 00 13 0D 22 93 00 00 01 00 00 13 04 38 0D 00 00 11 0C 
00 FF FF 00 13 0D 22 93 00 00 01 00 00 13 04 39 0D 00 00 08 54 
00 FF FF 00 13 0D 22 93 00 00 01 00 00 13 04 3A 0D 00 00 0C 57 
00 FF FF 00 13 0D 22 93 00 00 01 00 00 13 04 3B 0D 00 00 09 33 
00 FF FF 00 13 0D 22 93 00 00 01 00 00 13 04 3C 0D 00 00 15 54 
00 FF FF 00 13 0D 22 93 00 00 01 00 00 13 04 3D 0D 00 00 09 65 
00 FF FF 00 13 0D 22 93 00 00 01 00 00 13 04 3E 0D 00 00 0C AB 
00 FF FF 00 13 0D 22 93 00 00 01 00 00 13 04 3F 0D 00 00 12 82 
00 FF FF 00 13 0D 22 93 00 00 01 00 00 13 04 40 0D 00 00 09 83 
00 FF FF 00 13 0D 22 93 00 00 01 00 00 13 04 41 0D 00 00 08 CB 
00 FF FF 00 13 0D 22 93 00 00 01 00 00 13 04 43 0D 00 00 0C AE 
00 FF FF 00 13 0D 22 93 00 00 01 00 00 13 04 44 0D 00 00 27 23 
00 FF FF 00 13 0D 22 93 00 00 01 00 00 13 04 45 0D 00 00 09 94 
00 FF FF 00 13 0D 22 93 00 00 01 00 00 13 04 46 0D 00 00 1C B6 
00 FF FF 00 13 0D 22 93 00 00 01 00 00 13 04 47 0D 00 00 09 7A 
00 FF FF 00 13 0D 22 93 00 00 01 00 00 13 04 48 0D 00 00 09 3A 
00 FF FF 00 13 0D 22 93 00 00 01 00 00 13 04 49 0D 00 00 0D DB 
00 FF FF 00 13 0D 22 93 00 00 01 00 00 13 04 4A 0D 00 00 0C 91 
00 FF FF 00 13 0D 22 93 00 00 01 00 00 13 04 4B 0D 00 00 0D 37 
00 FF FF 00 13 0D 22 93 00 00 01 00 00 13 04 4C 0D 00 00 0B 8B 
00 FF FF 00 13 0D 22 93 00 00 01 00 00 13 04 4D 0D 00 00 13 CA 
00 FF FF 00 13 0D 22 93 00 00 01 00 00 13 04 4E 0D 00 00 29 9E 
00 FF FF 00 13 0D 22 93 00 00 01 00 00 13 04 4F 0D 00 00 15 BA 
00 FF FF 00 13 0D 22 93 00 00 01 00 00 13 04 50 0D 00 00 09 E5 
00 FF FF 00 13 0D 22 93 00 00 01 00 00 13 04 51 0D 00 00 13 DB 
00 FF FF 00 13 0D 22 93 00 00 01 00 00 13 04 52 0D 00 00 08 9E 
00 FF FF 00 13 0D 22 93 00 00 01 00 00 13 04 53 0D 00 00 15 E6 
00 FF FF 00 13 0D 22 93 00 00 01 00 00 13 04 54 0D 00 00 12 2E 
00 FF FF 00 13 0D 22 93 00 00 01 00 00 13 04 55 0D 00 00 09 52 
00 FF FF 00 13 0D 22 93 00 00 01 00 00 13 04 56 0D 00 00 16 8A 
00 FF FF 00 13 0D 22 93 00 00 01 00 00 13 04 57 0D 00 00 0C F4 
00 FF FF 00 13 0D 22 93 00 00 01 00 00 13 04 58 0D 00 00 22 3A 
00 FF FF 00 13 0D 22 93 00 00 01 00 00 13 04 59 0D 00 00 09 0F 
00 FF FF 00 13 0D 22 93 00 00 01 00 00 13 04 5A 0D 00 00 17 F5 
00 FF FF 00 13 0D 22 93 00 00 01 00 00 13 04 5B 0D 00 00 0B AB 
00 FF FF 00 13 0D 22 93 00 00 01 00 00 13 04 5C 0D 00 00 22 27 
00 FF FF 00 13 0D 22 93 00 00 01 00 00 13 04 5D 0D 00 00 09 CD 
00 FF FF 00 13 0D 22 93 00 00 01 00 00 13 04 5E 0D 00 00 19 5B 
00 FF FF 00 13 0D 22 93 00 00 01 00 00 13 04 5F 0D 00 00 08 82 
00 FF FF 00 13 0D 22 93 00 00 01 00 00 13 04 60 0D 00 00 16 93 
00 FF FF 00 13 0D 22 93 00 00 01 00 00 13 04 61 0D 00 00 0B 06 
00 FF FF 00 13 0D 22 93 00 00 01 00 00 13 04 62 0D 00 00 0D FE 
00 FF FF 00 13 0D 22 93 00 00 01 00 00 13 04 63 0D 00 00 0B 4E 
00 FF FF 00 13 0D 22 93 00 00 01 00 00 13 04 64 0D 00 00 22 6E 
00 FF FF 00 13 0D 22 93 00 00 01 00 00 13 04 65 0D 00 00 13 62 
00 FF FF 00 13 0D 22 93 00 00 01 00 00 13 04 66 0D 00 00 0D D4 
00 FF FF 00 13 0D 22 93 00 00 01 00 00 13 04 67 0D 00 00 08 ED 
00 FF FF 00 13 0D 22 93 00 00 01 00 00 13 04 68 0D 00 00 0E 48 
00 FF FF 00 13 0D 22 93 00 00 01 00 00 13 04 69 0D 00 00 22 66 
00 FF FF 00 13 0D 22 93 00 00 01 00 00 13 04 6A 0D 00 00 0B DD 
00 FF FF 00 13 0D 22 93 00 00 01 00 00 13 04 6B 0D 00 00 18 BC 
00 FF FF 00 13 0D 22 93 00 00 01 00 00 13 04 6D 0D 00 00 14 69 
00 FF FF 00 13 0D 22 93 00 00 01 00 00 13 04 6E 0D 00 00 09 9A 
00 FF FF 00 13 0D 22 93 00 00 01 00 00 13 04 6F 0D 00 00 09 F3 
00 FF FF 00 13 0D 22 93 00 00 01 00 00 13 04 70 0D 00 00 0C AE 
00 FF FF 00 13 0D 22 93 00 00 01 00 00 13 04 71 0D 00 00 0E EA 
00 FF FF 00 13 0D 22 93 00 00 01 00 00 13 04 72 0D 00 00 0A C1 
00 FF FF 00 13 0D 22 93 00 00 01 00 00 13 04 73 0D 00 00 0E 86 
00 FF FF 00 13 0D 22 93 00 00 01 00 00 13 04 74 0D 00 00 07 DD 
00 FF FF 00 13 0D 22 93 00 00 01 00 00 13 04 75 0D 00 00 0B 1B 
00 FF FF 00 13 0D 22 93 00 00 01 00 00 13 04 76 0D 00 00 11 C6 
00 FF FF 00 13 0D 22 93 00 00 01 00 00 13 04 77 0D 00 00 23 85 
00 FF FF 00 13 0D 22 93 00 00 01 00 00 13 04 78 0D 00 00 08 1C 
00 FF FF 00 13 0D 22 93 00 00 01 00 00 13 04 79 0D 00 00 1A AB 
00 FF FF 00 13 0D 22 93 00 00 01 00 00 13 04 7A 0D 00 00 0B 41 
00 FF FF 00 13 0D 22 93 00 00 01 00 00 13 04 7B 0D 00 00 0C 38 
00 FF FF 00 13 0D 22 93 00 00 01 00 00 13 04 7C 0D 00 00 11 6E 
00 FF FF 00 13 0D 22 93 00 00 01 00 00 13 04 7D 0D 00 00 0A 46 
00 FF FF 00 13 0D 22 93 00 00 01 00 00 13 04 7E 0D 00 00 0E 10 
00 FF FF 00 13 0D 22 93 00 00 01 00 00 13 04 7F 0D 00 00 09 F3 
00 FF FF 00 13 0D 22 93 00 00 01 00 00 13 04 80 0D 00 00 0F 47 
00 FF FF 00 13 0D 22 93 00 00 01 00 00 13 04 81 0D 00 00 0F 24 
00 FF FF 00 13 0D 22 93 00 00 01 00 00 13 04 82 0D 00 00 14 35 
00 FF FF 00 13 0D 22 93 00 00 01 00 00 13 04 83 0D 00 00 0E FF 
00 FF FF 00 13 0D 22 93 00 00 01 00 00 13 04 84 0D 00 00 0D 53 
00 FF FF 00 13 0D 22 93 00 00 01 00 00 13 04 85 0D 00 00 18 94 
00 FF FF 00 13 0D 22 93 00 00 01 00 00 13 04 86 0D 00 00 07 EB 
00 FF FF 00 13 0D 22 93 00 00 01 00 00 13 04 87 0D 00 00 0D 73 
00 FF FF 00 13 0D 22 93 00 00 01 00 00 13 04 88 0D 00 00 08 62 
00 FF FF 00 13 0D 22 93 00 00 01 00 00 13 04 89 0D 00 00 1D 87 
00 FF FF 00 13 0D 22 93 00 00 01 00 00 13 04 8A 0D 00 00 0A E7 
00 FF FF 00 13 0D 22 93 00 00 01 00 00 13 04 8B 0D 00 00 0C 34 
00 FF FF 00 13 0D 22 93 00 00 01 00 00 13 04 8C 0D 00 00 0B 32 
00 FF FF 00 13 0D 22 93 00 00 01 00 00 13 04 8D 0D 00 00 0D 3F 
00 FF FF 00 13 0D 22 93 00 00 01 00 00 13 04 8E 0D 00 00 12 FE 
00 FF FF 00 13 0D 22 93 00 00 01 00 00 13 04 8F 0D 00 00 0C 87 
00 FF FF 00 13 0D 22 93 00 00 01 00 00 13 04 90 0D 00 00 0A BE 
00 FF FF 00 13 0D 22 93 00 00 01 00 00 13 04 91 0D 00 00 09 8A 
00 FF FF 00 13 0D 22 93 00 00 01 00 00 13 04 92 0D 00 00 13 27 
00 FF FF 00 13 0D 22 93 00 00 01 00 00 13 04 93 0D 00 00 0C 03 
00 FF FF 00 13 0D 22 93 00 00 01 00 00 13 04 94 0D 00 00 0D 1C 
00 FF FF 00 13 0D 22 93 00 00 01 00 00 13 04 95 0D 00 00 09 EC 
00 FF FF 00 13 0D 22 93 00 00 01 00 00 13 04 96 0D 00 00 0E 08 
00 FF FF 00 13 0D 22 93 00 00 01 00 00 13 04 97 0D 00 00 09 1B 
00 FF FF 00 13 0D 22 93 00 00 01 00 00 13 04 98 0D 00 00 14 C9 
00 FF FF 00 13 0D 22 93 00 00 01 00 00 13 04 99 0D 00 00 0B 3B 
00 FF FF 00 13 0D 22 93 00 00 01 00 00 13 04 9A 0D 00 00 09 A8 
00 FF FF 00 13 0D 22 93 00 00 01 00 00 13 04 9B 0D 00 00 0C 91 
00 FF FF 00 13 0D 22 93 00 00 01 00 00 13 04 9C 0D 00 00 09 75 
00 FF FF 00 13 0D 22 93 00 00 01 00 00 13 04 9D 0D 00 00 09 A2 
00 FF FF 00 13 0D 22 93 00 00 01 00 00 13 04 9E 0D 00 00 0A E7 
00 FF FF 00 13 0D 22 93 00 00 01 00 00 13 04 9F 0D 00 00 07 E0 
00 FF FF 00 13 0D 22 93 00 00 01 00 00 13 04 A0 0D 00 00 08 54 
00 FF FF 00 13 0D 22 93 00 00 01 00 00 13 04 A3 0D 00 00 0A CE 
00 FF FF 00 13 0D 22 93 00 00 01 00 00 13 04 A4 0D 00 00 07 F8 
00 FF FF 00 13 0D 22 93 00 00 01 00 00 13 04 A5 0D 00 00 0A AC 
00 FF FF 00 13 0D 22 93 00 00 01 00 00 13 04 A6 0D 00 00 0B F2 
00 FF FF 00 13 0D 22 93 00 00 01 00 00 13 04 A7 0D 00 00 0D 77 
00 FF FF 00 13 0D 22 93 00 00 01 00 00 13 04 A8 0D 00 00 0B AB 
00 FF FF 00 13 0D 22 93 00 00 01 00 00 13 04 A9 0D 00 00 0E BC 
00 FF FF 00 13 0D 22 93 00 00 01 00 00 13 04 AA 0D 00 00 0C 4E 
00 FF FF 00 13 0D 22 93 00 00 01 00 00 13 04 AB 0D 00 00 09 5E 
00 FF FF 00 13 0D 22 93 00 00 01 00 00 13 04 AC 0D 00 00 08 00 
00 FF FF 00 13 0D 22 93 00 00 01 00 00 13 04 AD 0D 00 00 08 13 
00 FF FF 00 13 0D 22 93 00 00 01 00 00 13 04 AE 0D 00 00 0C 25 
00 FF FF 00 13 0D 22 93 00 00 01 00 00 13 04 AF 0D 00 00 07 FC 
00 FF FF 00 13 0D 22 93 00 00 01 00 00 13 04 B0 0D 00 00 09 AB 
00 FF FF 00 13 0D 22 93 00 00 01 00 00 13 04 B1 0D 00 00 0B 25 
00 FF FF 00 13 0D 22 93 00 00 01 00 00 13 04 B2 0D 00 00 0B 41 
00 FF FF 00 13 0D 22 93 00 00 01 00 00 13 04 B3 0D 00 00 08 6F 
00 FF FF 00 13 0D 22 93 00 00 01 00 00 13 04 B4 0D 00 00 0B 58 
00 FF FF 00 13 0D 22 93 00 00 01 00 00 13 04 B5 0D 00 00 08 78 
00 FF FF 00 13 0D 22 93 00 00 01 00 00 13 04 B6 0D 00 00 08 DC 
00 FF FF 00 13 0D 22 93 00 00 01 00 00 13 04 B7 0D 00 00 09 DE 
00 FF FF 00 13 0D 22 93 00 00 01 00 00 13 04 B8 0D 00 00 08 1F 
00 FF FF 00 13 0D 22 93 00 00 01 00 00 13 04 BA 0D 00 00 09 D6 
00 FF FF 00 13 0D 22 93 00 00 01 00 00 13 04 BB 0D 00 00 08 1D 
00 FF FF 00 13 0D 22 93 00 00 01 00 00 13 04 BC 0D 00 00 07 DF 
00 FF FF 00 13 0D 22 93 00 00 01 00 00 13 04 BD 0D 00 00 0A E3 
00 FF FF 00 13 0D 22 93 00 00 01 00 00 13 04 BE 0D 00 00 08 C1 
00 FF FF 00 13 0D 22 93 00 00 01 00 00 13 04 BF 0D 00 00 14 53 
00 FF FF 00 13 0D 22 93 00 00 01 00 00 13 04 C1 0D 00 00 09 A2 
00 FF FF 00 13 0D 22 93 00 00 01 00 00 13 04 C2 0D 00 00 08 1D 
00 FF FF 00 13 0D 22 93 00 00 01 00 00 13 04 C3 0D 00 00 08 15 
00 FF FF 00 13 0D 22 93 00 00 01 00 00 13 04 C4 0D 00 00 07 D0 
00 FF FF 00 13 0D 22 93 00 00 01 00 00 13 04 C5 0D 00 00 0A BC 
00 FF FF 00 13 0D 22 93 00 00 01 00 00 13 04 C6 0D 00 00 0A A8 
00 FF FF 00 13 0D 22 93 00 00 01 00 00 13 04 C7 0D 00 00 0F 0B 
00 FF FF 00 13 0D 22 93 00 00 01 00 00 13 04 C8 0D 00 00 0E C7 
00 FF FF 00 13 0D 22 93 00 00 01 00 00 13 04 C9 0D 00 00 0C 83 
00 FF FF 00 13 0D 22 93 00 00 01 00 00 13 04 CA 0D 00 00 0F 60 
00 FF FF 00 13 0D 22 93 00 00 01 00 00 13 04 CB 0D 00 00 19 71 
00 FF FF 00 13 0D 22 93 00 00 01 00 00 13 04 CC 0D 00 00 0A A0 
00 FF FF 00 13 0D 22 93 00 00 01 00 00 13 04 CE 0D 00 00 0B 2D 
00 FF FF 00 13 0D 22 93 00 00 01 00 00 13 04 CF 0D 00 00 09 1C 
00 FF FF 00 13 0D 22 93 00 00 01 00 00 13 04 D0 0D 00 00 0C C2 
00 FF FF 00 13 0D 22 93 00 00 01 00 00 13 04 D1 0D 00 00 09 D6 
00 FF FF 00 13 0D 22 93 00 00 01 00 00 13 04 D2 0D 00 00 09 61 
00 FF FF 00 13 0D 22 93 00 00 01 00 00 13 04 D3 0D 00 00 08 0D 
00 FF FF 00 13 0D 22 93 00 00 01 00 00 13 04 D4 0D 00 00 0A 5A 
00 FF FF 00 13 0D 22 93 00 00 01 00 00 13 04 D5 0D 00 00 08 BB 
00 FF FF 00 13 0D 22 93 00 00 01 00 00 13 04 D6 0D 00 00 07 FE 
00 FF FF 00 13 0D 22 93 00 00 01 00 00 13 04 D7 0D 00 00 0D 10 
00 FF FF 00 13 0D 22 93 00 00 01 00 00 13 04 D8 0D 00 00 14 E2 
00 FF FF 00 13 0D 22 93 00 00 01 00 00 13 04 D9 0D 00 00 09 FC 
00 FF FF 00 13 0D 22 93 00 00 01 00 00 13 04 DA 0D 00 00 0F 4D 
00 FF FF 00 13 0D 22 93 00 00 01 00 00 13 04 DB 0D 00 00 0A BC 
00 FF FF 00 13 0D 22 93 00 00 01 00 00 13 04 DC 0D 00 00 10 7C 
00 FF FF 00 13 0D 22 93 00 00 01 00 00 13 04 DD 0D 00 00 0A 1B 
00 FF FF 00 13 0D 22 93 00 00 01 00 00 13 04 DE 0D 00 00 09 50 
00 FF FF 00 13 0D 22 93 00 00 01 00 00 13 04 DF 0D 00 00 0A 60 
00 FF FF 00 13 0D 22 93 00 00 01 00 00 13 04 E0 0D 00 00 07 D0 
00 FF FF 00 13 0D 22 93 00 00 01 00 00 13 04 E1 0D 00 00 0C FC 
00 FF FF 00 13 0D 22 93 00 00 01 00 00 13 04 E2 0D 00 00 10 53 
00 FF FF 00 13 0D 22 93 00 00 01 00 00 13 04 E3 0D 00 00 08 7A 
00 FF FF 00 13 0D 22 93 00 00 01 00 00 13 04 E4 0D 00 00 09 D7 
00 FF FF 00 13 0D 22 93 00 00 01 00 00 13 04 E5 0D 00 00 08 20 
00 FF FF 00 13 0D 22 93 00 00 01 00 00 13 04 E6 0D 00 00 0A 6B 
00 FF FF 00 13 0D 22 93 00 00 01 00 00 13 04 E8 0D 00 00 08 66 
00 FF FF 00 13 0D 22 93 00 00 01 00 00 13 04 E9 0D 00 00 0A 3E 
00 FF FF 00 13 0D 22 93 00 00 01 00 00 13 04 EA 0D 00 00 0D FB 
00 FF FF 00 13 0D 22 93 00 00 01 00 00 13 04 EB 0D 00 00 0A 41 
00 FF FF 00 13 0D 22 93 00 00 01 00 00 13 04 EC 0D 00 00 07 E0 
00 FF FF 00 13 0D 22 93 00 00 01 00 00 13 04 ED 0D 00 00 0F FD 
00 FF FF 00 13 0D 22 93 00 00 01 00 00 13 04 EE 0D 00 00 0C 09 
00 FF FF 00 13 0D 22 93 00 00 01 00 00 13 04 EF 0D 00 00 0B EC 
00 FF FF 00 13 0D 22 93 00 00 01 00 00 13 04 F0 0D 00 00 09 FD 
00 FF FF 00 13 0D 22 93 00 00 01 00 00 13 04 F1 0D 00 00 0F D5 
00 FF FF 00 13 0D 22 93 00 00 01 00 00 13 04 F2 0D 00 00 0B 21 
00 FF FF 00 13 0D 22 93 00 00 01 00 00 13 04 F3 0D 00 00 09 76 
00 FF FF 00 13 0D 22 93 00 00 01 00 00 13 04 F5 0D 00 00 08 9C 
00 FF FF 00 13 0D 22 93 00 00 01 00 00 13 04 F6 0D 00 00 0B 76 
00 FF FF 00 13 0D 22 93 00 00 01 00 00 13 04 F7 0D 00 00 07 FF 
00 FF FF 00 13 0D 22 93 00 00 01 00 00 13 04 F8 0D 00 00 08 43 
00 FF FF 00 13 0D 22 93 00 00 01 00 00 13 04 F9 0D 00 00 07 E9 
00 FF FF 00 13 0D 22 93 00 00 01 00 00 13 04 FA 0D 00 00 08 FB 
00 FF FF 00 13 0D 22 93 00 00 01 00 00 13 04 FB 0D 00 00 08 B0 
00 FF FF 00 13 0D 22 93 00 00 01 00 00 13 04 FC 0D 00 00 09 36 
00 FF FF 00 13 0D 22 93 00 00 01 00 00 13 04 FD 0D 00 00 08 97 
00 FF FF 00 13 0D 22 93 00 00 01 00 00 13 04 FE 0D 00 00 07 FB 
00 FF FF 00 13 0D 22 93 00 00 01 00 00 13 04 FF 0D 00 00 08 34 
00 FF FF 00 13 0D 22 93 00 00 01 00 00 13 05 00 0D 00 00 0A B6 
00 FF FF 00 13 0D 22 93 00 00 01 00 00 13 05 01 0D 00 00 0A 4E 
00 FF FF 00 13 0D 22 93 00 00 01 00 00 13 05 02 0D 00 00 08 2A 
00 FF FF 00 13 0D 22 93 00 00 01 00 00 13 05 03 0D 00 00 09 5E 
00 FF FF 00 13 0D 22 93 00 00 01 00 00 13 05 05 0D 00 00 08 3E 
00 FF FF 00 13 0D 22 93 00 00 01 00 00 13 05 06 0D 00 00 08 33 
00 FF FF 00 13 0D 22 93 00 00 01 00 00 13 05 07 0D 00 00 09 06 
00 FF FF 00 13 0D 22 93 00 00 01 00 00 13 05 08 0D 00 00 0C 7B 
00 FF FF 00 13 0D 22 93 00 00 01 00 00 13 05 09 0D 00 00 09 11 
00 FF FF 00 13 0D 22 93 00 00 01 00 00 13 05 0A 0D 00 00 08 7B 
00 FF FF 00 13 0D 22 93 00 00 01 00 00 13 05 0B 0D 00 00 09 00 
00 FF FF 00 13 0D 22 93 00 00 01 00 00 13 05 0C 0D 00 00 09 0E 
00 FF FF 00 13 0D 22 93 00 00 01 00 00 13 05 0D 0D 00 00 09 40 
00 FF FF 00 13 0D 22 93 00 00 01 00 00 13 05 0E 0D 00 00 08 F1 
00 FF FF 00 13 0D 22 93 00 00 01 00 00 13 05 0F 0D 00 00 09 3B 
00 FF FF 00 13 0D 22 93 00 00 01 00 00 13 05 10 0D 00 00 0B 21 
00 FF FF 00 13 0D 22 93 00 00 01 00 00 13 05 11 0D 00 00 09 97 
00 FF FF 00 13 0D 22 93 00 00 01 00 00 13 05 12 0D 00 00 08 27 
00 FF FF 00 13 0D 22 93 00 00 01 00 00 13 05 13 0D 00 00 0B 94 
00 FF FF 00 13 0D 22 93 00 00 01 00 00 13 05 14 0D 00 00 0C 4B 
00 FF FF 00 13 0D 22 93 00 00 01 00 00 13 05 15 0D 00 00 0C FD 
00 FF FF 00 13 0D 22 93 00 00 01 00 00 13 05 16 0D 00 00 09 85 
00 FF FF 00 13 0D 22 93 00 00 01 00 00 13 05 17 0D 00 00 10 21 
00 FF FF 00 13 0D 22 93 00 00 01 00 00 13 05 18 0D 00 00 08 33 
00 FF FF 00 13 0D 22 93 00 00 01 00 00 13 05 19 0D 00 00 09 BE 
00 FF FF 00 13 0D 22 93 00 00 01 00 00 13 05 1A 0D 00 00 09 C2 
00 FF FF 00 13 0D 22 93 00 00 01 00 00 13 05 1B 0D 00 00 08 F2 
00 FF FF 00 13 0D 22 93 00 00 01 00 00 13 05 1C 0D 00 00 08 E7 
00 FF FF 00 13 0D 22 93 00 00 01 00 00 13 05 1D 0D 00 00 08 25 
00 FF FF 00 13 0D 22 93 00 00 01 00 00 13 05 1E 0D 00 00 08 E8 
00 FF FF 00 13 0D 22 93 00 00 01 00 00 13 05 1F 0D 00 00 0F C8 
00 FF FF 00 13 0D 22 93 00 00 01 00 00 13 05 20 0D 00 00 13 27 
00 FF FF 00 13 0D 22 93 00 00 01 00 00 13 05 21 0D 00 00 0C 96 
00 FF FF 00 13 0D 22 93 00 00 01 00 00 13 05 22 0D 00 00 10 14 
00 FF FF 00 13 0D 22 93 00 00 01 00 00 13 05 23 0D 00 00 0A B3 
00 FF FF 00 13 0D 22 93 00 00 01 00 00 13 05 24 0D 00 00 08 53 
00 FF FF 00 13 0D 22 93 00 00 01 00 00 13 05 25 0D 00 00 08 57 
00 FF FF 00 13 0D 22 93 00 00 01 00 00 13 05 26 0D 00 00 0B 7A 
00 FF FF 00 13 0D 22 93 00 00 01 00 00 13 05 27 0D 00 00 09 96 
00 FF FF 00 13 0D 22 93 00 00 01 00 00 13 05 28 0D 00 00 0A 54 
00 FF FF 00 13 0D 22 93 00 00 01 00 00 13 05 29 0D 00 00 08 74 
00 FF FF 00 13 0D 22 93 00 00 01 00 00 13 05 2A 0D 00 00 08 67 
00 FF FF 00 13 0D 22 93 00 00 01 00 00 13 05 2B 0D 00 00 08 C6 
00 FF FF 00 13 0D 22 93 00 00 01 00 00 13 05 2C 0D 00 00 09 0C 
00 FF FF 00 13 0D 22 93 00 00 01 00 00 13 05 2D 0D 00 00 0A 56 
00 FF FF 00 13 0D 22 93 00 00 01 00 00 13 05 2E 0D 00 00 0D 31 
00 FF FF 00 13 0D 22 93 00 00 01 00 00 13 05 2F 0D 00 00 08 36 
00 FF FF 00 13 0D 22 93 00 00 01 00 00 13 05 30 0D 00 00 08 D6 
00 FF FF 00 13 0D 22 93 00 00 01 00 00 13 05 31 0D 00 00 09 11 
00 FF FF 00 13 0D 22 93 00 00 01 00 00 13 05 32 0D 00 00 09 D4 
00 FF FF 00 13 0D 22 93 00 00 01 00 00 13 05 33 0D 00 00 0C 22 
00 FF FF 00 13 0D 22 93 00 00 01 00 00 13 05 34 0D 00 00 12 EF 
00 FF FF 00 13 0D 22 93 00 00 01 00 00 13 05 36 0D 00 00 0E 8E 
00 FF FF 00 13 0D 22 93 00 00 01 00 00 13 05 37 0D 00 00 07 D6 
00 FF FF 00 13 0D 22 93 00 00 01 00 00 13 05 38 0D 00 00 08 15 
00 FF FF 00 13 0D 22 93 00 00 01 00 00 13 05 39 0D 00 00 0D 6B 
00 FF FF 00 13 0D 22 93 00 00 01 00 00 13 05 3A 0D 00 00 0F 42 
00 FF FF 00 13 0D 22 93 00 00 01 00 00 13 05 3B 0D 00 00 0B 67 
00 FF FF 00 13 0D 22 93 00 00 01 00 00 13 05 3C 0D 00 00 18 67 
00 FF FF 00 13 0D 22 93 00 00 01 00 00 13 05 3D 0D 00 00 08 96 
00 FF FF 00 13 0D 22 93 00 00 01 00 00 13 05 3E 0D 00 00 0C 88 
00 FF FF 00 13 0D 22 93 00 00 01 00 00 13 05 3F 0D 00 00 08 7C 
00 FF FF 00 13 0D 22 93 00 00 01 00 00 13 05 40 0D 00 00 11 B3 
00 FF FF 00 13 0D 22 93 00 00 01 00 00 13 05 41 0D 00 00 09 47 
00 FF FF 00 13 0D 22 93 00 00 01 00 00 13 05 42 0D 00 00 08 1B 
00 FF FF 00 13 0D 22 93 00 00 01 00 00 13 05 43 0D 00 00 08 1D 
00 FF FF 00 13 0D 22 93 00 00 01 00 00 13 05 44 0D 00 00 07 DD 
00 FF FF 00 13 0D 22 93 00 00 01 00 00 13 05 45 0D 00 00 0F C4 
00 FF FF 00 13 0D 22 93 00 00 01 00 00 13 05 46 0D 00 00 0C CE 
00 FF FF 00 13 0D 22 93 00 00 01 00 00 13 05 47 0D 00 00 08 E7 
00 FF FF 00 13 0D 22 93 00 00 01 00 00 13 05 48 0D 00 00 0A C1 
00 FF FF 00 13 0D 22 93 00 00 01 00 00 13 05 49 0D 00 00 0C 3A 
00 FF FF 00 13 0D 22 93 00 00 01 00 00 13 05 4A 0D 00 00 0B 6E 
00 FF FF 00 13 0D 22 93 00 00 01 00 00 13 05 4B 0D 00 00 08 FE 
00 FF FF 00 13 0D 22 93 00 00 01 00 00 13 05 4C 0D 00 00 09 D4 
00 FF FF 00 13 0D 22 93 00 00 01 00 00 13 05 4D 0D 00 00 0A AD 
00 FF FF 00 13 0D 22 93 00 00 01 00 00 13 05 4E 0D 00 00 0D 56 
00 FF FF 00 13 0D 22 93 00 00 01 00 00 13 05 4F 0D 00 00 09 05 
00 FF FF 00 13 0D 22 93 00 00 01 00 00 13 05 50 0D 00 00 09 C0 
00 FF FF 00 13 0D 22 93 00 00 01 00 00 13 05 51 0D 00 00 08 9C 
00 FF FF 00 13 0D 22 93 00 00 01 00 00 13 05 52 0D 00 00 09 3A 
00 FF FF 00 13 0D 22 93 00 00 01 00 00 13 05 53 0D 00 00 09 78 
00 FF FF 00 13 0D 22 93 00 00 01 00 00 13 05 54 0D 00 00 07 E7 
00 FF FF 00 13 0D 22 93 00 00 01 00 00 13 05 55 0D 00 00 0D EC 
00 FF FF 00 13 0D 22 93 00 00 01 00 00 13 05 56 0D 00 00 09 4C 
00 FF FF 00 13 0D 22 93 00 00 01 00 00 13 05 57 0D 00 00 09 9E 
00 FF FF 00 13 0D 22 93 00 00 01 00 00 13 05 58 0D 00 00 0A CE 
00 FF FF 00 13 0D 22 93 00 00 01 00 00 13 05 59 0D 00 00 0C 99 
00 FF FF 00 13 0D 22 93 00 00 01 00 00 13 05 5A 0D 00 00 09 B7 
00 FF FF 00 13 0D 22 93 00 00 01 00 00 13 05 5B 0D 00 00 0A 19 
00 FF FF 00 13 0D 22 93 00 00 01 00 00 13 05 5C 0D 00 00 0C D2 
00 FF FF 00 13 0D 22 93 00 00 01 00 00 13 05 5D 0D 00 00 09 63 
00 FF FF 00 13 0D 22 93 00 00 01 00 00 13 05 5E 0D 00 00 08 16 
00 FF FF 00 13 0D 22 93 00 00 01 00 00 13 05 5F 0D 00 00 10 05 
00 FF FF 00 13 0D 22 93 00 00 01 00 00 13 05 60 0D 00 00 08 26 
00 FF FF 00 13 0D 22 93 00 00 01 00 00 13 05 61 0D 00 00 07 E1 
00 FF FF 00 13 0D 22 93 00 00 01 00 00 13 05 62 0D 00 00 08 AC 
00 FF FF 00 13 0D 22 93 00 00 01 00 00 13 05 63 0D 00 00 0A E1 
00 FF FF 00 13 0D 22 93 00 00 01 00 00 13 05 64 0D 00 00 0A FD 
00 FF FF 00 13 0D 22 93 00 00 01 00 00 13 05 65 0D 00 00 08 3A 
00 FF FF 00 13 0D 22 93 00 00 01 00 00 13 05 66 0D 00 00 08 68 
00 FF FF 00 13 0D 22 93 00 00 01 00 00 13 05 67 0D 00 00 0A 95 
00 FF FF 00 13 0D 22 93 00 00 01 00 00 13 05 68 0D 00 00 09 89 
00 FF FF 00 13 0D 22 93 00 00 01 00 00 13 05 69 0D 00 00 0A 30 
00 FF FF 00 13 0D 22 93 00 00 01 00 00 13 05 6A 0D 00 00 08 83 
