0 -69 -69
1 -92 -92
2 -65 -77
3 -85 -89
4 -81 -82
5 -76 -84
6 -91 -92
7 -92 -92
8 -86 -89
9 -92 -92
10 -58 -58
11 -57 -59
12 -44 -44
13 -43 -58
14 -62 -63
15 -62 -63
16 -69 -70
17 -69 -71
18 -76 -76
19 -68 -70
20 -52 -53
21 -72 -72
22 -91 -91
23 -77 -85
24 -92 -93
25 -75 -84
26 -92 -92
27 -89 -91
28 -85 -88
29 -92 -92
30 -66 -66
31 -79 -79
32 -81 -83
33 -89 -91
34 -92 -93
35 -93 -93
36 -93 -93
37 -68 -69
38 -88 -89
39 -85 -87
40 -86 -88
41 -82 -83
42 -88 -88
43 -88 -88
44 -69 -80
45 -89 -89
46 -92 -93
47 -91 -91
48 -56 -59
49 -60 -65
50 -65 -72
51 -62 -66
52 -64 -71
53 -69 -75
54 -73 -83
55 -43 -63
56 -53 -53
57 -58 -60
58 -58 -62
59 -52 -53
60 -76 -77
61 -89 -91
62 -76 -77
63 -92 -92
64 -89 -91
65 -90 -91
66 -92 -92
67 -72 -81
68 -78 -79
69 -81 -87
70 -78 -83
71 -92 -92
72 -78 -86
73 -93 -93
74 -76 -76
75 -77 -78
76 -68 -68
77 -66 -66
78 -68 -72
79 -76 -77
80 -76 -76
81 -83 -83
82 -77 -78
83 -76 -76
84 -76 -76
85 -76 -82
86 -72 -72
87 -42 -49
88 -46 -46
89 -50 -52
90 -56 -58
91 -56 -58
92 -57 -57
93 -56 -56
94 -52 -52
95 -72 -73
96 -90 -90
97 -76 -85
98 -92 -92
99 -72 -72
100 -92 -93
101 -89 -91
102 -86 -89
103 -78 -86
104 -72 -79
105 -64 -65
106 -64 -64
107 -65 -65
108 -65 -65
109 -72 -77
110 -82 -82
111 -69 -69
112 -72 -83
113 -88 -89
114 -66 -79
115 -89 -89
116 -92 -92
117 -79 -84
118 -76 -77
119 -83 -86
500 -77 -85
501 -93 -93
502 -73 -81
503 -91 -92
504 -68 -73
505 -69 -69
506 -70 -73
507 -70 -77
508 -43 -43
509 -43 -59
510 -44 -54
511 -41 -42
512 -59 -60
513 -54 -55
514 -55 -55
515 -54 -61
516 -43 -43
517 -43 -63
518 -53 -53
519 -56 -64
520 -68 -68
521 -59 -70
522 -60 -64
523 -62 -67
524 -53 -53
525 -69 -70
526 -69 -70
527 -66 -75
528 -53 -62
529 -54 -54
530 -70 -70
531 -71 -71
532 -64 -65
533 -42 -58
534 -93 -93
535 -92 -93
536 -78 -85
537 -88 -90
538 -92 -92
539 -53 -66
540 -70 -70
541 -67 -74
542 -80 -84
543 -84 -88
544 -70 -70
545 -80 -87
546 -77 -85
547 -78 -85
548 -79 -86
549 -71 -72
550 -79 -81
551 -83 -83
552 -82 -83
553 -93 -93
554 -92 -92
555 -92 -92
556 -68 -71
557 -92 -92
558 -92 -93
559 -70 -80
560 -86 -88
561 -83 -83
562 -90 -91
563 -90 -91
564 -89 -89
565 -92 -93
566 -57 -57
567 -56 -56
568 -69 -70
569 -43 -68
570 -92 -93
571 -93 -93
572 -92 -92
573 -93 -93
574 -84 -88
575 -65 -66
576 -52 -70
577 -70 -70
578 -91 -91
579 -91 -92
580 -92 -93
581 -70 -71
582 -92 -92
583 -89 -89
584 -70 -70
585 -92 -93
586 -69 -78
587 -68 -74
588 -77 -77
589 -89 -89
590 -49 -55
591 -49 -49
592 -49 -49
593 -49 -50
594 -49 -61
595 -67 -68
596 -64 -64
597 -84 -88
598 -83 -87
599 -78 -85
600 -89 -91
601 -89 -89
602 -85 -89
603 -57 -57
604 -53 -56
605 -68 -69
606 -43 -43
607 -92 -92
608 -92 -93
609 -90 -91
610 -92 -92
611 -78 -86
612 -60 -60
613 -53 -70
614 -64 -75
615 -80 -86
616 -92 -93
617 -91 -92
618 -74 -74
619 -88 -90
620 -74 -76
621 -83 -88
